 2460669.5   3.595249121482  -0.035740293647   3.548964279369  -0.208518718519 63.370 0.015780942146 0.004298547676  7.4972 19.8477
 2460670.5   3.802558678407  -0.051513564226   3.743875454908  -0.295396796220 63.144 0.015837478514 0.004313946344  8.2106 20.5876
 2460671.5   4.012655215369  -0.065182451652   3.951152635096  -0.371955081699 62.757 0.015935268517 0.004340581131  8.9804 21.3899
 2460672.5   4.226613458637  -0.076084783937   4.173581076285  -0.433997186199 62.246 0.016066076430 0.004376208853  9.8163 22.2589
 2460673.5   4.445159237370  -0.083569266125   4.411709519857  -0.476784844485 61.656 0.016219856632 0.004418093373 10.7159 23.1844
 2460674.5   4.668617639234  -0.087048220482   4.662811242216  -0.495734451290 61.032 0.016385492105 0.004463206760 11.6608 99.0000
 2460675.5   4.896903504754  -0.086074298066   4.920792658952  -0.487561937919 60.419 0.016551831513 0.004508511759 12.6191  0.1406
 2460676.5   5.129570906020  -0.080426696816   5.177844700407  -0.451390351998 59.851 0.016708912233 0.004551294912 13.5571  1.0925
 2460677.5   5.365924124782  -0.070184567608   5.427244646189  -0.389138939363 59.353 0.016849096782 0.004589476067 14.4520  2.0107
 2460678.5   5.605170478319  -0.055765134709   5.665511414841  -0.304974518129 58.938 0.016967768158 0.004621797753 15.2985  2.8810
 2460679.5   5.846575265501  -0.037914196179   5.892819629593  -0.204292619143 58.608 0.017063306050 0.004647818691 16.1056  3.7060
 2460680.5   6.089573428344  -0.017652742048   6.112143136768  -0.092855507842 58.359 0.017136297788 0.004667698877 16.8917  4.4999
 2460681.5   0.050619955101   0.003803962195   0.044936602110   0.023620224565 58.182 0.017188220490 0.004681840640 17.6796  5.2839
 2460682.5   0.295882625446   0.025136522841   0.262982268088   0.139467633746 58.075 0.017220027863 0.004690503750 18.4934  6.0818
 2460683.5   0.542014768635   0.045010573181   0.488575646775   0.248845969025 58.037 0.017231110873 0.004693522336 19.3550  6.9171
 2460684.5   0.788750412759   0.062165342471   0.726429158082   0.345516634773 58.078 0.017218988086 0.004690220554 20.2789  7.8088
 2460685.5   1.035588734654   0.075506613051   0.979185648288   0.422901939781 58.211 0.017179870708 0.004679566479 21.2639  8.7647
 2460686.5   1.281726189715   0.084203322548   1.245731887373   0.474741075807 58.448 0.017109985467 0.004660532400 22.2866  9.7729
 2460687.5   1.526083956402   0.087774080320   1.520136324473   0.496442603055 58.801 0.017007275144 0.004632557979 23.3051 10.7994
 2460688.5   1.767434959731   0.086139104843   1.792825473356   0.486597780579 59.269 0.016872920438 0.004595964753 99.0000 11.7987
 2460689.5   2.004598648390   0.079615008158   2.054174136971   0.447573202337 59.839 0.016712148101 0.004552176246  0.2759 12.7340
 2460690.5   2.236646112865   0.068847181798   2.298069625601   0.384615735947 60.484 0.016534047622 0.004503668059  1.1718 13.5893
 2460691.5   2.463057764372   0.054697953509   2.523041096681   0.304134625486 61.163 0.016350501895 0.004453676643  1.9877 14.3685
 2460692.5   2.683800473214   0.038123578567   2.731177510470   0.212247763875 61.828 0.016174638814 0.004405777581  2.7340 15.0865
 2460693.5   2.899323662609   0.020071685706   2.926471571264   0.114077531318 62.427 0.016019282976 0.004363463881  3.4288 15.7633
 2460694.5   3.110496812495   0.001417084858   3.113625232609   0.013668609828 62.913 0.015895744045 0.004329815967  4.0927 16.4195
 2460695.5   3.318516877409  -0.017062115134   3.297460210247  -0.085762741772 63.242 0.015813050979 0.004307293079  4.7462 17.0753
 2460696.5   3.524807598079  -0.034676935134   3.482709957852  -0.181454030639 63.384 0.015777557422 0.004297625786  5.4094 17.7506
 2460697.5   3.730921434055  -0.050801499010   3.673940548652  -0.270698258745 63.323 0.015792758047 0.004301765944  6.1015 18.4641
 2460698.5   3.938444898709  -0.064841406073   3.875388751010  -0.350474727351 63.058 0.015859158983 0.004319851395  6.8403 19.2318
 2460699.5   4.148902213270  -0.076207942653   4.090530015001  -0.417172507866 62.604 0.015974105256 0.004351158973  7.6398 20.0644
 2460700.5   4.363651209357  -0.084308611675   4.321252563818  -0.466528752810 61.993 0.016131559615 0.004394044267  8.5054 20.9612
 2460701.5   4.583769600355  -0.088563846148   4.566766264788  -0.493964074145 61.270 0.016321936355 0.004445896380  9.4294 21.9063
 2460702.5   4.809939129545  -0.088457667103   4.822887614420  -0.495436605509 60.491 0.016532203776 0.004503165861 10.3881 22.8700
 2460703.5   5.042347861607  -0.083623553447   5.082680665243  -0.468627576433 59.717 0.016746537161 0.004561542578 11.3483 23.8191
 2460704.5   5.280641795194  -0.073953966905   5.338725408026  -0.413873465526 59.008 0.016947755072 0.004616346934 12.2801 99.0000
 2460705.5   5.523956941699  -0.059705189243   5.585768723558  -0.334282156563 58.416 0.017119532249 0.004663132581 13.1680  0.7299
 2460706.5   5.771044699739  -0.041557530311   5.822100859725  -0.235049332124 57.977 0.017248975085 0.004698387860 14.0126  1.5951
 2460707.5   6.020469763616  -0.020596659502   6.049295201265  -0.122491490708 57.710 0.017328770222 0.004720120968 14.8271  2.4225
 2460708.5   6.270827746616   0.001791324139   6.271134975583  -0.003272309199 57.613 0.017358078426 0.004728103382 15.6315  3.2292
 2460709.5   0.237734722740   0.024083460668   0.209345924309   0.116010723086 57.667 0.017341789393 0.004723666884 16.4484  4.0370
 2460710.5   0.486657410370   0.044793830239   0.435472858308   0.228934929646 57.845 0.017288453603 0.004709140284 17.2991  4.8683
 2460711.5   0.733796847952   0.062615299163   0.670930245269   0.329210983549 58.116 0.017207718497 0.004687151151 18.1994  5.7425
 2460712.5   0.978755827968   0.076510608846   0.918649311916   0.410712560479 58.455 0.017108143051 0.004660030595 19.1533  6.6701
 2460713.5   1.221250036038   0.085757709645   1.178520323870   0.467840347386 58.840 0.016995935345 0.004629469442 20.1464  7.6466
 2460714.5   1.461013639900   0.089964515832   1.446379923586   0.496373763474 59.263 0.016874731016 0.004596457888 21.1468  8.6482
 2460715.5   1.697741990008   0.089065299493   1.714561418960   0.494563258724 59.718 0.016746214117 0.004561454592 22.1159  9.6375
 2460716.5   1.931084017029   0.083302334364   1.974482283772   0.463759044092 60.203 0.016611225197 0.004524688480 23.0240 10.5788
 2460717.5   2.160681134666   0.073190119449   2.219795234309   0.408010541634 60.716 0.016470967727 0.004486487325 23.8596 11.4509
 2460718.5   2.386237081737   0.059459653593   2.447992459414   0.332867151487 61.247 0.016327975238 0.004447541163 99.0000 12.2511
 2460719.5   2.607596890543   0.042985905833   2.660014379373   0.244131908338 61.782 0.016186618332 0.004409040394  0.6270 12.9893
 2460720.5   2.824814685694   0.024708584343   2.858951525454   0.147078803732 62.296 0.016053088299 0.004372671321  1.3401 13.6818
 2460721.5   3.038197182767   0.005559906022   3.048881306946   0.046175157375 62.758 0.015934945172 0.004340493063  2.0167 14.3471
 2460722.5   3.248318857360  -0.013588715557   3.234181572554  -0.054866520619 63.132 0.015840410304 0.004314744868  2.6756 15.0042
 2460723.5   3.456011850613  -0.031954995613   3.419227515627  -0.152872680929 63.384 0.015777591330 0.004297635022  3.3354 15.6714
 2460724.5   3.662336774619  -0.048849865838   3.608270927970  -0.244925822224 63.480 0.015753766299 0.004291145854  4.0142 16.3661
 2460725.5   3.868539951489  -0.063663291378   3.805316258312  -0.328067548607 63.395 0.015774765146 0.004296865261  4.7290 17.1045
 2460726.5   4.075999532908  -0.075840584432   4.013832478400  -0.399036745226 63.116 0.015844410800 0.004315834473  5.4941 17.8987
 2460727.5   4.286159152018  -0.084859036317   4.236177390291  -0.454123900692 62.644 0.015963943753 0.004348391317  6.3187 18.7535
 2460728.5   4.500444662616  -0.090215158830   4.472749050086  -0.489270629347 61.994 0.016131363402 0.004393990825  7.2021 19.6621
 2460729.5   4.720158773262  -0.091433278457   4.721208286782  -0.500545937950 61.200 0.016340684208 0.004451002646  8.1308 20.6044
 2460730.5   4.946351614235  -0.088105911674   4.976485933877  -0.484989265401 60.312 0.016581232024 0.004516519412  9.0795 21.5523
 2460731.5   5.179674225393  -0.079972706363   5.232127761801  -0.441526857891 59.395 0.016837289164 0.004586260106 10.0198 22.4797
 2460732.5   5.420236579094  -0.067034046705   5.482528217422  -0.371504237889 58.521 0.017088577347 0.004654701638 10.9308 23.3727
 2460733.5   5.667507699476  -0.049675749714   5.724734102979  -0.278603880032 57.766 0.017312095880 0.004715579525 11.8058 99.0000
 2460734.5   5.920302782855  -0.028758179479   5.958929350208  -0.168327401926 57.193 0.017485499660 0.004762807922 12.6514  0.2315
 2460735.5   6.176889078035  -0.005613195577   6.187828766479  -0.047373145848 56.849 0.017591435414 0.004791660607 13.4836  1.0680
 2460736.5   0.152020730354   0.018085008223   0.132498525738   0.076900245273 56.752 0.017621397197 0.004799820995 14.3227  1.9010
 2460737.5   0.409964902797   0.040554131422   0.364126720682   0.196894457886 56.894 0.017577432968 0.004787846900 15.1896  2.7515
 2460738.5   0.665663198361   0.060167479652   0.603945325240   0.305115992549 57.241 0.017470885020 0.004758827472 16.1000  3.6387
 2460739.5   0.917665739850   0.075659200278   0.854809675771   0.394535565678 57.744 0.017318800430 0.004717405584 17.0592  4.5739
 2460740.5   1.165025727553   0.086221094068   1.116656747220   0.459116147590 58.347 0.017139628055 0.004668605915 18.0553  5.5542
 2460741.5   1.407275162724   0.091496549030   1.385552172913   0.494610308368 59.001 0.016949735871 0.004616886430 19.0591  6.5586
 2460742.5   1.644332065465   0.091512047151   1.654234430235   0.499419740741 59.663 0.016761488816 0.004565614864 20.0337  7.5522
 2460743.5   1.876381047975   0.086589697676   1.914555762766   0.474959048341 60.306 0.016582832598 0.004516955351 20.9499  8.5003
 2460744.5   2.103760778543   0.077268011404   2.160446072276   0.425123733761 60.912 0.016417921828 0.004472039483 21.7947  9.3813
 2460745.5   2.326878237054   0.064239575324   2.389452208718   0.355137225507 61.472 0.016268279924 0.004431282218 22.5711 10.1909
 2460746.5   2.546157142528   0.048302539921   2.602411609890   0.270443063370 61.983 0.016134092039 0.004394734014 23.2917 10.9374
 2460747.5   2.762019100353   0.030319189559   2.802243326950   0.176051631516 62.443 0.016015367407 0.004362397411 23.9733 11.6363
 2460748.5   2.974890860881   0.011176756215   2.992832622781   0.076333235786 62.845 0.015912813839 0.004334465217 99.0000 12.3051
 2460749.5   3.185228894880  -0.008250267367   3.178351084587  -0.024924743623 63.180 0.015828348323 0.004311459578  0.6338 12.9617
 2460750.5   3.393552259131  -0.027133500376   3.362940619300  -0.124350002243 63.433 0.015765236324 0.004294269918  1.2909 13.6235
 2460751.5   3.600475669655  -0.044715486766   3.550580410912  -0.218785695954 63.584 0.015727908652 0.004284103065  1.9615 14.3068
 2460752.5   3.806736590250  -0.060322707710   3.744971075650  -0.305092944001 63.610 0.015721538186 0.004282367955  2.6613 15.0266
 2460753.5   4.013211623666  -0.073366255770   3.949300935087  -0.379982919630 63.489 0.015751460420 0.004290517807  3.4039 15.7944
 2460754.5   4.220918791691  -0.083332892411   4.165799060889  -0.439928635431 63.204 0.015822493792 0.004309864994  4.1984 16.6160
 2460755.5   4.431002435055  -0.089772140860   4.395084400931  -0.481239130315 62.745 0.015938172163 0.004341371988  5.0464 17.4882
 2460756.5   4.644696708066  -0.092287346503   4.635549354194  -0.500381147804 62.115 0.016099863930 0.004385411432  5.9391 18.3966
 2460757.5   4.863262354688  -0.090540284378   4.883281889313  -0.494548095190 61.331 0.016305745156 0.004441486457  6.8575 19.3188
 2460758.5   5.087890722257  -0.084279642642   5.132977313677  -0.462303042747 60.427 0.016549646685 0.004507916690  7.7778 20.2319
 2460759.5   5.319570846674  -0.073402165251   5.379654973365  -0.404010511493 59.456 0.016819937261 0.004581534084  8.6798 21.1206
 2460760.5   5.558922615514  -0.058048380910   5.620286209537  -0.321896598898 58.486 0.017098845497 0.004657498294  9.5543 21.9817
 2460761.5   5.806013879692  -0.038719059308   5.854524306842  -0.219846374422 57.597 0.017362894255 0.004729415026 10.4042 22.8236
 2460762.5   6.060201060602  -0.016373898908   6.084481818400  -0.103165336525 56.869 0.017585201474 0.004789962731 11.2424 23.6629
 2460763.5   0.036867731178   0.007548433202   0.030825549695   0.021589714270 56.373 0.017739948792 0.004832109658 12.0879 99.0000
 2460764.5   0.300234763268   0.031245689104   0.264667632411   0.146781745722 56.157 0.017808180598 0.004850693216 12.9620  0.5201
 2460765.5   0.564491036224   0.052809014834   0.507494069360   0.264010720262 56.237 0.017782805988 0.004843782211 13.8832  1.4159
 2460766.5   0.826912931008   0.070547697552   0.762634213228   0.364700653053 56.595 0.017670413104 0.004813170955 14.8601  2.3648
 2460767.5   1.085088690495   0.083258351412   1.030435440450   0.441040492072 57.182 0.017488942191 0.004763745531 15.8830  3.3673
 2460768.5   1.337235622125   0.090343849349   1.306885780000   0.487257503488 57.932 0.017262464314 0.004702061806 16.9217  4.4030
 2460769.5   1.582345366870   0.091771912416   1.583907321876   0.500868916221 58.773 0.017015515760 0.004634802414 17.9337  5.4336
 2460770.5   1.820154266010   0.087934869623   1.852098569151   0.483170321788 59.637 0.016768961740 0.004567650217 18.8835  6.4180
 2460771.5   2.050994683864   0.079488624804   2.104365930209   0.438470902011 60.469 0.016538047168 0.004504757393 19.7542  7.3290
 2460772.5   2.275599452220   0.067222555586   2.337858749602   0.372527318346 61.231 0.016332252214 0.004448706063 20.5480  8.1601
 2460773.5   2.494915411623   0.051976653695   2.553543574282   0.291132323882 61.898 0.016156208489 0.004400757786 21.2786  8.9201
 2460774.5   2.709955623420   0.034598820815   2.754697905377   0.199382807562 62.460 0.016011038153 0.004361218267 21.9642  9.6258
 2460775.5   2.921698748439   0.015926749689   2.945573697835   0.101547828722 62.913 0.015895725314 0.004329810865 22.6240 10.2961
 2460776.5   3.131032558314  -0.003220186977   3.130623087377   0.001246398697 63.260 0.015808329577 0.004306007123 23.2766 10.9501
 2460777.5   3.338734125030  -0.022048732866   3.314164140751  -0.098284377026 63.507 0.015746962430 0.004289292700 23.9393 11.6057
 2460778.5   3.545478610988  -0.039803449384   3.500258116684  -0.193935256202 63.654 0.015710492538 0.004279359475 99.0000 12.2795
 2460779.5   3.751868869790  -0.055782069728   3.692610474092  -0.282522428108 63.701 0.015698962866 0.004276219163  0.6279 12.9863
 2460780.5   3.958478239980  -0.069351527010   3.894357903029  -0.360656937330 63.641 0.015713715150 0.004280237211  1.3560 13.7379
 2460781.5   4.165898796291  -0.079961021626   4.107653787968  -0.424720638917 63.466 0.015757233068 0.004292090090  2.1328 14.5404
 2460782.5   4.374787169855  -0.087149785393   4.333069836989  -0.471006400480 63.163 0.015832729377 0.004312652834  2.9604 15.3912
 2460783.5   4.585900005985  -0.090549878908   4.569043497175  -0.496072780649 62.724 0.015943505837 0.004342824705  3.8312 16.2776
 2460784.5   4.800111319304  -0.089887586362   4.811833452461  -0.497278520381 62.145 0.016092105246 0.004383298228  4.7277 17.1786
 2460785.5   5.018403949583  -0.084989899571   5.056383314699  -0.473313500834 61.431 0.016279261458 0.004434273211  5.6275 18.0720
 2460786.5   5.241826882526  -0.075804413796   5.297919030905  -0.424471569798 60.599 0.016502658916 0.004495118886  6.5106 18.9422
 2460787.5   5.471409812976  -0.062440628548   5.533476183348  -0.352559444382 59.684 0.016755574000 0.004564003884  7.3668 19.7848
 2460788.5   5.708027715579  -0.045236335398   5.762624759814  -0.260601357127 58.738 0.017025625311 0.004637555876  8.1975 20.6065
 2460789.5   5.952215053943  -0.024841814213   5.987331350074  -0.152613042545 57.826 0.017294118267 0.004710683120  9.0142 21.4229
 2460790.5   6.203946259766  -0.002295553386   6.211373186781  -0.033601282230 57.026 0.017536740220 0.004776763818  9.8354 22.2548
 2460791.5   0.179243275409   0.020956813643   0.156470848683   0.090255887630 56.416 0.017726377099 0.004828413281 10.6839 23.1255
 2460792.5   0.442801707235   0.043156388310   0.394272957307   0.211445216331 56.062 0.017838204439 0.004858870478 11.5821 99.0000
 2460793.5   0.708947958785   0.062462941117   0.646142768555   0.321248734936 56.007 0.017855873815 0.004863682888 12.5466  0.0556
 2460794.5   0.974682905535   0.077276848083   0.914149993808   0.410469516481 56.258 0.017776316657 0.004842014782 13.5779  1.0549
 2460795.5   1.236980608934   0.086531511657   1.195766322930   0.470947209097 56.786 0.017610744306 0.004796919575 14.6510  2.1119
 2460796.5   1.493299243819   0.089834894369   1.482934587278   0.497603873921 57.536 0.017381295751 0.004734426875 15.7186  3.1889
 2460797.5   1.741943272645   0.087420739840   1.764286609592   0.489970078845 58.431 0.017115110156 0.004661928170 16.7308  4.2341
 2460798.5   1.982183560309   0.079968652686   2.029845006995   0.451971612565 59.390 0.016838512079 0.004586593183 17.6576  5.2057
 2460799.5   2.214159369019   0.068392948145   2.274556795454   0.390047473106 60.341 0.016573142292 0.004514316057 18.4942  6.0866
 2460800.5   2.438656465924   0.053674937720   2.498490140399   0.311005980334 61.223 0.016334399433 0.004449290891 19.2534  6.8823
 2460801.5   2.656857337888   0.036764513290   2.704984375621   0.220753106522 61.993 0.016131593053 0.004394053375 19.9553  7.6101
 2460802.5   2.870123558500   0.018541472637   2.898768805917   0.123979661534 62.624 0.015968987709 0.004349765123 20.6217  8.2916
 2460803.5   3.079832638124  -0.000186134478   3.084844360562   0.024384499057 63.106 0.015847122919 0.004316573165 21.2734  8.9482
 2460804.5   3.287268702928  -0.018668126273   3.268015072796  -0.074932436114 63.438 0.015764082224 0.004293955579 21.9295  9.5997
 2460805.5   3.493557727514  -0.036197838954   3.452746786812  -0.171087241892 63.630 0.015716591945 0.004281020758 22.6075 10.2647
 2460806.5   3.699637948260  -0.052105757847   3.643095381223  -0.261103624176 63.693 0.015700931165 0.004276755264 23.3225 10.9596
 2460807.5   3.906258874622  -0.065764241162   3.842528749790  -0.341707104190 63.642 0.015713659574 0.004280222074 99.0000 11.6976
 2460808.5   4.114004589973  -0.076602409312   4.053528561448  -0.409261040007 63.486 0.015752157175 0.004290707581  0.0857 12.4870
 2460809.5   4.323337598112  -0.084127504566   4.276962577694  -0.459908823840 63.234 0.015814949091 0.004307810063  0.9012 13.3271
 2460810.5   4.534657719393  -0.087947787556   4.511441372028  -0.489979928931 62.889 0.015901777603 0.004331459310  1.7630 14.2062
 2460811.5   4.748367802308  -0.087792669390   4.753156213377  -0.496620917462 62.450 0.016013388200 0.004361858341  2.6539 15.1029
 2460812.5   4.964935162251  -0.083528199945   4.996696824915  -0.478430205583 61.918 0.016151013298 0.004399342792  3.5500 15.9925
 2460813.5   5.184935746665  -0.075169510127   5.236748930183  -0.435769932012 61.294 0.016315559147 0.004444159449  4.4284 16.8563
 2460814.5   5.409067717976  -0.062894974195   5.469806087650  -0.370593343997 60.585 0.016506526640 0.004496172318  5.2757 17.6867
 2460815.5   5.638121589697  -0.047068120152   5.695023716698  -0.285962964878 59.809 0.016720736950 0.004554515537  6.0905 18.4885
 2460816.5   5.872895799132  -0.028270965903   5.914101171234  -0.185608417077 58.996 0.016951014794 0.004617234761  6.8828 19.2757
 2460817.5   6.114050725372  -0.007345021197   6.130670327088  -0.073765796703 58.193 0.017185132547 0.004680999603  7.6700 20.0686
 2460818.5   0.078719684655   0.014576815721   0.066457431747   0.044667454961 57.456 0.017405525485 0.004741026106  8.4747 20.8914
 2460819.5   0.333015258593   0.036079631946   0.293434789552   0.163780779448 56.852 0.017590437692 0.004791388867  9.3218 21.7687
 2460820.5   0.592713122373   0.055556699804   0.533951042987   0.276323171342 56.446 0.017717001035 0.004825859622 10.2344 22.7202
 2460821.5   0.855914443849   0.071402780960   0.792115827649   0.373736749583 56.290 0.017766035947 0.004839214736 11.2260 23.7501
 2460822.5   1.119999236935   0.082282349909   1.068410826953   0.446992570440 56.413 0.017727214505 0.004828641356 12.2886 99.0000
 2460823.5   1.382003857851   0.087383600028   1.357460466731   0.488510383473 56.813 0.017602418945 0.004794652081 13.3842  0.8357
 2460824.5   1.639139341845   0.086550092881   1.648171853994   0.494616277595 57.456 0.017405607646 0.004741048483 14.4554  1.9265
 2460825.5   1.889267891884   0.080236574927   1.927851809755   0.466896470021 58.280 0.017159241408 0.004673947845 15.4528  2.9655
 2460826.5   2.131178570887   0.069327187347   2.187623698990   0.411192752039 59.213 0.016889026110 0.004600351343 16.3546  3.9159
 2460827.5   2.364615623174   0.054910395084   2.424758015413   0.335077025411 60.174 0.016619127342 0.004526840742 17.1649  4.7702
 2460828.5   2.590121335027   0.038094439922   2.641390076354   0.245679183817 61.093 0.016369145844 0.004458754607 17.9024  5.5413
 2460829.5   2.808796479503   0.019899355350   2.842128384495   0.148734457585 61.911 0.016152984389 0.004399879650 18.5902  6.2510
 2460830.5   3.022061258054   0.001219345558   3.032326176737   0.048574378649 62.585 0.015979050561 0.004352505911 19.2512  6.9227
 2460831.5   3.231458553614  -0.017169457290   3.217261605759  -0.051469844419 63.090 0.015851123290 0.004317662736 19.9071  7.5786
 2460832.5   3.438508685117  -0.034581282557   3.401869799118  -0.148583208085 63.417 0.015769399473 0.004295403825 20.5772  8.2392
 2460833.5   3.644608747949  -0.050391518653   3.590669439421  -0.240036037838 63.569 0.015731477090 0.004285074992 21.2791  8.9232
 2460834.5   3.850966174145  -0.064017123232   3.787640268310  -0.322853122645 63.562 0.015733204702 0.004285545538 22.0268  9.6465
 2460835.5   4.058559257765  -0.074912180301   3.995888558360  -0.393623752558 63.417 0.015769414802 0.004295408000 22.8284 10.4207
 2460836.5   4.268122074480  -0.082580004487   4.217027642903  -0.448526225813 63.156 0.015834578810 0.004313156559 23.6821 11.2494
 2460837.5   4.480154901412  -0.086599691252   4.450405352899  -0.483660241010 62.803 0.015923399143 0.004337348305 99.0000 12.1246
 2460838.5   4.694961517971  -0.086661869838   4.692650814490  -0.495709735273 62.381 0.016031310900 0.004366739886  0.5738 13.0263
 2460839.5   4.912711579514  -0.082606262349   4.938196190364  -0.482750596813 61.904 0.016154823500 0.004400380562  1.4788 13.9277
 2460840.5   5.133520004966  -0.074453492734   5.180951284213  -0.444805477642 61.384 0.016291610653 0.004437636706  2.3705 14.8048
 2460841.5   5.357528542864  -0.062425994546   5.416334946501  -0.383820530915 60.829 0.016440268403 0.004478125908  3.2296 15.6444
 2460842.5   5.584970026247  -0.046957104714   5.642520737926  -0.303131428376 60.245 0.016599707411 0.004521551447  4.0497 16.4467
 2460843.5   5.816195225538  -0.028691399711   5.860505856036  -0.206807136948 59.639 0.016768218551 0.004567447799  4.8370 17.2229
 2460844.5   6.051645741821  -0.008480419714   6.073470445512  -0.099225668907 59.027 0.016942340400 0.004614872179  5.6068 17.9915
 2460845.5   0.008578183263   0.012625664270   0.002847481303   0.014996038271 58.429 0.017115759960 0.004662105152  6.3800 18.7754
 2460846.5   0.253653030804   0.033397940103   0.220469558531   0.130777475796 57.878 0.017278590312 0.004706453905  7.1809 19.5996
 2460847.5   0.503627374036   0.052477018326   0.448893071261   0.242201365422 57.417 0.017417458933 0.004744276309  8.0345 20.4879
 2460848.5   0.757901254896   0.068470201175   0.693237786794   0.342217097492 57.091 0.017516815199 0.004771337034  8.9614 21.4555
 2460849.5   1.015207729327   0.080107165470   0.956340953661   0.422782616526 56.945 0.017561587385 0.004783531196  9.9689 22.4983
 2460850.5   1.273636282870   0.086434031369   1.236418721665   0.475908106933 57.013 0.017540733739 0.004777851494 11.0387 23.5831
 2460851.5   1.530847644273   0.086988876485   1.525548522650   0.495745088627 57.308 0.017450561342 0.004753292103 12.1244 99.0000
 2460852.5   1.784444553257   0.081886816421   1.811451174361   0.480808592223 57.818 0.017296439378 0.004711315300 13.1690  0.6550
 2460853.5   2.032382668286   0.071772784293   2.082598562087   0.434595944253 58.509 0.017092095909 0.004655659961 14.1316  1.6620
 2460854.5   2.273284361805   0.057661751922   2.332648162106   0.363967021399 59.326 0.016856810499 0.004591576999 15.0004  2.5775
 2460855.5   2.506573627385   0.040734757676   2.561093459478   0.276654430609 60.201 0.016611714156 0.004524821655 15.7855  3.4023
 2460856.5   2.732436576759   0.022162794876   2.771273240938   0.179514701946 61.066 0.016376510437 0.004460760466 16.5074  4.1529
 2460857.5   2.951670300773   0.002998096731   2.968192029639   0.077926979693 61.856 0.016167368553 0.004403797408 17.1894  4.8520
 2460858.5   3.165491894315  -0.015865451088   3.157208826614  -0.024062845022 62.518 0.015996053264 0.004357136882 17.8542  5.5226
 2460859.5   3.375357247419  -0.033683051060   3.343491334941  -0.123304382969 63.015 0.015869943897 0.004322788853 18.5226  6.1867
 2460860.5   3.582811078800  -0.049825682009   3.531850497888  -0.217061619274 63.324 0.015792510541 0.004301698531 19.2138  6.8642
 2460861.5   3.789370174409  -0.063742620700   3.726644596250  -0.302590128118 63.439 0.015763922263 0.004293912010 19.9443  7.5732
 2460862.5   3.996433209485  -0.074932831633   3.931540034109  -0.376823395830 63.367 0.015781618178 0.004298731805 20.7262  8.3284
 2460863.5   4.205210018199  -0.082932828843   4.148994605194  -0.436234715250 63.131 0.015840801810 0.004314851501 21.5634  9.1381
 2460864.5   4.416667063313  -0.087324795511   4.379478589332  -0.476979230331 62.758 0.015934900929 0.004340481012 22.4479 10.0008
 2460865.5   4.631491299076  -0.087765382557   4.620761896188  -0.495408230963 62.284 0.016056068816 0.004373483114 23.3590 10.9018
 2460866.5   4.850078828826  -0.084031582000   4.867934673323  -0.488893979460 61.747 0.016195791251 0.004411538785 99.0000 11.8159
 2460867.5   5.072555578514  -0.076075316596   5.114678051390  -0.456633153149 61.181 0.016345609205 0.004452344044  0.2691 12.7156
 2460868.5   5.298832685242  -0.064074228995   5.355381784189  -0.399979230815 60.617 0.016497882489 0.004493817957  1.1533 13.5809
 2460869.5   5.528689979270  -0.048464947806   5.586893628587  -0.322132128221 60.076 0.016646435222 0.004534278428  1.9982 14.4055
 2460870.5   5.761869849784  -0.029948612454   5.809056969251  -0.227453537184 59.573 0.016786885342 0.004572531952  2.8041 15.1956
 2460871.5   5.998156454532  -0.009465938392   6.024231583845  -0.120829218046 59.117 0.016916504813 0.004607835524  3.5822 15.9665
 2460872.5   6.237415263304   0.011853015533   6.236476934722  -0.007325279927 58.710 0.017033585904 0.004639724042  4.3511 16.7389
 2460873.5   0.196391042378   0.032755414187   0.167656958514   0.107837469195 58.358 0.017136459186 0.004667742835  5.1330 17.5363
 2460874.5   0.441373886241   0.051941883147   0.389606853032   0.219086678054 58.067 0.017222457650 0.004691165530  5.9518 18.3820
 2460875.5   0.688968372349   0.068151835556   0.624323327862   0.320235820293 57.849 0.017287197972 0.004708798299  6.8294 19.2950
 2460876.5   0.938703631908   0.080261501469   0.875510844779   0.404400967077 57.725 0.017324526598 0.004718965170  7.7795 20.2814
 2460877.5   1.189749338466   0.087394833166   1.143545914147   0.464459148199 57.715 0.017327337187 0.004719730665  8.7981 21.3248
 2460878.5   1.440896108149   0.089034877017   1.423696025338   0.494356521454 57.842 0.017289200528 0.004709343718  9.8557 22.3841
 2460879.5   1.690644350039   0.085107660165   1.706298089480   0.490998805759 58.121 0.017206405102 0.004686793432 10.9036 23.4085
 2460880.5   1.937393914790   0.076004826281   1.980126696213   0.455554971701 58.552 0.017079731822 0.004652292452 11.8949 99.0000
 2460881.5   2.179685219274   0.062525351841   2.236940649051   0.393041990698 59.121 0.016915278388 0.004607501492 12.8042  0.3605
 2460882.5   2.416420865879   0.045746939074   2.473727994789   0.310493400116 59.797 0.016723991801 0.004555402040 13.6299  1.2269
 2460883.5   2.647009147050   0.026865774776   2.691930971272   0.215054224662 60.535 0.016520098887 0.004499868918 14.3860  2.0155
 2460884.5   2.871407435019   0.007051301839   2.895494468009   0.112883805088 61.281 0.016319025249 0.004445103495 15.0930  2.7443
 2460885.5   3.090079943136  -0.012651691408   3.089297286882   0.008874087404 61.978 0.016135451246 0.004395104216 15.7724  3.4348
 2460886.5   3.303903203361  -0.031365201339   3.278323475475  -0.093159541983 62.573 0.015981917329 0.004353286723 16.4451  4.1084
 2460887.5   3.514052088848  -0.048374858548   3.467335506839  -0.190102291961 63.022 0.015868069699 0.004322278383 17.1305  4.7851
 2460888.5   3.721888052593  -0.063100113858   3.660740363807  -0.279134620407 63.292 0.015800408241 0.004303849609 17.8460  5.4836
 2460889.5   3.928858734667  -0.075055829033   3.862413634391  -0.357376193913 63.365 0.015782315997 0.004298921868 18.6058  6.2197
 2460890.5   4.136409149244  -0.083819060721   4.075319299074  -0.421643861269 63.237 0.015814177102 0.004307599799 19.4181  7.0052
 2460891.5   4.345900514454  -0.089010467743   4.300864249709  -0.468413531276 62.922 0.015893470841 0.004329196821 20.2817  7.8441
 2460892.5   4.558532905202  -0.090296530403   4.538149277390  -0.494093315198 62.445 0.016014823774 0.004362249344 21.1830  8.7289
 2460893.5   4.775271280523  -0.087416048272   4.783613942733  -0.495645689799 61.845 0.016170090802 0.004404538857 22.0985  9.6407
 2460894.5   4.996779816350  -0.080230635187   5.031692787058  -0.471391090937 61.170 0.016348606147 0.004453160307 23.0021 10.5532
 2460895.5   5.223375046329  -0.068792868347   5.276547880773  -0.421614142634 60.470 0.016537773387 0.004504682825 23.8748 11.4430
 2460896.5   5.455011167293  -0.053417525385   5.514010897792  -0.348649495238 59.797 0.016724114809 0.004555435543 99.0000 12.2970
 2460897.5   5.691307978434  -0.034733813415   5.742663628879  -0.256472460132 59.193 0.016894748574 0.004601909931  0.7102 13.1153
 2460898.5   5.931622168680  -0.013694855733   5.963783469305  -0.150104822763 58.692 0.017039034101 0.004641207926  1.5141 13.9086
 2460899.5   6.175148675669   0.008470622979   6.180648866878  -0.035128225480 58.312 0.017149928991 0.004671411498  2.3012 14.6945
 2460900.5   0.137842185986   0.030361619816   0.114571764875   0.082581112452 58.059 0.017224582951 0.004691744381  3.0913 15.4944
 2460901.5   0.385243416019   0.050541751074   0.336963963802   0.196919238001 57.927 0.017263927297 0.004702460266  3.9065 16.3302
 2460902.5   0.633411613701   0.067679386467   0.569520931141   0.301515102422 57.902 0.017271406532 0.004704497321  4.7677 17.2206
 2460903.5   0.881665744838   0.080665718813   0.815939831696   0.389747633384 57.969 0.017251327107 0.004699028460  5.6899 18.1750
 2460904.5   1.129366408047   0.088698968830   1.077229959133   0.455074704206 58.117 0.017207400652 0.004687064582  6.6744 19.1847
 2460905.5   1.375871993052   0.091334946912   1.350177836344   0.491926111784 58.339 0.017141924334 0.004669231334  7.7015 20.2194
 2460906.5   1.620507474528   0.088508325349   1.627136929818   0.497073509630 58.634 0.017055777259 0.004645768133  8.7327 21.2359
 2460907.5   1.862563612113   0.080526120501   1.898327226219   0.470753464901 59.003 0.016949137895 0.004616723563  9.7246 22.1958
 2460908.5   2.101332780919   0.068030880797   2.155620675245   0.416645740185 59.447 0.016822616644 0.004582263850 10.6478 23.0801
 2460909.5   2.336174579637   0.051931788680   2.395073852505   0.340653775822 59.961 0.016678391343 0.004542982125 11.4936 23.8897
 2460910.5   2.566594584121   0.033308808756   2.616934149053   0.249350237232 60.532 0.016520959891 0.004500103425 12.2703 99.0000
 2460911.5   2.792316778136   0.013304371187   2.824183272093   0.148879717190 61.138 0.016357281650 0.004455523213 12.9945  0.6378
 2460912.5   3.013334284144  -0.006977353256   3.021058500511   0.044494287075 61.745 0.016196308058 0.004411679545 13.6857  1.3430
 2460913.5   3.229931251862  -0.026545619245   3.212130983117  -0.059470640118 62.315 0.016048100258 0.004371312746 14.3635  2.0251
 2460914.5   3.442676920188  -0.044563372392   3.401873084740  -0.159401044268 62.806 0.015922813649 0.004337188836 15.0463  2.7032
 2460915.5   3.652397857253  -0.060353743314   3.594470134265  -0.252127460317 63.175 0.015829783664 0.004311850518 15.7511  3.3950
 2460916.5   3.860135809155  -0.073381693743   3.793660276604  -0.334642833178 63.387 0.015776827686 0.004297427030 16.4920  4.1163
 2460917.5   4.067096950957  -0.083223055771   4.002447231748  -0.403873925835 63.415 0.015769756521 0.004295501074 17.2791  4.8795
 2460918.5   4.274595261060  -0.089532939299   4.222608294769  -0.456578331712 63.246 0.015812011684 0.004307010009 18.1148  5.6911
 2460919.5   4.483989663248  -0.092023575559   4.454072014276  -0.489455150501 62.879 0.015904324464 0.004332152991 18.9917  6.5490
 2460920.5   4.696612309275  -0.090459643829   4.694489468141  -0.499527527446 62.330 0.016044322714 0.004370283870 19.8926  7.4405
 2460921.5   4.913684904469  -0.084677279878   4.939498038677  -0.484734082842 61.632 0.016226083585 0.004419789382 20.7947  8.3449
 2460922.5   5.136221987944  -0.074630313043   5.183924014315  -0.444499783688 60.831 0.016439739940 0.004477981973 21.6780  9.2396
 2460923.5   5.364925172541  -0.060461892740   5.423473153172  -0.380017354460 59.986 0.016671380994 0.004541072759 22.5321 10.1090
 2460924.5   5.600080332098  -0.042589843256   5.656016122206  -0.294156968554 59.162 0.016903596163 0.004604319686 23.3578 10.9481
 2460925.5   5.841478568797  -0.021780573545   5.881945856872  -0.191159330484 58.424 0.017116995881 0.004662441770 99.0000 11.7631
 2460926.5   6.088387295439   0.000824867634   6.103784116902  -0.076320368668 57.830 0.017292786312 0.004710320347  0.1660 12.5686
 2460927.5   0.056409241916   0.023767011153   0.042311833286   0.044239700213 57.421 0.017415960871 0.004743868296  0.9737 13.3838
 2460928.5   0.310348852026   0.045417030316   0.268604754511   0.163746886851 57.217 0.017478130408 0.004760800829  1.8016 14.2296
 2460929.5   0.565289569242   0.064189318129   0.504154276500   0.274953656915 57.215 0.017478873982 0.004761003349  2.6701 15.1247
 2460930.5   0.819547543654   0.078755722412   0.752553137806   0.370425901078 57.392 0.017425017148 0.004746334870  3.5945 16.0792
 2460931.5   1.071671642621   0.088198437251   1.014833070835   0.443088832272 57.712 0.017328174753 0.004719958786  4.5776 17.0868
 2460932.5   1.320561123104   0.092070010519   1.287993160324   0.487180487183 58.137 0.017201601877 0.004685485218  5.6029 18.1206
 2460933.5   1.565500243642   0.090369595596   1.564787769335   0.499488033792 58.628 0.017057465583 0.004646227968  6.6347 19.1397
 2460934.5   1.806121192949   0.083469071604   1.835870328806   0.480234503912 59.156 0.016905202248 0.004604757125  7.6312 20.1059
 2460935.5   2.042323718283   0.072023422263   2.093367809453   0.432894295672 59.700 0.016751068420 0.004562776728  8.5621 20.9988
 2460936.5   2.274183114851   0.056886207026   2.333345195026   0.362981100432 60.249 0.016598622065 0.004521255838  9.4167 21.8170
 2460937.5   2.501871459829   0.039036136208   2.555902262210   0.276618791516 60.794 0.016449735294 0.004480704356 10.2015 22.5723
 2460938.5   2.725606204317   0.019512402832   2.763830212810   0.179585371611 61.331 0.016305755515 0.004441489278 10.9318 23.2824
 2460939.5   2.945629922817  -0.000644621880   2.961187277959   0.076942139285 61.851 0.016168514204 0.004404109445 11.6264 23.9662
 2460940.5   3.162217337239  -0.020447394763   3.152380400051  -0.026964178858 62.343 0.016040990034 0.004369376159 12.3041 99.0000
 2460941.5   3.375701182339  -0.039006197103   3.341716391065  -0.128341723522 62.787 0.015927549952 0.004338478849 12.9828  0.6423
 2460942.5   3.586506789655  -0.055559985143   3.533200582524  -0.223755416376 63.159 0.015833800132 0.004312944473 13.6787  1.3277
 2460943.5   3.795185895704  -0.069489657704   3.730382272849  -0.309942390122 63.430 0.015766153715 0.004294519786 14.4056  2.0375
 2460944.5   4.002442304672  -0.080314065719   3.936107186917  -0.383673845443 63.570 0.015731245659 0.004285011958 15.1732  2.7839
 2460945.5   4.209144745660  -0.087673077031   4.152110587907  -0.441707503344 63.554 0.015735298253 0.004286115754 15.9853  3.5738
 2460946.5   4.416324403446  -0.091304813748   4.378509761619  -0.480888356587 63.360 0.015783483948 0.004299239980 16.8371  4.4070
 2460947.5   4.625155472110  -0.091025413776   4.613446966156  -0.498434264929 62.978 0.015879272807 0.004325329742 17.7148  5.2739
 2460948.5   4.836916641324  -0.086719702379   4.853272701423  -0.492358578969 62.410 0.016023713829 0.004364670698 18.5992  6.1575
 2460949.5   5.052929764767  -0.078350504881   5.093491562464  -0.461869494935 61.676 0.016214601883 0.004416662159 19.4719  7.0380
 2460950.5   5.274470401095  -0.065992788298   5.330177356709  -0.407562889007 60.809 0.016445542770 0.004479562460 20.3215  7.9000
 2460951.5   5.502645064600  -0.049895054094   5.561169847646  -0.331362994577 59.865 0.016705065512 0.004550247205 21.1468  8.7369
 2460952.5   5.738234609628  -0.030562081488   5.786559725530  -0.236347239890 58.909 0.016976141918 0.004624078453 21.9561  9.5526
 2460953.5   5.981515174165  -0.008838392773   6.008504762369  -0.126637264087 58.019 0.017236691770 0.004695042358 22.7650 10.3594
 2460954.5   6.232088508914   0.014046668032   6.230717404499  -0.007428980346 57.271 0.017461692682 0.004756323841 23.5936 11.1755
 2460955.5   0.205592001919   0.036521889616   0.174681043580   0.114909962180 56.734 0.017627110271 0.004801377007 99.0000 12.0222
 2460956.5   0.466467177961   0.056838503677   0.411679946239   0.232836003981 56.453 0.017714921673 0.004825293288  0.4638 12.9204
 2460957.5   0.729051551039   0.073336875683   0.662616570193   0.337909563567 56.444 0.017717466179 0.004825986308  1.3936 13.8837
 2460958.5   0.990680274063   0.084732293370   0.929100167428   0.421552037560 56.695 0.017639140871 0.004804653659  2.3899 14.9097
 2460959.5   1.248920647082   0.090311556511   1.208380574096   0.476400184082 57.163 0.017494592018 0.004765284321  3.4391 15.9724
 2460960.5   1.501917855559   0.089975364268   1.492693488136   0.498028897739 57.792 0.017304337486 0.004713466439  4.5037 17.0267
 2460961.5   1.748569354183   0.084141345967   1.771447996364   0.486185134658 58.517 0.017089820036 0.004655040100  5.5359 18.0272
 2460962.5   1.988512382864   0.073577780475   2.035474742044   0.444561185792 59.281 0.016869620689 0.004595066023  6.4981 18.9475
 2460963.5   2.221978278340   0.059240191842   2.280132896619   0.379187694075 60.036 0.016657528816 0.004537299924  7.3759 19.7843
 2460964.5   2.449590802639   0.042150840278   2.505477070286   0.296596552883 60.748 0.016462260384 0.004484115751  8.1750 20.5500
 2460965.5   2.672170962478   0.023326961087   2.714614259263   0.202691696984 61.397 0.016288230809 0.004436716153  8.9121 21.2637
 2460966.5   2.890582908688   0.003744440951   2.911996208042   0.102421661417 61.973 0.016136811462 0.004395474693  9.6075 21.9459
 2460967.5   3.105632426668  -0.015680499520   3.102363803557  -0.000085431290 62.473 0.016007674560 0.004360302136 10.2814 22.6163
 2460968.5   3.318016319144  -0.034104706352   3.290265048783  -0.101235064883 62.896 0.015899995767 0.004330973996 10.9528 23.2928
 2460969.5   3.528315132385  -0.050772738160   3.479863989676  -0.197688549300 63.240 0.015813390365 0.004307385517 11.6384 23.9911
 2460970.5   3.737019543013  -0.065032852599   3.674806781809  -0.286155138899 63.501 0.015748522114 0.004289717507 12.3525 99.0000
 2460971.5   3.944579583288  -0.076350841233   3.877993546930  -0.363279714578 63.667 0.015707368932 0.004278508705 13.1056  0.7238
 2460972.5   4.151465393651  -0.084317570887   4.091187949331  -0.425654119243 63.725 0.015693168410 0.004274640939 13.9020  1.4985
 2460973.5   4.358228342014  -0.088647927383   4.314523690862  -0.469987536153 63.656 0.015710095204 0.004279251254 14.7377  2.3156
 2460974.5   4.565552615214  -0.089172072208   4.546157273595  -0.493445395349 63.443 0.015762732079 0.004293587843 15.5998  3.1666
 2460975.5   4.774289429269  -0.085823205372   4.782451876455  -0.494081586191 63.073 0.015855382309 0.004318822753 16.4693  4.0349
 2460976.5   4.985467793799  -0.078628414488   5.018911674978  -0.471186377611 62.537 0.015991239681 0.004355825822 17.3275  4.9008
 2460977.5   5.200276414691  -0.067710241778   5.251579728727  -0.425371075876 61.840 0.016171401176 0.004404895758 18.1619  5.7481
 2460978.5   5.420010157024  -0.053306135563   5.478225387861  -0.358370779405 61.002 0.016393703166 0.004465443166 18.9700  6.5690
 2460979.5   5.645972197178  -0.035810375151   5.698837832402  -0.272741324921 60.058 0.016651419909 0.004535636078 19.7589  7.3661
 2460980.5   5.879321906951  -0.015836848908   5.915472991250  -0.171678141065 59.063 0.016932020767 0.004612061494 20.5434  8.1506
 2460981.5   6.120863717421   0.005710950032   6.131803082277  -0.059082661702 58.087 0.017216452020 0.004689529827 21.3438  8.9402
 2460982.5   0.087605265414   0.027594419085   0.069447433702   0.060141978516 57.212 0.017479707510 0.004761230369 22.1835  9.7572
 2460983.5   0.345246682151   0.048267639798   0.300193667392   0.179703829308 56.521 0.017693515873 0.004819463215 23.0859 10.6256
 2460984.5   0.608916982986   0.066024839298   0.546057326064   0.291689621650 56.084 0.017831403325 0.004857018134 99.0000 11.5664
 2460985.5   0.875980332538   0.079270701611   0.810465740804   0.386849581194 55.947 0.017875052076 0.004868906256  0.0675 12.5883
 2460986.5   1.143198029263   0.086838785515   1.092690253754   0.455813154086 56.121 0.017819465828 0.004853766850  1.1259 13.6752
 2460987.5   1.407293070913   0.088225937272   1.385846229815   0.491340437091 56.582 0.017674357789 0.004814245328  2.2296 14.7814
 2460988.5   1.665536784573   0.083638135055   1.677882676768   0.490739268533 57.273 0.017461004695 0.004756136461  3.3231 15.8482
 2460989.5   1.916144584613   0.073847275984   1.956435777404   0.456694896929 58.121 0.017206262575 0.004686754613  4.3520 16.8320
 2460990.5   2.158381283204   0.059952343509   2.213920456647   0.395705073558 59.047 0.016936522549 0.004613287613  5.2874 17.7190
 2460991.5   2.392421274936   0.043154228099   2.448921763841   0.315449010283 59.978 0.016673594652 0.004541675679  6.1287 18.5189
 2460992.5   2.619083302387   0.024605792370   2.664380051680   0.222878437410 60.856 0.016432989165 0.004476143298  6.8924 19.2523
 2460993.5   2.839549808789   0.005342916337   2.865215538802   0.123548687161 61.640 0.016224020900 0.004419227578  7.6014 19.9427
 2460994.5   3.055133140382  -0.013728157875   3.056792208237   0.021754524878 62.305 0.016050893831 0.004372073622  8.2788 20.6124
 2460995.5   3.267108157879  -0.031816795049   3.244234767746  -0.079042329512 62.840 0.015914116439 0.004334820003  8.9460 21.2817
 2460996.5   3.476607717320  -0.048229273270   3.432201593498  -0.175773661055 63.246 0.015811889380 0.004306976697  9.6219 21.9684
 2460997.5   3.684570514052  -0.062357473705   3.624780932335  -0.265418409138 63.530 0.015741318078 0.004287755360 10.3230 22.6871
 2460998.5   3.891731319950  -0.073678811465   3.825303148336  -0.344787971584 63.699 0.015699405705 0.004276339778 11.0618 23.4478
 2460999.5   4.098645913569  -0.081765648991   4.035963315719  -0.410477663006 63.763 0.015683811030 0.004272092288 11.8452 99.0000
 2461000.5   4.305743535050  -0.086299242911   4.257279550139  -0.459029378175 63.724 0.015693353075 0.004274691236 12.6712  0.2534
 2461001.5   4.513398410554  -0.087082449003   4.487624948715  -0.487326325640 63.583 0.015728240331 0.004284193403 13.5281  1.0969
 2461002.5   4.722009584324  -0.084046833036   4.723272426102  -0.493141043062 63.334 0.015790009121 0.004301017226 14.3959  1.9620
 2461003.5   4.932076748272  -0.077252967208   4.959290604309  -0.475615551533 62.970 0.015881171390 0.004325846854 15.2529  2.8270
 2461004.5   5.144259685804  -0.066886440053   5.191073357446  -0.435414725409 62.485 0.016004586448 0.004359461037 16.0833  3.6721
 2461005.5   5.359410161168  -0.053255157102   5.415743164588  -0.374474193951 61.874 0.016162575881 0.004402492047 16.8811  4.4862
 2461006.5   5.578566355916  -0.036794735466   5.632789787143  -0.295530412416 61.143 0.016355799390 0.004455119497 17.6511  5.2689
 2461007.5   5.802899962848  -0.018087398759   5.843934816454  -0.201724744181 60.309 0.016581922265 0.004516707409 18.4065  6.0296
 2461008.5   6.033604932148   0.002105010777   6.052635522259  -0.096473250844 59.406 0.016834170037 0.004585410570 19.1664  6.7845
 2461009.5   6.271717697326   0.022802437186   6.263593189667   0.016359020945 58.482 0.017100024882 0.004657819514 19.9541  7.5552
 2461010.5   0.234682775359   0.042784654503   0.199170923124   0.132042284099 57.605 0.017360581416 0.004728785099 20.7957  8.3666
 2461011.5   0.488801737299   0.060622620915   0.431642455096   0.244463260448 56.849 0.017591347380 0.004791636630 21.7152  9.2444
 2461012.5   0.749859541009   0.074802984852   0.683060363962   0.345769289580 56.293 0.017765261161 0.004839003716 22.7267 10.2094
 2461013.5   1.015757030579   0.083958986442   0.955953347518   0.426654750920 56.000 0.017858015288 0.004864266137 23.8195 11.2650
 2461014.5   1.283493568179   0.087158354018   1.247275210716   0.477890340873 56.012 0.017854374374 0.004863274502 99.0000 12.3836
 2461015.5   1.549639587543   0.084133828804   1.546862181386   0.493145764207 56.332 0.017752884846 0.004835632913  0.9488 13.5064
 2461016.5   1.810978487496   0.075340032842   1.840321745013   0.471628562906 56.929 0.017566559876 0.004784885504  2.0488 14.5699
 2461017.5   2.065074689420   0.061807382532   2.115495820935   0.418276262609 57.742 0.017319152216 0.004717501397  3.0664 15.5366
 2461018.5   2.310572721599   0.044874664296   2.366930683188   0.341267313435 58.692 0.017038981983 0.004641193732  3.9812 16.4019
 2461019.5   2.547190452573   0.025925193372   2.595519073363   0.249046084006 59.693 0.016753078824 0.004563324289  4.8014 17.1827
 2461020.5   2.775503579114   0.006210656277   2.805731860002   0.148639939928 60.670 0.016483409035 0.004489875898  5.5490 17.9034
 2461021.5   2.996653914309  -0.013221919143   3.003249841759   0.045334620649 61.558 0.016245445985 0.004425063037  6.2491 18.5889
 2461022.5   3.212076306337  -0.031528825136   3.193742063191  -0.056953893825 62.314 0.016048410674 0.004371397293  6.9258 19.2623
 2461023.5   3.423285328390  -0.048032644302   3.382425134236  -0.155125898438 62.910 0.015896339194 0.004329978066  7.6008 19.9437
 2461024.5   3.631726372668  -0.062179110172   3.573932341199  -0.246394745856 63.336 0.015789373126 0.004300844001  8.2931 20.6507
 2461025.5   3.838680684333  -0.073504522210   3.772181183773  -0.327913260159 63.596 0.015724972196 0.004283303269  9.0182 21.3966
 2461026.5   4.045212479945  -0.081620348262   3.980064545966  -0.396571173158 63.701 0.015698960185 0.004276218432  9.7866 22.1882
 2461027.5   4.252150307727  -0.086215218235   4.198918140996  -0.449018415595 63.671 0.015706414873 0.004278248850 10.6009 23.0233
 2461028.5   4.460098914092  -0.087070487832   4.427920839017  -0.481970985708 63.525 0.015742431420 0.004288058599 11.4533 23.8884
 2461029.5   4.669479374237  -0.084083042980   4.663852470349  -0.492780496019 63.283 0.015802762316 0.004304490782 12.3256 99.0000
 2461030.5   4.880593507141  -0.077288006950   4.901703248122  -0.480078535083 62.958 0.015884296820 0.004326698119 13.1941  0.7618
 2461031.5   5.093704430627  -0.066874928807   5.136170757883  -0.444169855974 62.560 0.015985312234 0.004354211382 14.0381  1.6202
 2461032.5   5.309120445456  -0.053193982547   5.363345131540  -0.386946544737 62.094 0.016105423668 0.004386925718 14.8463  2.4470
 2461033.5   5.527266471384  -0.036752869443   5.581709856931  -0.311407492318 61.559 0.016245180935 0.004424990847 15.6188  3.2366
 2461034.5   5.748726733464  -0.018208791685   5.792199709565  -0.221095849999 60.959 0.016405302751 0.004468602488 16.3653  3.9944
 2461035.5   5.974244118765   0.001638869042   5.997697200332  -0.119732075202 60.296 0.016585588349 0.004517705919 17.1027  4.7339
 2461036.5   6.204664278838   0.021852023291   6.202450861869  -0.011149012832 59.585 0.016783604322 0.004571638322 17.8520  5.4744
 2461037.5   0.157630708938   0.041356900857   0.128453046388   0.100494284427 58.849 0.016993326743 0.004628758957 18.6378  6.2388
 2461038.5   0.400141450036   0.058959599442   0.347819710323   0.210300906454 58.129 0.017204049150 0.004686151761 19.4856  7.0525
 2461039.5   0.649202746935   0.073396320356   0.583090949712   0.312164476132 57.474 0.017400039413 0.004739531915 20.4172  7.9400
 2461040.5   0.904330289457   0.083442137216   0.838684809319   0.398515632795 56.946 0.017561547225 0.004783520258 21.4405  8.9179
 2461041.5   1.164199587078   0.088086187525   1.115390939629   0.460793529076 56.604 0.017667614628 0.004812408763 22.5357  9.9817
 2461042.5   1.426656706701   0.086742897250   1.407787657225   0.491187867196 56.499 0.017700505192 0.004821366823 23.6514 11.0951
 2461043.5   1.688966749263   0.079424065797   1.704063107424   0.485406397094 56.658 0.017650539517 0.004807758191 99.0000 12.1969
 2461044.5   1.948262608639   0.066784105884   1.990364884818   0.444706976378 57.083 0.017519370888 0.004772033102  0.7247 13.2303
 2461045.5   2.202048567690   0.049999332192   2.256893650058   0.375339533927 57.739 0.017320100152 0.004717759578  1.7116 14.1681
 2461046.5   2.448583256641   0.030527208229   2.500599830128   0.285898032601 58.571 0.017074155523 0.004650773678  2.6010 15.0124
 2461047.5   2.687039674460   0.009846833418   2.723744686044   0.184731251342 59.504 0.016806450377 0.004577860751  3.4051 15.7822
 2461048.5   2.917452600400  -0.010730636383   2.931216942826   0.078648567471 60.459 0.016540806956 0.004505509061  4.1467 16.5018
 2461049.5   3.140535563691  -0.030148835457   3.128626773763  -0.027239619117 61.364 0.016296924864 0.004439084114  4.8503 17.1951
