 2460675.5   3.805355937829   3.811183387399  -0.192194349089  -0.194118289717  2.864482 11.5 2460675.82845053      99.00000000
 2460676.5   3.811454724804   3.817289739333  -0.194125081571  -0.196041012647  2.853868 11.5 2460676.82668567      99.00000000
 2460677.5   3.817518586625   3.823360979905  -0.196032294465  -0.197940196088  2.843172 11.5 2460677.82491524      99.00000000
 2460678.5   3.823546842672   3.829396352157  -0.197915942738  -0.199815742878  2.832398 11.5 2460678.82313914      99.00000000
 2460679.5   3.829538579504   3.835394927015  -0.199775894337  -0.201667478003  2.821547 11.5 2460679.82135721      99.00000000
 2460680.5   3.835493148068   3.841356110665  -0.201612136768  -0.203495367492  2.810621 11.5 2460680.81956936      99.00000000
 2460681.5   3.841409668715   3.847279138372  -0.203424569170  -0.205299319081  2.799620 11.5 2460681.81777544      99.00000000
 2460682.5   3.847287525872   3.853163540867  -0.205213206343  -0.207079385337  2.788548 11.5 2460682.81597538      99.00000000
 2460683.5   3.853125865484   3.859008602617  -0.206977969482  -0.208835546963  2.777405 11.5 2460683.81416901      99.00000000
 2460684.5   3.858924087971   3.864813817201  -0.208718888526  -0.210567900150  2.766192 11.5 2460684.81235628      99.00000000
 2460685.5   3.864681339190   3.870578350865  -0.210435892479  -0.212276431041  2.754913 11.5 2460685.81053701      99.00000000
 2460686.5   3.870397003275   3.876301528477  -0.212129011110  -0.213961202065  2.743567 11.5 2460686.80871113      99.00000000
 2460687.5   3.876070189087   3.881982335371  -0.213798166003  -0.215622135872  2.732156 11.5 2460687.80687847      99.00000000
 2460688.5   3.881700226134   3.887619948843  -0.215443373109  -0.217259218724  2.720682 11.5 2460688.80503894      99.00000000
 2460689.5   3.887286150578   3.893213265800  -0.217064536136  -0.218872305426  2.709145 11.5 2460689.80319238      99.00000000
 2460690.5   3.892827208898   3.898761440818  -0.218661651376  -0.220461338750  2.697547 11.5 2460690.80133867      99.00000000
 2460691.5   3.898322346919   3.904263389723  -0.220234604046  -0.222026160803  2.685889 11.5 2460691.79947763      99.00000000
 2460692.5   3.903770722613   3.909718298222  -0.221783374981  -0.223566727390  2.674173 11.5 2460692.79760915      99.00000000
 2460693.5   3.909171196628   3.915125094596  -0.223307838489  -0.225082908616  2.662400 11.5 2460693.79573303      99.00000000
 2460694.5   3.914522850918   3.920482948285  -0.224807969077  -0.226574691796  2.650570 11.5 2460694.79384913      99.00000000
 2460695.5   3.919824476509   3.925790739897  -0.226283639058  -0.228041974940  2.638687 11.4 2460695.79195725      99.00000000
 2460696.5   3.925075094512   3.931047571089  -0.227734824178  -0.229484766546  2.626751 11.4 2460696.79005726      99.00000000
 2460697.5   3.930273438747   3.936252239732  -0.229161400471  -0.230902979420  2.614763 11.4 2460697.78814893      99.00000000
 2460698.5   3.935418478455   3.941403758666  -0.230563348962  -0.232296631487  2.602726 11.4 2460698.78623212      99.00000000
 2460699.5   3.940508896119   3.946500828923  -0.231940552289  -0.233665640607  2.590642 11.4 2460699.78430660      99.00000000
 2460700.5   3.945543613404   3.951542361451  -0.233292999310  -0.235010025035  2.578512 11.4 2460700.78237221      99.00000000
 2460701.5   3.950521266192   3.956526946842  -0.234620582340  -0.236329697210  2.566339 11.4 2460701.78042873      99.00000000
 2460702.5   3.955440736488   3.961453385844  -0.235923302587  -0.237624662851  2.554124 11.4 2460702.77847598      99.00000000
 2460703.5   3.960300627316   3.966320169471  -0.237201068641  -0.238894815335  2.541869 11.4 2460703.77651373      99.00000000
 2460704.5   3.965099802971   3.971126038139  -0.238453902997  -0.240140139530  2.529577 11.4 2460704.77454181      99.00000000
 2460705.5   3.969836864337   3.975869488034  -0.239681741188  -0.241360516913  2.517251 11.4 2460705.77256000      99.00000000
 2460706.5   3.974510695605   3.980549355177  -0.240884637898  -0.242555944195  2.504892 11.4 2460706.77056812      99.00000000
 2460707.5   3.979119934610   3.985164310714  -0.242062564253  -0.243726350464  2.492504 11.4 2460707.76856596      99.00000000
 2460708.5   3.983663518390   3.989713405036  -0.243215610909  -0.244871815894  2.480088 11.3 2460708.76655336      99.00000000
 2460709.5   3.988140140607   3.994195491570  -0.244343781577  -0.245992372343  2.467647 11.3 2460709.76453011      99.00000000
 2460710.5   3.992548791231   3.998609716277  -0.245447192916  -0.247088194716  2.455185 11.3 2460710.76249606      99.00000000
 2460711.5   3.996888200918   4.002954914722  -0.246525865822  -0.248159375951  2.442703 11.3 2460711.76045100      99.00000000
 2460712.5   4.001157379372   4.007230124709  -0.247579924883  -0.249206105932  2.430203 11.3 2460712.75839478      99.00000000
 2460713.5   4.005355053127   4.011434022239  -0.248609390152  -0.250228449060  2.417689 11.3 2460713.75632719      99.00000000
 2460714.5   4.009480208884   4.015565484483  -0.249614378222  -0.251226536642  2.405162 11.3 2460714.75424808      99.00000000
 2460715.5   4.013531528905   4.019623055335  -0.250594895473  -0.252200361444  2.392624 11.3 2460715.75215723      99.00000000
 2460716.5   4.017507941949   4.023605530400  -0.251551041169  -0.253149986531  2.380079 11.3 2460716.75005447      99.00000000
 2460717.5   4.021408057550   4.027511419145  -0.252482802122  -0.254075351865  2.367527 11.3 2460717.74793957      99.00000000
 2460718.5   4.025230725716   4.031339522808  -0.253390257801  -0.254976490428  2.354972 11.2 2460718.74581237      99.00000000
 2460719.5   4.028974470828   4.035088371671  -0.254273376199  -0.255853335441  2.342415 11.2 2460719.74367261      99.00000000
 2460720.5   4.032638060662   4.038756786034  -0.255132220655  -0.256705932370  2.329858 11.2 2460720.74152012      99.00000000
 2460721.5   4.036219939335   4.042343291964  -0.255966746207  -0.257534237862  2.317305 11.2 2460721.73935463      99.00000000
 2460722.5   4.039718804232   4.045846680140  -0.256777007273  -0.258338323928  2.304757 11.2 2460722.73717596      99.00000000
 2460723.5   4.043133035477   4.049265418745  -0.257562953406  -0.259118170181  2.292218 11.2 2460723.73498384      99.00000000
 2460724.5   4.046461278204   4.052598225296  -0.258324637025  -0.259873865367  2.279689 11.2 2460724.73277807      99.00000000
 2460725.5   4.049701866090   4.055843483296  -0.259062007936  -0.260605398540  2.267173 11.2 2460725.73055837      99.00000000
 2460726.5   4.052853407596   4.058999825890  -0.259775121036  -0.261312862080  2.254673 11.1 2460726.72832453      99.00000000
 2460727.5   4.055914203032   4.062065550354  -0.260463929782  -0.261996243308  2.242193 11.1 2460727.72607627      99.00000000
 2460728.5   4.058882835617   4.065039207897  -0.261128494491  -0.262655628517  2.229734 11.1 2460728.72381338      99.00000000
 2460729.5   4.061757583741   4.067919013756  -0.261768775486  -0.263290993414  2.217301 11.1 2460729.72153558      99.00000000
 2460730.5   4.064537019739   4.070703447714  -0.262384842994  -0.263902407113  2.204896 11.1 2460730.71924265      99.00000000
 2460731.5   4.067219420733   4.073390672599  -0.262976670770  -0.264489822476  2.192522 11.1 2460731.71693430      99.00000000
 2460732.5   4.069803378884   4.075979165439  -0.263544348236  -0.265053285650  2.180184 11.1 2460732.71461033      99.00000000
 2460733.5   4.072287213202   4.078467162096  -0.264087874330  -0.265592736758  2.167884 11.1 2460733.71227046      99.00000000
 2460734.5   4.074669590767   4.080853317345  -0.264607370531  -0.266108237189  2.155627 11.0 2460734.70991450      99.00000000
 2460735.5   4.076948933625   4.083136134034  -0.265102871937  -0.266599784439  2.143415 11.0 2460735.70754219      99.00000000
 2460736.5   4.079124039737   4.085314570689  -0.265574537398  -0.267067540408  2.131253 11.0 2460736.70515336      99.00000000
 2460737.5   4.081193470692   4.087387374863  -0.266022434338  -0.267511621341  2.119145 11.0 2460737.70274778      99.00000000
 2460738.5   4.083156161468   4.089353624955  -0.266446745002  -0.267932287029  2.107094 11.0 2460738.70032529      99.00000000
 2460739.5   4.085010786721   4.091212048327  -0.266847547186  -0.268329695718  2.095104 11.0 2460739.69788568      99.00000000
 2460740.5   4.086756367796   4.092961622093  -0.267225021497  -0.268704086008  2.083178 11.0 2460740.69542879      99.00000000
 2460741.5   4.088391632036   4.094600958969  -0.267579233093  -0.269055547922  2.071321 10.9 2460741.69295443      99.00000000
 2460742.5   4.089915631223   4.096128967309  -0.267910343585  -0.269384234327  2.059535 10.9 2460742.69046244      99.00000000
 2460743.5   4.091327102539   4.097544248886  -0.268218394803  -0.269690154722  2.047824 10.9 2460743.68795262      99.00000000
 2460744.5   4.092625101075   4.098845757927  -0.268503524653  -0.269973401472  2.036192 10.9 2460744.68542483      99.00000000
 2460745.5   4.093808360739   4.100032174551  -0.268765751241  -0.270233946358  2.024641 10.9 2460745.68287885      99.00000000
 2460746.5   4.094875937839   4.101102551474  -0.269005191303  -0.270471866717  2.013175 10.9 2460746.68031457      99.00000000
 2460747.5   4.095826569142   4.102055665551  -0.269221843587  -0.270687136328  2.001799 10.8 2460747.67773176      99.00000000
 2460748.5   4.096659324866   4.102890659621  -0.269415809383  -0.270879847726  1.990515 10.8 2460748.67513029      99.00000000
 2460749.5   4.097372962898   4.103606380910  -0.269587074773  -0.271049995769  1.979326 10.8 2460749.67250997      99.00000000
 2460750.5   4.097966590567   4.104202027919  -0.269735733079  -0.271197696125  1.968238 10.8 2460750.66987066      99.00000000
 2460751.5   4.098439014146   4.104676485826  -0.269861765575  -0.271322962972  1.957253 10.8 2460751.66721216      99.00000000
 2460752.5   4.098789408211   4.105028986971  -0.269965265538  -0.271425926663  1.946376 10.8 2460752.66453437      99.00000000
 2460753.5   4.099016658972   4.105258448139  -0.270046216989  -0.271506609004  1.935610 10.7 2460753.66183710      99.00000000
 2460754.5   4.099120039903   4.105364144941  -0.270104720207  -0.271565143338  1.924960 10.7 2460754.65912024      99.00000000
 2460755.5   4.099098548102   4.105345047677  -0.270140768434  -0.271601549215  1.914429 10.7 2460755.65638363      99.00000000
 2460756.5   4.098951586239   4.105200505455  -0.270154475249  -0.271615955370  1.904022 10.7 2460756.65362718      99.00000000
 2460757.5   4.098678293090   4.104929578686  -0.270145849741  -0.271608373195  1.893743 10.7 2460757.65085076      99.00000000
 2460758.5   4.098278234065   4.104531735728  -0.270115026631  -0.271578922323  1.883596 10.6 2460758.64805430      99.00000000
 2460759.5   4.097750729291   4.104006191776  -0.270062040721  -0.271527604161  1.873587 10.6 2460759.64523769      99.00000000
 2460760.5   4.097095556503   4.103352633500  -0.269987060547  -0.271454535094  1.863720 10.6 2460760.64240091      99.00000000
 2460761.5   4.096312279875   4.102570577818  -0.269890162096  -0.271359729062  1.853999 10.6 2460761.63954388      99.00000000
 2460762.5   4.095400965356   4.101660120398  -0.269771564864  -0.271243348615  1.844429 10.6 2460762.63666664      99.00000000
 2460763.5   4.094361504679   4.100621273874  -0.269631401789  -0.271105498951  1.835015 10.5 2460763.63376916      99.00000000
 2460764.5   4.093194329713   4.099454658221  -0.269469953148  -0.270946478580  1.825761 10.5 2460764.63085153      99.00000000
 2460765.5   4.091899712695   4.098160733504  -0.269287407771  -0.270766541416  1.816673 10.5 2460765.62791379      99.00000000
 2460766.5   4.090478461954   4.096740419209  -0.269084092329  -0.270566100796  1.807756 10.5 2460766.62495608      99.00000000
 2460767.5   4.088931192532   4.095194322350  -0.268860225835  -0.270345450626  1.799012 10.5 2460767.62197850      99.00000000
 2460768.5   4.087259014081   4.093523440834  -0.268616150944  -0.270104969451  1.790448 10.4 2460768.61898121      99.00000000
 2460769.5   4.085462795623   4.091728480466  -0.268352089863  -0.269844872146  1.782067 10.4 2460769.61596436      99.00000000
 2460770.5   4.083543869941   4.089810616496  -0.268068383661  -0.269565458702  1.773872 10.4 2460770.61292816      99.00000000
 2460771.5   4.081503307845   4.087770804002  -0.267765251300  -0.269266891777  1.765869 10.4 2460771.60987277      99.00000000
 2460772.5   4.079342641635   4.085610516063  -0.267443035126  -0.268949455846  1.758061 10.4 2460772.60679845      99.00000000
 2460773.5   4.077063143347   4.083331019093  -0.267101959559  -0.268613327400  1.750451 10.3 2460773.60370539      99.00000000
 2460774.5   4.074666558354   4.080934097032  -0.266742379618  -0.268258827288  1.743045 10.3 2460774.60059388      99.00000000
 2460775.5   4.072154380458   4.078421312699  -0.266364537184  -0.267886180301  1.735844 10.3 2460775.59746415      99.00000000
 2460776.5   4.069528590651   4.075794733937  -0.265968811639  -0.267495763979  1.728854 10.3 2460776.59431652      99.00000000
 2460777.5   4.066790927260   4.073056189889  -0.265555473520  -0.267087861683  1.722078 10.3 2460777.59115127      99.00000000
 2460778.5   4.063943629047   4.070208002764  -0.265124937442  -0.266662910658  1.715520 10.2 2460778.58796876      99.00000000
 2460779.5   4.060988701013   4.067252242523  -0.264677513384  -0.266221250373  1.709183 10.2 2460779.58476929      99.00000000
 2460780.5   4.057928661658   4.064191467354  -0.264213661983  -0.265763371377  1.703071 10.2 2460780.58155328      99.00000000
 2460781.5   4.054765804716   4.061027980522  -0.263733743420  -0.265289660728  1.697188 10.2 2460781.57832107      99.00000000
 2460782.5   4.051502949630   4.057764581116  -0.263238274916  -0.264800653723  1.691537 10.1 2460782.57507313      99.00000000
 2460783.5   4.048142699041   4.054403823266  -0.262727677123  -0.264296778354  1.686122 10.1 2460783.57180985      99.00000000
 2460784.5   4.044688191671   4.050948774943  -0.262202533777  -0.263778611036  1.680947 10.1 2460784.56853174      99.00000000
 2460785.5   4.041142356351   4.047402278594  -0.261663335872  -0.263246620752  1.676014 10.1 2460785.56523925      99.00000000
 2460786.5   4.037508668032   4.043767718201  -0.261110743853  -0.262701429378  1.671328 10.1 2460786.56193293      99.00000000
 2460787.5   4.033790400989   4.040048286303  -0.260545330214  -0.262143557198  1.666892 10.0 2460787.55861329      99.00000000
 2460788.5   4.029991389923   4.036247766217  -0.259967844613  -0.261573691503  1.662709 10.0 2460788.55528095      99.00000000
 2460789.5   4.026115284677   4.032369810033  -0.259378954902  -0.260992439321  1.658783 10.0 2460789.55193648      99.00000000
 2460790.5   4.022166314967   4.028418724327  -0.258779513834  -0.260400608664  1.655115 10.0 2460790.54858055      99.00000000
 2460791.5   4.018148541088   4.024398721109  -0.258170295699  -0.259798964675  1.651711  9.9 2460791.54521380      99.00000000
 2460792.5   4.014066608623   4.020314639045  -0.257552259815  -0.259188502102  1.648571  9.9 2460792.54183697      99.00000000
 2460793.5   4.009924977238   4.016171102595  -0.256926277604  -0.258570165003  1.645700  9.9 2460793.53845076      99.00000000
 2460794.5   4.005728647580   4.011973178185  -0.256293389498  -0.257945072401  1.643098  9.9 2460794.53505595      99.00000000
 2460795.5   4.001482363482   4.007725546490  -0.255654524315  -0.257314203064  1.640768  9.8 2460795.53165329      99.00000000
 2460796.5   3.997191324187   4.003433248022  -0.255010756953  -0.256678630932  1.638712  9.8 2460796.52824359      99.00000000
 2460797.5   3.992860390109   3.999100957464  -0.254363030768  -0.256039252993  1.636930  9.8 2460797.52482762      99.00000000
 2460798.5   3.988494811346   3.994733776173  -0.253712424454  -0.255397075777  1.635425  9.8 2460798.52140619      99.00000000
 2460799.5   3.984099457153   3.990336492101  -0.253059880578  -0.254752968285  1.634196  9.7 2460799.51798007      99.00000000
 2460800.5   3.979679562196   3.985914327768  -0.252406478890  -0.254107949321  1.633244  9.7 2460800.51455009      99.00000000
 2460801.5   3.975239969972   3.981472167309  -0.251753165850  -0.253462924853  1.632569  9.7 2460801.51111700      99.00000000
 2460802.5   3.970785881850   3.977015286875  -0.251101029032  -0.252818961300  1.632173  9.7 2460802.50768164      99.00000000
 2460803.5   3.966322103407   3.972548583042  -0.250451024512  -0.252177011576  1.632054  9.6 2460803.50424475      99.00000000
 2460804.5   3.961853788790   3.968077304782  -0.249804250770  -0.251538184018  1.632213  9.6 2460804.50080714 2460805.49736956
 2460805.5   3.957385688227   3.963606289705  -0.249161674139  -0.250903465352  1.632650  9.6 2460806.49393279      99.00000000
 2460806.5   3.952922887481   3.959140695685  -0.248524402666  -0.250273989196  1.633364  9.6 2460807.49049764      99.00000000
 2460807.5   3.948470058937   3.954685243824  -0.247893410703  -0.249650757644  1.634355  9.7 2460808.48706478      99.00000000
 2460808.5   3.944032197521   3.950244949748  -0.247269813247  -0.249034909678  1.635623  9.7 2460809.48363505      99.00000000
 2460809.5   3.939613877611   3.945824376936  -0.246654590381  -0.248427442329  1.637166  9.7 2460810.48020910      99.00000000
 2460810.5   3.935219985717   3.941428371217  -0.246048862058  -0.247829480244  1.638984  9.8 2460811.47678773      99.00000000
 2460811.5   3.930854984048   3.937061328527  -0.245453612597  -0.247241998832  1.641075  9.8 2460812.47337159      99.00000000
 2460812.5   3.926523639114   3.932727933268  -0.244869965519  -0.246666096916  1.643439  9.8 2460813.46996148      99.00000000
 2460813.5   3.922230292171   3.928432440149  -0.244298908196  -0.246102723781  1.646075  9.8 2460814.46655799      99.00000000
 2460814.5   3.917979583067   3.924179413610  -0.243741566465  -0.245552955881  1.648980  9.9 2460815.46316192      99.00000000
 2460815.5   3.913775728388   3.919973021609  -0.243198929722  -0.245017728952  1.652155  9.9 2460816.45977386      99.00000000
 2460816.5   3.909623240410   3.915817772385  -0.242672125091  -0.244498119411  1.655596  9.9 2460817.45639457      99.00000000
 2460817.5   3.905526213252   3.911717813826  -0.242162142850  -0.243995082117  1.659303  9.9 2460818.45302463      99.00000000
 2460818.5   3.901489034368   3.907677650020  -0.241670108794  -0.243509733605  1.663273 10.0 2460819.44966478      99.00000000
 2460819.5   3.897515673835   3.903701414609  -0.241197007968  -0.243043085785  1.667505 10.0 2460820.44631558      99.00000000
 2460820.5   3.893610378663   3.899793524672  -0.240743951642  -0.242596310312  1.671995 10.0 2460821.44297773      99.00000000
 2460821.5   3.889776953931   3.895957900406  -0.240311896056  -0.242170441375  1.676742 10.1 2460822.43965176      99.00000000
 2460822.5   3.886019430119   3.892198580572  -0.239901902001  -0.241766604249  1.681743 10.1 2460823.43633834      99.00000000
 2460823.5   3.882341336391   3.888518984548  -0.239514850969  -0.241385704335  1.686995 10.1 2460824.43303793      99.00000000
 2460824.5   3.878746354613   3.884922610770  -0.239151704134  -0.241028675185  1.692494 10.1 2460825.42975112      99.00000000
 2460825.5   3.875237610607   3.881412399502  -0.238813225895  -0.240696216726  1.698237 10.1 2460826.42647834      99.00000000
 2460826.5   3.871818341030   3.877991460288  -0.238500250348  -0.240389086881  1.704219 10.2 2460827.42322010      99.00000000
 2460827.5   3.868491218302   3.874662419235  -0.238213415433  -0.240107860203  1.710438 10.2 2460828.41997675      99.00000000
 2460828.5   3.865259029426   3.871428089065  -0.237953433904  -0.239853209729  1.716889 10.2 2460829.41674875      99.00000000
 2460829.5   3.862124022030   3.868290789677  -0.237720832087  -0.239625648048  1.723568 10.2 2460830.41353637      99.00000000
 2460830.5   3.859088578519   3.865252998146  -0.237516218974  -0.239425790619  1.730472 10.3 2460831.41034002      99.00000000
 2460831.5   3.856154570181   3.862316683421  -0.237340025571  -0.239254089880  1.737595 10.3 2460832.40715992      99.00000000
 2460832.5   3.853324019079   3.859483957115  -0.237192770178  -0.239111093834  1.744935 10.3 2460833.40399641      99.00000000
 2460833.5   3.850598458035   3.856756425154  -0.237074798506  -0.238997182665  1.752488 10.3 2460834.40084966      99.00000000
 2460834.5   3.847979581075   3.854135833490  -0.236986545927  -0.238912826105  1.760248 10.4 2460835.39771997      99.00000000
 2460835.5   3.845468611798   3.851623431143  -0.236928279718  -0.238858322987  1.768213 10.4 2460836.39460746      99.00000000
 2460836.5   3.843066945000   3.849220609041  -0.236900359243  -0.238834056603  1.776378 10.4 2460837.39151238      99.00000000
 2460837.5   3.840775525799   3.846928276954  -0.236902981246  -0.238840237138  1.784739 10.4 2460838.38843480      99.00000000
 2460838.5   3.838595483874   3.844747500875  -0.236936438250  -0.238877155899  1.793292 10.4 2460839.38537495      99.00000000
 2460839.5   3.836527523891   3.842678900277  -0.237000867007  -0.238944933207  1.802034 10.5 2460840.38233286      99.00000000
 2460840.5   3.834572551807   3.840723288151  -0.237096504621  -0.239043774559  1.810961 10.5 2460841.37930872      99.00000000
 2460841.5   3.832731075242   3.838881087778  -0.237223439618  -0.239173726714  1.820068 10.5 2460842.37630254      99.00000000
 2460842.5   3.831003820007   3.837152968611  -0.237381864910  -0.239334936706  1.829352 10.5 2460843.37331449      99.00000000
 2460843.5   3.829391138407   3.835539270282  -0.237571830843  -0.239527414899  1.838809 10.6 2460844.37034456      99.00000000
 2460844.5   3.827893614225   3.834040618734  -0.237793494267  -0.239751292889  1.848435 10.6 2460845.36739288      99.00000000
 2460845.5   3.826511477135   3.832657340454  -0.238046873007  -0.240006587506  1.858227 10.6 2460846.36445946      99.00000000
 2460846.5   3.825245194119   3.831390041419  -0.238332090199  -0.240293449264  1.868181 10.6 2460847.36154438      99.00000000
 2460847.5   3.824094886909   3.830238994632  -0.238649129199  -0.240611916512  1.878292 10.6 2460848.35864763      99.00000000
 2460848.5   3.823060905884   3.829204672116  -0.238998071815  -0.240962141867  1.888558 10.7 2460849.35576929      99.00000000
 2460849.5   3.822143246192   3.828287115704  -0.239378852612  -0.241344127435  1.898973 10.7 2460850.35290931      99.00000000
 2460850.5   3.821342102099   3.827486465626  -0.239791491035  -0.241757932813  1.909534 10.7 2460851.35006775      99.00000000
 2460851.5   3.820657284590   3.826802387933  -0.240235847326  -0.242203415963  1.920237 10.7 2460852.34724451      99.00000000
 2460852.5   3.820088766328   3.826234668736  -0.240711853137  -0.242680463820  1.931076 10.7 2460853.34443962      99.00000000
 2460853.5   3.819636116095   3.825782711894  -0.241219275131  -0.243188774524  1.942048 10.8 2460854.34165295      99.00000000
 2460854.5   3.819299050121   3.825446138622  -0.241757949156  -0.243728115593  1.953149 10.8 2460855.33888448      99.00000000
 2460855.5   3.819076892214   3.825224260340  -0.242327553416  -0.244298117359  1.964373 10.8 2460856.33613406      99.00000000
 2460856.5   3.818969130627   3.825116620046  -0.242927844158  -0.244898515608  1.975717 10.8 2460857.33340164      99.00000000
 2460857.5   3.818974894344   3.825122438975  -0.243558433776  -0.245528928119  1.987176 10.8 2460858.33068703      99.00000000
 2460858.5   3.819093503235   3.825241140491  -0.244219022953  -0.246189078621  1.998746 10.9 2460859.32799015      99.00000000
 2460859.5   3.819323949703   3.825471812615  -0.244909180040  -0.246878569081  2.010424 10.9 2460860.32531082      99.00000000
 2460860.5   3.819665436127   3.825813735973  -0.245628567939  -0.247597099557  2.022205 10.9 2460861.32264893      99.00000000
 2460861.5   3.820116859727   3.826265863048  -0.246376724669  -0.248344245184  2.034085 10.9 2460862.32000426      99.00000000
 2460862.5   3.820677338538   3.826827342073  -0.247153285883  -0.249119674717  2.046061 10.9 2460863.31737672      99.00000000
 2460863.5   3.821345701807   3.827497004570  -0.247957767849  -0.249922931452  2.058129 11.0 2460864.31476607      99.00000000
 2460864.5   3.822121007694   3.828273881930  -0.248789786831  -0.250753648839  2.070286 11.0 2460865.31217220      99.00000000
 2460865.5   3.823002041734   3.829156703107  -0.249648845473  -0.251611334473  2.082528 11.0 2460866.30959489      99.00000000
 2460866.5   3.823987828691   3.830144410944  -0.250534549712  -0.252495583603  2.094852 11.0 2460867.30703401      99.00000000
 2460867.5   3.825077140091   3.831235679130  -0.251446398781  -0.253405869089  2.107254 11.0 2460868.30448933      99.00000000
 2460868.5   3.826269000487   3.832429436210  -0.252383999396  -0.254341757313  2.119732 11.0 2460869.30196074      99.00000000
 2460869.5   3.827562202462   3.833724402033  -0.253346858593  -0.255302708370  2.132282 11.1 2460870.29944802      99.00000000
 2460870.5   3.828955804858   3.835119608260  -0.254334594033  -0.256288295826  2.144902 11.1 2460871.29695106      99.00000000
 2460871.5   3.830448651529   3.836613930373  -0.255346728307  -0.257298013290  2.157588 11.1 2460872.29446964      99.00000000
 2460872.5   3.832039858229   3.838206575125  -0.256382894221  -0.258331488457  2.170338 11.1 2460873.29200368      99.00000000
 2460873.5   3.833728332094   3.839896582842  -0.257442629783  -0.259388283079  2.183148 11.1 2460874.28955297      99.00000000
 2460874.5   3.835513245875   3.841683271665  -0.258525578275  -0.260468089294  2.196017 11.1 2460875.28711742      99.00000000
 2460875.5   3.837393557540   3.843565718575  -0.259631284142  -0.261570515835  2.208940 11.2 2460876.28469684      99.00000000
 2460876.5   3.839368472583   3.845543186828  -0.260759388435  -0.262695266762  2.221916 11.2 2460877.28229112      99.00000000
 2460877.5   3.841436964690   3.847614624144  -0.261909426362  -0.263841922026  2.234940 11.2 2460878.27990007      99.00000000
 2460878.5   3.843598228455   3.849779117604  -0.263081019280  -0.265010114821  2.248010 11.2 2460879.27752359      99.00000000
 2460879.5   3.845851204595   3.852035446695  -0.264273675589  -0.266199328693  2.261123 11.2 2460880.27516148      99.00000000
 2460880.5   3.848195029138   3.854382580650  -0.265486981642  -0.267409095515  2.274275 11.2 2460881.27281363      99.00000000
 2460881.5   3.850628570345   3.856819263204  -0.266720408553  -0.268638820484  2.287463 11.2 2460882.27047982      99.00000000
 2460882.5   3.853150881665   3.859344496165  -0.267973504149  -0.269887993141  2.300684 11.3 2460883.26815994      99.00000000
 2460883.5   3.855760754343   3.861957093939  -0.269245706355  -0.271156015633  2.313936 11.3 2460884.26585376      99.00000000
 2460884.5   3.858457173910   3.864656120740  -0.270536535130  -0.272442398565  2.327213 11.3 2460885.26356115      99.00000000
 2460885.5   3.861238883391   3.867440424231  -0.271845409895  -0.273746575492  2.340515 11.3 2460886.26128188      99.00000000
 2460886.5   3.864104836297   3.870309063264  -0.273171838519  -0.275068083387  2.353837 11.3 2460887.25901583      99.00000000
 2460887.5   3.867053763240   3.873260856950  -0.274515236302  -0.276406374268  2.367178 11.3 2460888.25676275      99.00000000
 2460888.5   3.870084616826   3.876294821888  -0.275875110640  -0.277760992904  2.380534 11.3 2460889.25452253      99.00000000
 2460889.5   3.873196139358   3.879409736622  -0.277250881218  -0.279131393572  2.393902 11.4 2460890.25229492      99.00000000
 2460890.5   3.876387300023   3.882604579145  -0.278642060849  -0.280517117502  2.407281 11.4 2460891.25007980      99.00000000
 2460891.5   3.879656865151   3.885878096671  -0.280048077708  -0.281917613626  2.420668 11.4 2460892.24787694      99.00000000
 2460892.5   3.883003830275   3.889229238389  -0.281468453380  -0.283332413585  2.434060 11.4 2460893.24568622      99.00000000
 2460893.5   3.886426995320   3.892656731487  -0.282902628030  -0.284760954907  2.447455 11.4 2460894.24350742      99.00000000
 2460894.5   3.889925394128   3.896159516609  -0.284350136425  -0.286202753991  2.460852 11.4 2460895.24134041      99.00000000
 2460895.5   3.893497876226   3.899736341270  -0.285810436436  -0.287657234707  2.474247 11.4 2460896.23918499      99.00000000
 2460896.5   3.897143534813   3.903386208971  -0.287283083048  -0.289123904923  2.487640 11.4 2460897.23704105      99.00000000
 2460897.5   3.900861294141   3.907107992159  -0.288767559538  -0.290602196838  2.501027 11.5 2460898.23490840      99.00000000
 2460898.5   3.904650333364   3.910900880052  -0.290263448255  -0.292091650166  2.514408 11.5 2460899.23278695      99.00000000
 2460899.5   3.908509674704   3.914763975053  -0.291770262734  -0.293591758911  2.527781 11.5 2460900.23067652      99.00000000
 2460900.5   3.912438597843   3.918696693408  -0.293287613559  -0.295102145589  2.541143 11.5 2460901.22857704      99.00000000
 2460901.5   3.916436224064   3.922698312600  -0.294815040284  -0.296622393155  2.554493 11.5 2460902.22648835      99.00000000
 2460902.5   3.920501919262   3.926768329102  -0.296352172377  -0.298152194143  2.567829 11.5 2460903.22441037      99.00000000
 2460903.5   3.924634875138   3.930906000318  -0.297898562047  -0.299691166491  2.581149 11.5 2460904.22234295      99.00000000
 2460904.5   3.928834504980   3.935110722411  -0.299453842178  -0.301238992766  2.594451 11.5 2460905.22028602      99.00000000
 2460905.5   3.933100026957   3.939381618949  -0.301017562036  -0.302795243757  2.607733 11.5 2460906.21823944      99.00000000
 2460906.5   3.937430857768   3.943717961755  -0.302589343879  -0.304359529963  2.620992 11.5 2460907.21620313      99.00000000
 2460907.5   3.941826201781   3.948118798074  -0.304168722669  -0.305931346460  2.634228 11.6 2460908.21417694      99.00000000
 2460908.5   3.946285445590   3.952583385114  -0.305755302088  -0.307510239854  2.647436 11.6 2460909.21216079      99.00000000
 2460909.5   3.950807755077   3.957110815799  -0.307348598651  -0.309095668230  2.660616 11.6 2460910.21015453      99.00000000
 2460910.5   3.955392472696   3.961700428073  -0.308948197325  -0.310687170161  2.673765 11.6 2460911.20815807      99.00000000
 2460911.5   3.960038723054   3.966351402283  -0.310553599831  -0.312284222742  2.686880 11.6 2460912.20617126      99.00000000
 2460912.5   3.964745812452   3.971063139904  -0.312164379229  -0.313886397705  2.699960 11.6 2460913.20419401      99.00000000
 2460913.5   3.969512840631   3.975834848730  -0.313780031272  -0.315493209739  2.713002 11.6 2460914.20222616      99.00000000
 2460914.5   3.974339099295   3.980665919596  -0.315400126653  -0.317104261053  2.726004 11.6 2460915.20026761      99.00000000
 2460915.5   3.979223686072   3.985555525464  -0.317024164124  -0.318719087757  2.738965 11.6 2460916.19831821      99.00000000
 2460916.5   3.984165898973   3.990503010157  -0.318651719542  -0.320337302173  2.751883 11.6 2460917.19637787      99.00000000
 2460917.5   3.989164850433   3.995507501175  -0.320282300336  -0.321958443918  2.764755 11.6 2460918.19444642      99.00000000
 2460918.5   3.994219857231   4.000568302070  -0.321915491467  -0.323582122614  2.777580 11.6 2460919.19252377      99.00000000
 2460919.5   3.999330055064   4.005684508904  -0.323550811640  -0.325207873014  2.790357 11.7 2460920.19060978      99.00000000
 2460920.5   4.004494785518   4.010855400142  -0.325187856804  -0.326835295974  2.803083 11.7 2460921.18870435      99.00000000
 2460921.5   4.009713212998   4.016080056428  -0.326826158772  -0.328463915663  2.815758 11.7 2460922.18680733      99.00000000
 2460922.5   4.014984711109   4.021357754438  -0.328465326913  -0.330093318526  2.828380 11.7 2460923.18491865      99.00000000
 2460923.5   4.020308483981   4.026687601359  -0.330104909652  -0.331723014996  2.840948 11.7 2460924.18303817      99.00000000
 2460924.5   4.025683953784   4.032068945188  -0.331744534566  -0.333352582183  2.853459 11.7 2460925.18116581      99.00000000
 2460925.5   4.031110386675   4.037501028043  -0.333383772470  -0.334981537944  2.865914 11.7 2460926.17930144      99.00000000
 2460926.5   4.036587279677   4.042983396677  -0.335022274979  -0.336609492946  2.878311 11.7 2460927.17744502      99.00000000
 2460927.5   4.042113986450   4.048515530005  -0.336659639527  -0.338236032961  2.890649 11.7 2460928.17559643      99.00000000
 2460928.5   4.047690096634   4.054097189196  -0.338295542461  -0.339860860738  2.902927 11.7 2460929.17375564      99.00000000
 2460929.5   4.053315054117   4.059727979600  -0.339929603444  -0.341483656256  2.915143 11.7 2460930.17192253      99.00000000
 2460930.5   4.058988524626   4.065407661673  -0.341561513796  -0.343104185360  2.927297 11.7 2460931.17009708      99.00000000
 2460931.5   4.064710007459   4.071135731136  -0.343190901649  -0.344722141194  2.939386 11.7 2460932.16827919      99.00000000
 2460932.5   4.070479197814   4.076911788486  -0.344817458133  -0.346337250893  2.951411 11.7 2460933.16646883      99.00000000
 2460933.5   4.076295600898   4.082735187899  -0.346440806048  -0.347949138103  2.963368 11.7 2460934.16466588      99.00000000
 2460934.5   4.082158897134   4.088605448135  -0.348060625885  -0.349557452802  2.975257 11.7 2460935.16287032      99.00000000
 2460935.5   4.088068563291   4.094521912259  -0.349676528729  -0.351161756403  2.987075 11.8 2460936.16108205      99.00000000
 2460936.5   4.094024241884   4.100484142449  -0.351288181845  -0.352761660223  2.998822 11.8 2460937.15930102      99.00000000
 2460937.5   4.100025368206   4.106491555605  -0.352895185034  -0.354356714843  3.010495 11.8 2460938.15752712      99.00000000
 2460938.5   4.106071542161   4.112543790911  -0.354497194947  -0.355946542597  3.022093 11.8 2460939.15576031      99.00000000
 2460939.5   4.112162159403   4.118640325381  -0.356093804223  -0.357530722046  3.033614 11.8 2460940.15400048      99.00000000
 2460940.5   4.118296784351   4.124780826565  -0.357684664026  -0.359108909947  3.045056 11.8 2460941.15224758      99.00000000
 2460941.5   4.124474784155   4.130964764604  -0.359269365512  -0.360680719875  3.056419 11.8 2460942.15050149      99.00000000
 2460942.5   4.130695701686   4.137191768224  -0.360847560171  -0.362245835997  3.067700 11.8 2460943.14876215      99.00000000
 2460943.5   4.136958890755   4.143461248421  -0.362418843199  -0.363803890798  3.078898 11.8 2460944.14702945      99.00000000
 2460944.5   4.143263887609   4.149772766135  -0.363982871279  -0.365354576505  3.090012 11.8 2460945.14530333      99.00000000
 2460945.5   4.149610045999   4.156125667730  -0.365539247608  -0.366897526720  3.101040 11.8 2460946.14358366      99.00000000
 2460946.5   4.155996906436   4.162519458549  -0.367087637070  -0.368432428165  3.111981 11.8 2460947.14187039      99.00000000
 2460947.5   4.162423830879   4.168953441899  -0.368627653031  -0.369958906538  3.122834 11.8 2460948.14016341      99.00000000
 2460948.5   4.168890370365   4.175427092228  -0.370158970173  -0.371476637222  3.133598 11.8 2460949.13846265      99.00000000
 2460949.5   4.175395900400   4.181939695965  -0.371681213426  -0.372985233574  3.144272 11.8 2460950.13676800      99.00000000
 2460950.5   4.181939988721   4.188490728491  -0.373194068871  -0.374484355807  3.154855 11.8 2460951.13507940      99.00000000
 2460951.5   4.188522033339   4.195079506005  -0.374697175190  -0.375973603160  3.165345 11.8 2460952.13339676      99.00000000
 2460952.5   4.195141632490   4.201705577458  -0.376190232887  -0.377452625646  3.175743 11.8 2460953.13172001      99.00000000
 2460953.5   4.201798226596   4.208368391865  -0.377672898209  -0.378921027801  3.186046 11.8 2460954.13004907      99.00000000
 2460954.5   4.208491470079   4.215067690060  -0.379144890171  -0.380378490544  3.196256 11.8 2460955.12838391      99.00000000
 2460955.5   4.215220873841   4.221803142066  -0.380605885832  -0.381824685360  3.206370 11.8 2460956.12672443      99.00000000
 2460956.5   4.221986172141   4.228574672232  -0.382055623519  -0.383259387604  3.216388 11.8 2460957.12507061      99.00000000
 2460957.5   4.228786956421   4.235382021710  -0.383493797899  -0.384682365628  3.226310 11.8 2460958.12342239      99.00000000
 2460958.5   4.235623029632   4.242225039306  -0.384920158764  -0.386093453691  3.236135 11.8 2460959.12177974      99.00000000
 2460959.5   4.242494029577   4.249103285545  -0.386334406864  -0.387492417561  3.245861 11.8 2460960.12014259      99.00000000
 2460960.5   4.249399777023   4.256016416134  -0.387736290698  -0.388879030347  3.255488 11.8 2460961.11851091      99.00000000
 2460961.5   4.256339900435   4.262963869217  -0.389125506021  -0.390252971316  3.265014 11.8 2460962.11688463      99.00000000
 2460962.5   4.263314189909   4.269945276255  -0.390501792722  -0.391613934743  3.274439 11.8 2460963.11526373      99.00000000
 2460963.5   4.270322230483   4.276960126312  -0.391864838575  -0.392961551808  3.283760 11.8 2460964.11364812      99.00000000
 2460964.5   4.277363763130   4.284008133961  -0.393214375490  -0.394295500833  3.292978 11.8 2460965.11203777      99.00000000
 2460965.5   4.284438323579   4.291088867875  -0.394550086221  -0.395615424348  3.302089 11.8 2460966.11043260      99.00000000
 2460966.5   4.291545606017   4.298202097627  -0.395871698767  -0.396921027248  3.311094 11.8 2460967.10883258      99.00000000
 2460967.5   4.298685103595   4.305347414530  -0.397178895222  -0.398211987331  3.319991 11.8 2460968.10723761      99.00000000
 2460968.5   4.305856472505   4.312524577756  -0.398471403902  -0.399488044940  3.328778 11.8 2460969.10564764      99.00000000
 2460969.5   4.313059172973   4.319733138859  -0.399748910190  -0.400748911068  3.337455 11.8 2460970.10406259      99.00000000
 2460970.5   4.320292833343   4.326972793962  -0.401011146357  -0.401994351571  3.346021 11.8 2460971.10248240      99.00000000
 2460971.5   4.327556891385   4.334243017076  -0.402257804405  -0.403224095549  3.354473 11.8 2460972.10090697      99.00000000
 2460972.5   4.334850958218   4.341543421939  -0.403488623549  -0.404437916996  3.362812 11.8 2460973.09933625      99.00000000
 2460973.5   4.342174459508   4.348873404875  -0.404703305010  -0.405635546223  3.371036 11.8 2460974.09777013      99.00000000
 2460974.5   4.349526998838   4.356232513954  -0.405901597126  -0.406816751152  3.379145 11.8 2460975.09620857      99.00000000
 2460975.5   4.356907998396   4.363620096456  -0.407083212091  -0.407981253024  3.387137 11.8 2460976.09465146      99.00000000
 2460976.5   4.364317061778   4.371035670128  -0.408247908758  -0.409128807274  3.395013 11.8 2460977.09309873      99.00000000
 2460977.5   4.371753614538   4.378478572284  -0.409395411472  -0.410259122619  3.402770 11.8 2460978.09155030      99.00000000
 2460978.5   4.379217267377   4.385948334116  -0.410525490715  -0.411371940805  3.410409 11.8 2460979.09000611      99.00000000
 2460979.5   4.386707457944   4.393444336296  -0.411637884220  -0.412466959682  3.417928 11.8 2460980.08846605      99.00000000
 2460980.5   4.394223816201   4.400966193060  -0.412732375585  -0.413543914814  3.425328 11.8 2460981.08693009      99.00000000
 2460981.5   4.401765809087   4.408513416001  -0.413808717660  -0.414602512281  3.432608 11.8 2460982.08539813      99.00000000
 2460982.5   4.409333108791   4.416085794033  -0.414866708869  -0.415642518381  3.439768 11.8 2460983.08387014      99.00000000
 2460983.5   4.416925238742   4.423683026743  -0.415906118301  -0.416663702666  3.446807 11.8 2460984.08234604      99.00000000
 2460984.5   4.424541939857   4.431305042528  -0.416926758854  -0.417665921456  3.453725 11.8 2460985.08082581      99.00000000
 2460985.5   4.432182809306   4.438951561501  -0.417928413106  -0.418649038423  3.460521 11.8 2460986.07930937      99.00000000
 2460986.5   4.439847655116   4.446622386906  -0.418910902827  -0.419612966315  3.467196 11.8 2460987.07779671      99.00000000
 2460987.5   4.447536121850   4.454317023304  -0.419874016222  -0.420557559660  3.473748 11.8 2460988.07628774      99.00000000
 2460988.5   4.455248036212   4.462035079937  -0.420817575475  -0.421482658469  3.480177 11.8 2460989.07478245      99.00000000
 2460989.5   4.462983031039   4.469775978730  -0.421741367504  -0.422388020827  3.486482 11.8 2460990.07328077      99.00000000
 2460990.5   4.470740896891   4.477539368988  -0.422645211124  -0.423273408292  3.492663 11.8 2460991.07178266      99.00000000
 2460991.5   4.478521215642   4.485324781009  -0.423528891668  -0.424138544125  3.498717 11.8 2460992.07028804      99.00000000
 2460992.5   4.486323721733   4.493131975146  -0.424392226985  -0.424983194602  3.504646 11.8 2460993.06879690      99.00000000
 2460993.5   4.494147942323   4.500960555583  -0.425235004693  -0.425807114636  3.510446 11.8 2460994.06730913      99.00000000
 2460994.5   4.501993562184   4.508810309377  -0.426057045888  -0.426610111779  3.516118 11.8 2460995.06582470      99.00000000
 2460995.5   4.509860064675   4.516680826485  -0.426858144358  -0.427391984121  3.521661 11.7 2460996.06434353      99.00000000
 2460996.5   4.517747096505   4.524571850065  -0.427638127739  -0.428152577187  3.527074 11.7 2460997.06286555      99.00000000
 2460997.5   4.525654107730   4.532482905720  -0.428396798704  -0.428891722245  3.532356 11.7 2460998.06139069      99.00000000
 2460998.5   4.533580716040   4.540413658713  -0.429133993685  -0.429609290136  3.537506 11.7 2460999.05991888      99.00000000
 2460999.5   4.541526346181   4.548363548843  -0.429849526174  -0.430305131180  3.542523 11.7 2461000.05845002      99.00000000
 2461000.5   4.549490594435   4.556332154306  -0.430543243098  -0.430979126328  3.547407 11.7 2461001.05698407      99.00000000
 2461001.5   4.557472867979   4.564318833687  -0.431214970279  -0.431631129376  3.552158 11.7 2461002.05552090      99.00000000
 2461002.5   4.565472749839   4.572323097716  -0.431864566459  -0.432261016709  3.556774 11.7 2461003.05406046      99.00000000
 2461003.5   4.573489638177   4.580344257800  -0.432491870902  -0.432868633487  3.561256 11.7 2461004.05260265      99.00000000
 2461004.5   4.581523111622   4.588381802864  -0.433096755043  -0.433453843357  3.565602 11.7 2461005.05114740      99.00000000
 2461005.5   4.589572568377   4.596435050472  -0.433679072245  -0.434016479278  3.569813 11.7 2461006.04969462      99.00000000
 2461006.5   4.597637592145   4.604503525705  -0.434238707085  -0.434556393352  3.573888 11.7 2461007.04824423      99.00000000
 2461007.5   4.605717591630   4.612586613618  -0.434775527281  -0.435073412608  3.577827 11.7 2461008.04679615      99.00000000
 2461008.5   4.613812168078   4.620683939959  -0.435289430598  -0.435567390217  3.581630 11.7 2461009.04535031      99.00000000
 2461009.5   4.621920756343   4.628795021665  -0.435780298878  -0.436038168957  3.585296 11.7 2461010.04390663      99.00000000
 2461010.5   4.630042994931   4.636919636265  -0.436248042382  -0.436485636772  3.588827 11.7 2461011.04246506      99.00000000
 2461011.5   4.638178368225   4.645057442573  -0.436692555658  -0.436909697028  3.592221 11.6 2461012.04102552      99.00000000
 2461012.5   4.646326576220   4.653208301806  -0.437113759018  -0.437310317581  3.595479 11.6 2461013.03958798      99.00000000
 2461013.5   4.654487171890   4.661371847849  -0.437511556102  -0.437687483540  3.598601 11.6 2461014.03815236      99.00000000
 2461014.5   4.662659922234   4.669547796931  -0.437885872702  -0.438041210800  3.601587 11.6 2461015.03671863      99.00000000
 2461015.5   4.670844433240   4.677735575978  -0.438236616788  -0.438371472708  3.604436 11.6 2461016.03528671      99.00000000
 2461016.5   4.679040500405   4.685934740218  -0.438563715836  -0.438678211968  3.607149 11.6 2461017.03385658      99.00000000
 2461017.5   4.687247728167   4.694144684478  -0.438867080410  -0.438961304859  3.609725 11.6 2461018.03242815      99.00000000
 2461018.5   4.695465883489   4.702365060824  -0.439146640454  -0.439220617527  3.612164 11.6 2461019.03100140      99.00000000
 2461019.5   4.703694523608   4.710595417770  -0.439402312040  -0.439456000013  3.614464 11.6 2461020.02957624      99.00000000
 2461020.5   4.711933360470   4.718835537838  -0.439634031612  -0.439667337969  3.616627 11.6 2461021.02815264      99.00000000
 2461021.5   4.720181896620   4.727085034822  -0.439841724868  -0.439854529397  3.618650 11.5 2461022.02673051      99.00000000
 2461022.5   4.728439794999   4.735343691632  -0.440025338266  -0.440017514205  3.620534 11.5 2461023.02530982      99.00000000
 2461023.5   4.736706516162   4.743611076992  -0.440184809799  -0.440156241384  3.622278 11.5 2461024.02389045      99.00000000
 2461024.5   4.744981688063   4.751886904557  -0.440320097846  -0.440270692013  3.623881 11.5 2461025.02247238      99.00000000
 2461025.5   4.753264741598   4.760170663150  -0.440431154060  -0.440360848833  3.625343 11.5 2461026.02105548      99.00000000
 2461026.5   4.761555279389   4.768461982893  -0.440517949788  -0.440426718191  3.626665 11.5 2461027.01963973      99.00000000
 2461027.5   4.769852709911   4.776760268055  -0.440580451229  -0.440468302706  3.627844 11.5 2461028.01822500      99.00000000
 2461028.5   4.778156616207   4.785065066430  -0.440618643493  -0.440485620824  3.628882 11.5 2461029.01681124      99.00000000
 2461029.5   4.786466389727   4.793375706547  -0.440632508045  -0.440478681369  3.629778 11.4 2461030.01539835      99.00000000
 2461030.5   4.794781599982   4.801691674628  -0.440622044332  -0.440447500603  3.630532 11.4 2461031.01398626      99.00000000
 2461031.5   4.803101628827   4.810012260178  -0.440587249442  -0.440392080063  3.631143 11.4 2461032.01257485      99.00000000
 2461032.5   4.811426041420   4.818336941298  -0.440528137210  -0.440312423694  3.631613 11.4 2461033.01116408      99.00000000
 2461033.5   4.819754220939   4.826665034564  -0.440444720013  -0.440208521774  3.631940 11.4 2461034.00975383      99.00000000
 2461034.5   4.828085740642   4.834996080392  -0.440337025303  -0.440080370237  3.632124 11.4 2461035.00834405      99.00000000
 2461035.5   4.836419998783   4.843329486098  -0.440205079520  -0.439927961220  3.632167 11.4 2461036.00693462      99.00000000
 2461036.5   4.844756591702   4.851664898569  -0.440048922009  -0.439751301542  3.632069 11.3 2461037.00552550      99.00000000
 2461037.5   4.853094949086   4.860001829339  -0.439868590999  -0.439550398554  3.631828 11.3 2461038.00411658      99.00000000
 2461038.5   4.861434708255   4.868340022070  -0.439664134825  -0.439325255266  3.631448 11.3 2461039.00270781      99.00000000
 2461039.5   4.869775349433   4.876679114348  -0.439435599908  -0.439075856998  3.630926 11.3 2461040.00129913      99.00000000
 2461040.5   4.878116569675   4.885019013687  -0.439183039334  -0.438802258730  3.630265 11.3 2461040.99989051      99.00000000
 2461041.5   4.886457914654   4.893359383188  -0.438906503143  -0.438504638909  3.629464 11.3 2461041.99848187      99.00000000
 2461042.5   4.894799146850   4.901699894793  -0.438606044948  -0.438183207456  3.628524 11.3 2461042.99707320      99.00000000
