2460674.13724573
2460675.13736380
2460676.13745696
2460677.13752502
2460678.13756782
2460679.13758516
2460680.13757682
2460681.13754259
2460682.13748223
2460683.13739550
2460684.13728215
2460685.13714191
2460686.13697454
2460687.13677976
2460688.13655730
2460689.13630688
2460690.13602820
2460691.13572094
2460692.13538476
2460693.13501929
2460694.13462412
2460695.13419881
2460696.13374287
2460697.13325576
2460698.13273690
2460699.13218566
2460700.13160135
2460701.13098322
2460702.13033046
2460703.12964219
2460704.12891745
2460705.12815520
2460706.12735431
2460707.12651357
2460708.12563167
2460709.12470720
2460710.12373868
2460711.12272455
2460712.12166318
2460713.12055286
2460714.11939182
2460715.11817822
2460716.11691016
2460717.11558570
2460718.11420282
2460719.11275943
2460720.11125339
2460721.10968252
2460722.10804455
2460723.10633718
2460724.10455805
2460725.10270475
2460726.10077488
2460727.09876600
2460728.09667566
2460729.09450146
2460730.09224102
2460731.08989203
2460732.08745226
2460733.08491961
2460734.08229209
2460735.07956790
2460736.07674548
2460737.07382353
2460738.07080111
2460739.06767772
2460740.06445335
2460741.06112856
2460742.05770456
2460743.05418324
2460744.05056725
2460745.04686001
2460746.04306575
2460747.03918951
2460748.03523717
2460749.03121540
2460750.02713162
2460751.02299399
2460752.01881128
2460753.01459285
2460754.01034848
2460755.00608830
2460756.00182265
2460756.99756195
2460757.99331655
2460758.98909662
2460759.98491199
2460760.98077204
2460761.97668561
2460762.97266088
2460763.96870534
2460764.96482574
2460765.96102810
2460766.95731770
2460767.95369907
2460768.95017604
2460769.94675173
2460770.94342859
2460771.94020840
2460772.93709231
2460773.93408088
2460774.93117413
2460775.92837160
2460776.92567236
2460777.92307513
2460778.92057825
2460779.91817979
2460780.91587755
2460781.91366917
2460782.91155207
2460783.90952359
2460784.90758094
2460785.90572128
2460786.90394172
2460787.90223936
2460788.90061128
2460789.89905458
2460790.89756639
2460791.89614390
2460792.89478434
2460793.89348507
2460794.89224352
2460795.89105727
2460796.88992400
2460797.88884153
2460798.88780780
2460799.88682083
2460800.88587876
2460801.88497981
2460802.88412229
2460803.88330459
2460804.88252518
2460805.88178260
2460806.88107547
2460807.88040248
2460808.87976239
2460809.87915400
2460810.87857620
2460811.87802792
2460812.87750816
2460813.87701596
2460814.87655040
2460815.87611062
2460816.87569580
2460817.87530514
2460818.87493790
2460819.87459338
2460820.87427089
2460821.87396981
2460822.87368956
2460823.87342962
2460824.87318953
2460825.87296887
2460826.87276731
2460827.87258453
2460828.87242027
2460829.87227430
2460830.87214643
2460831.87203647
2460832.87194428
2460833.87186972
2460834.87181268
2460835.87177306
2460836.87175079
2460837.87174577
2460838.87175797
2460839.87178733
2460840.87183378
2460841.87189730
2460842.87197784
2460843.87207533
2460844.87218974
2460845.87232100
2460846.87246904
2460847.87263378
2460848.87281514
2460849.87301301
2460850.87322731
2460851.87345794
2460852.87370482
2460853.87396788
2460854.87424705
2460855.87454229
2460856.87485356
2460857.87518080
2460858.87552399
2460859.87588307
2460860.87625798
2460861.87664865
2460862.87705502
2460863.87747700
2460864.87791448
2460865.87836736
2460866.87883550
2460867.87931877
2460868.87981699
2460869.88033000
2460870.88085758
2460871.88139950
2460872.88195551
2460873.88252531
2460874.88310860
2460875.88370502
2460876.88431420
2460877.88493573
2460878.88556920
2460879.88621416
2460880.88687017
2460881.88753675
2460882.88821344
2460883.88889979
2460884.88959532
2460885.89029956
2460886.89101204
2460887.89173226
2460888.89245974
2460889.89319399
2460890.89393450
2460891.89468076
2460892.89543226
2460893.89618850
2460894.89694895
2460895.89771309
2460896.89848040
2460897.89925037
2460898.90002248
2460899.90079619
2460900.90157097
2460901.90234630
2460902.90312162
2460903.90389640
2460904.90467008
2460905.90544212
2460906.90621198
2460907.90697913
2460908.90774306
2460909.90850325
2460910.90925925
2460911.91001060
2460912.91075687
2460913.91149767
2460914.91223263
2460915.91296139
2460916.91368364
2460917.91439907
2460918.91510742
2460919.91580844
2460920.91650191
2460921.91718762
2460922.91786541
2460923.91853513
2460924.91919666
2460925.91984990
2460926.92049479
2460927.92113128
2460928.92175933
2460929.92237893
2460930.92299006
2460931.92359275
2460932.92418700
2460933.92477284
2460934.92535032
2460935.92591949
2460936.92648044
2460937.92703326
2460938.92757806
2460939.92811499
2460940.92864420
2460941.92916588
2460942.92968022
2460943.93018744
2460944.93068779
2460945.93118151
2460946.93166888
2460947.93215019
2460948.93262574
2460949.93309584
2460950.93356084
2460951.93402108
2460952.93447693
2460953.93492876
2460954.93537697
2460955.93582197
2460956.93626417
2460957.93670399
2460958.93714185
2460959.93757817
2460960.93801337
2460961.93844785
2460962.93888202
2460963.93931631
2460964.93975111
2460965.94018685
2460966.94062394
2460967.94106280
2460968.94150385
2460969.94194751
2460970.94239421
2460971.94284436
2460972.94329841
2460973.94375678
2460974.94421989
2460975.94468818
2460976.94516208
2460977.94564202
2460978.94612842
2460979.94662171
2460980.94712233
2460981.94763071
2460982.94814728
2460983.94867246
2460984.94920669
2460985.94975038
2460986.95030394
2460987.95086777
2460988.95144224
2460989.95202770
2460990.95262450
2460991.95323294
2460992.95385333
2460993.95448595
2460994.95513104
2460995.95578886
2460996.95645961
2460997.95714349
2460998.95784068
2460999.95855134
2461000.95927558
2461001.96001353
2461002.96076526
2461003.96153084
2461004.96231030
2461005.96310366
2461006.96391091
2461007.96473202
2461008.96556692
2461009.96641555
2461010.96727779
2461011.96815353
2461012.96904263
2461013.96994490
2461014.97086015
2461015.97178814
2461016.97272862
2461017.97368127
2461018.97464575
2461019.97562170
2461020.97660868
2461021.97760627
2461022.97861396
2461023.97963124
2461024.98065758
2461025.98169238
2461026.98273505
2461027.98378496
2461028.98484146
2461029.98590387
2461030.98697149
2461031.98804362
2461032.98911952
2461033.99019847
2461034.99127972
2461035.99236252
2461036.99344613
2461037.99452980
2461038.99561278
2461039.99669435
2461040.99777379
2461041.99885038
2461042.99992343
2461044.00099226
