 2460661.5   7.16  -4.3   1.3 19.40 19.40 0.619  76.2  7.39 149.33 153.00   1.94 229.25   1.35   9.42 256.00   9.69 345.09
 2460662.5   7.10  -4.3   1.3 19.56 19.56 0.615  76.7  7.53 150.92 155.61   1.88 232.32   1.28   9.52 255.63   9.77 344.75
 2460663.5   7.04  -4.3   1.3 19.73 19.73 0.611  77.2  7.67 152.52 158.21   1.82 235.40   1.22   9.62 255.26   9.86 344.42
 2460664.5   6.98  -4.3   1.3 19.90 19.90 0.607  77.6  7.82 154.12 160.82   1.76 238.48   1.15   9.72 254.89   9.94 344.10
 2460665.5   6.91  -4.4   1.3 20.07 20.07 0.603  78.1  7.97 155.72 163.42   1.69 241.56   1.08   9.82 254.54  10.03 343.79
 2460666.5   6.85  -4.4   1.3 20.25 20.25 0.599  78.6  8.13 157.32 166.01   1.63 244.64   1.02   9.92 254.19  10.12 343.48
 2460667.5   6.79  -4.4   1.3 20.43 20.43 0.595  79.1  8.28 158.92 168.60   1.56 247.72   0.95  10.03 253.85  10.21 343.18
 2460668.5   6.73  -4.4   1.4 20.61 20.61 0.590  79.6  8.45 160.52 171.19   1.49 250.80   0.88  10.14 253.51  10.30 342.89
 2460669.5   6.67  -4.4   1.4 20.80 20.80 0.586  80.1  8.61 162.12 173.78   1.41 253.88   0.81  10.25 253.18  10.40 342.61
 2460670.5   6.61  -4.4   1.4 20.99 20.99 0.582  80.6  8.78 163.72 176.36   1.34 256.97   0.74  10.36 252.86  10.49 342.33
 2460671.5   6.55  -4.4   1.4 21.19 21.19 0.577  81.1  8.96 165.33 178.94   1.26 260.05   0.67  10.47 252.55  10.59 342.07
 2460672.5   6.49  -4.4   1.4 21.39 21.39 0.573  81.6  9.13 166.93 181.51   1.18 263.13   0.60  10.58 252.24  10.69 341.81
 2460673.5   6.43  -4.4   1.4 21.59 21.59 0.568  82.1  9.32 168.53 184.08   1.10 266.21   0.52  10.69 251.94  10.79 341.56
 2460674.5   6.37  -4.4   1.4 21.80 21.80 0.564  82.6  9.50 170.14 186.65   1.01 269.30   0.45  10.81 251.64  10.90 341.32
 2460675.5   6.31  -4.5   1.4 22.01 22.01 0.559  83.2  9.70 171.74 189.21   0.93 272.38   0.38  10.93 251.36  11.00 341.09
 2460676.5   6.25  -4.5   1.4 22.22 22.22 0.555  83.7  9.89 173.35 191.76   0.84 275.47   0.31  11.05 251.08  11.11 340.86
 2460677.5   6.18  -4.5   1.4 22.44 22.44 0.550  84.2 10.10 174.95 194.31   0.75 278.55   0.23  11.17 250.80  11.22 340.64
 2460678.5   6.12  -4.5   1.4 22.67 22.67 0.545  84.8 10.30 176.56 196.86   0.65 281.64   0.16  11.29 250.53  11.33 340.43
 2460679.5   6.06  -4.5   1.4 22.90 22.90 0.541  85.3 10.52 178.17 199.40   0.56 284.73   0.08  11.41 250.27  11.45 340.23
 2460680.5   6.00  -4.5   1.4 23.13 23.13 0.536  85.9 10.74 179.77 201.93   0.46 287.82   0.01  11.54 250.01  11.57 340.03
 2460681.5   5.94  -4.5   1.4 23.37 23.37 0.531  86.4 10.96 181.38 204.46   0.36 290.90  -0.06  11.66 249.76  11.69 339.85
 2460682.5   5.88  -4.5   1.4 23.62 23.62 0.526  87.0 11.19 182.99 206.99   0.26 293.99  -0.14  11.79 249.52  11.81 339.67
 2460683.5   5.81  -4.5   1.4 23.87 23.87 0.521  87.6 11.43 184.60 209.50   0.16 297.08  -0.21  11.92 249.28  11.93 339.49
 2460684.5   5.75  -4.5   1.4 24.13 24.13 0.516  88.2 11.68 186.21 212.01   0.05 300.17  -0.29  12.06 249.04  12.06 339.33
 2460685.5   5.69  -4.5   1.4 24.39 24.39 0.511  88.7 11.93 187.82 214.52  -0.06 303.26  -0.36  12.19 248.81 -12.19 339.17
 2460686.5   5.63  -4.6   1.4 24.65 24.65 0.506  89.3 12.19 189.43 217.02  -0.17 306.35  -0.43  12.33 248.59 -12.33 339.02
 2460687.5   5.57  -4.6   1.4 24.93 24.93 0.501  89.9 12.45 191.05 219.51  -0.28 309.45  -0.51  12.46 248.37 -12.46 338.88
 2460688.5   5.51  -4.6   1.4 25.21 25.21 0.495  90.5 12.72 192.66 221.99  -0.39 312.54  -0.58 -12.60 248.16 -12.60 338.74
 2460689.5   5.44  -4.6   1.4 25.49 25.49 0.490  91.2 13.01 194.27 224.46  -0.51 315.63  -0.65 -12.74 247.95 -12.75 338.61
 2460690.5   5.38  -4.6   1.4 25.78 25.78 0.484  91.8 13.29 195.89 226.93  -0.63 318.72  -0.72 -12.89 247.75 -12.89 338.49
 2460691.5   5.32  -4.6   1.4 26.08 26.08 0.479  92.4 13.59 197.50 229.39  -0.75 321.82  -0.79 -13.03 247.54 -13.04 338.37
 2460692.5   5.26  -4.6   1.4 26.39 26.39 0.473  93.1 13.90 199.11 231.84  -0.87 324.91  -0.86 -13.18 247.35 -13.19 338.26
 2460693.5   5.20  -4.6   1.4 26.70 26.70 0.468  93.7 14.21 200.73 234.28  -1.00 328.01  -0.93 -13.32 247.15 -13.35 338.15
 2460694.5   5.14  -4.6   1.4 27.02 27.02 0.462  94.4 14.54 202.34 236.72  -1.13 331.10  -1.00 -13.47 246.96 -13.51 338.06
 2460695.5   5.08  -4.6   1.4 27.35 27.35 0.456  95.0 14.87 203.96 239.14  -1.26 334.20  -1.07 -13.62 246.78 -13.67 337.96
 2460696.5   5.01  -4.7   1.4 27.68 27.68 0.450  95.7 15.22 205.58 241.56  -1.39 337.30  -1.14 -13.77 246.59 -13.84 337.88
 2460697.5   4.95  -4.7   1.4 28.02 28.02 0.444  96.4 15.57 207.19 243.96  -1.52 340.39  -1.21 -13.93 246.41 -14.01 337.80
 2460698.5   4.89  -4.7   1.4 28.38 28.38 0.438  97.1 15.94 208.81 246.35  -1.66 343.49  -1.27 -14.08 246.23 -14.18 337.72
 2460699.5   4.83  -4.7   1.4 28.73 28.73 0.432  97.8 16.32 210.43 248.74  -1.80 346.59  -1.34 -14.23 246.05 -14.36 337.65
 2460700.5   4.77  -4.7   1.4 29.10 29.10 0.426  98.5 16.71 212.05 251.11  -1.94 349.69  -1.40 -14.39 245.88 -14.54 337.58
 2460701.5   4.71  -4.7   1.4 29.48 29.48 0.420  99.3 17.11 213.67 253.47  -2.08 352.79  -1.46 -14.55 245.70 -14.73 337.52
 2460702.5   4.65  -4.7   1.4 29.86 29.86 0.413 100.0 17.52 215.28 255.82  -2.22 355.89  -1.52 -14.70 245.53 -14.92 337.47
 2460703.5   4.59  -4.7   1.4 30.26 30.26 0.407 100.8 17.95 216.90 258.16  -2.37 358.99  -1.58 -14.86 245.35 -15.12 337.42
 2460704.5   4.53  -4.7   1.4 30.66 30.66 0.400 101.5 18.39 218.52 260.48  -2.52   2.09  -1.64 -15.02 245.18 -15.32 337.37
 2460705.5   4.47  -4.7   1.4 31.07 31.07 0.393 102.3 18.85 220.14 262.79  -2.67   5.19  -1.70 -15.18 245.00 -15.52 337.33
 2460706.5   4.41  -4.8   1.4 31.50 31.50 0.387 103.1 19.32 221.76 265.08  -2.82   8.29  -1.76 -15.34 244.83 -15.73 337.29
 2460707.5   4.35  -4.8   1.4 31.93 31.93 0.380 103.9 19.80 223.39 267.37  -2.98  11.39  -1.81 -15.50 244.65 -15.94 337.26
 2460708.5   4.29  -4.8   1.4 32.38 32.38 0.373 104.7 20.31 225.01 269.63  -3.13  14.50  -1.87 -15.66 244.47 -16.16 337.23
 2460709.5   4.23  -4.8   1.4 32.83 32.83 0.366 105.6 20.82 226.63 271.88  -3.29  17.60  -1.92 -15.81 244.29 -16.39 337.20
 2460710.5   4.17  -4.8   1.4 33.30 33.30 0.359 106.4 21.36 228.25 274.12  -3.46  20.70  -1.97 -15.97 244.10 -16.62 337.18
 2460711.5   4.11  -4.8   1.4 33.78 33.78 0.351 107.3 21.91 229.87 276.33  -3.62  23.81  -2.02 -16.13 243.91 -16.86 337.16
 2460712.5   4.05  -4.8   1.5 34.27 34.27 0.344 108.2 22.48 231.49 278.53  -3.78  26.91  -2.06 -16.28 243.72 -17.10 337.14
 2460713.5   3.99  -4.8   1.5 34.77 34.77 0.336 109.1 23.07 233.12 280.71  -3.95  30.01  -2.11 -16.43 243.51 -17.34 337.12
 2460714.5   3.93  -4.8   1.5 35.28 35.28 0.329 110.0 23.68 234.74 282.88  -4.12  33.12  -2.15 -16.58 243.31 -17.60 337.11
 2460715.5   3.88  -4.8   1.5 35.81 35.81 0.321 111.0 24.31 236.36 285.02  -4.29  36.22  -2.20 -16.72 243.09 -17.85 337.10
 2460716.5   3.82  -4.8   1.5 36.34 36.34 0.313 111.9 24.96 237.99 287.14  -4.46  39.33  -2.24 -16.86 242.87 -18.12 337.09
 2460717.5   3.76  -4.8   1.5 36.89 36.89 0.305 112.9 25.63 239.61 289.23  -4.64  42.43  -2.28 -16.99 242.64 -18.39 337.08
 2460718.5   3.71  -4.8   1.5 37.46 37.46 0.297 113.9 26.32 241.23 291.31  -4.81  45.54  -2.31 -17.12 242.40 -18.66 337.08
 2460719.5   3.65  -4.8   1.4 38.03 38.03 0.289 114.9 27.03 242.86 293.36  -4.99  48.65  -2.35 -17.24 242.15 -18.94 337.08
 2460720.5   3.59  -4.8   1.4 38.62 38.62 0.281 116.0 27.77 244.48 295.39  -5.17  51.75  -2.38 -17.36 241.88 -19.23 337.07
 2460721.5   3.54  -4.8   1.4 39.22 39.22 0.272 117.1 28.53 246.10 297.39  -5.34  54.86  -2.41 -17.46 241.60 -19.52 337.07
 2460722.5   3.48  -4.8   1.4 39.83 39.83 0.264 118.2 29.32 247.73 299.36  -5.53  57.97  -2.44 -17.56 241.31 -19.82 337.07
 2460723.5   3.43  -4.9   1.4 40.46 40.46 0.255 119.3 30.12 249.35 301.31  -5.71  61.07  -2.47 -17.64 241.00 -20.13 337.07
 2460724.5   3.38  -4.9   1.4 41.09 41.09 0.247 120.4 30.96 250.97 303.23  -5.89  64.18  -2.49 -17.71 240.67 -20.44 337.07
 2460725.5   3.32  -4.8   1.4 41.74 41.74 0.238 121.6 31.81 252.60 305.12  -6.07  67.29  -2.52 -17.77 240.33 -20.75 337.06
 2460726.5   3.27  -4.8   1.4 42.40 42.40 0.229 122.8 32.69 254.22 306.98  -6.25  70.39  -2.54 -17.82 239.96 -21.07 337.06
 2460727.5   3.22  -4.8   1.4 43.07 43.07 0.220 124.1 33.60 255.85 308.81  -6.44  73.50  -2.56 -17.84 239.56 -21.40 337.06
 2460728.5   3.17  -4.8   1.4 43.76 43.76 0.211 125.3 34.53 257.47 310.61  -6.62  76.61  -2.58 -17.85 239.15 -21.73 337.06
 2460729.5   3.12  -4.8   1.4 44.45 44.45 0.202 126.6 35.48 259.09 312.37  -6.80  79.71  -2.59 -17.84 238.70 -22.07 337.05
 2460730.5   3.07  -4.8   1.4 45.15 45.15 0.193 127.9 36.45 260.72 314.10  -6.99  82.82  -2.60 -17.80 238.22 -22.41 337.05
 2460731.5   3.03  -4.8   1.4 45.86 45.86 0.183 129.3 37.45 262.34 315.79  -7.17  85.93  -2.62 -17.75 237.71 -22.75 337.04
 2460732.5   2.98  -4.8   1.4 46.57 46.57 0.174 130.7 38.46 263.97 317.45  -7.35  89.03  -2.62 -17.66 237.15 -23.09 337.04
 2460733.5   2.93  -4.8   1.4 47.29 47.29 0.165 132.1 39.50 265.59 319.07  -7.52  92.14  -2.63 -17.55 236.56 -23.44 337.03
 2460734.5   2.89  -4.8   1.3 48.02 48.02 0.156 133.5 40.55 267.21 320.65  -7.70  95.25  -2.64 -17.40 235.92 -23.79 337.02
 2460735.5   2.85  -4.8   1.3 48.74 48.74 0.146 135.0 41.61 268.84 322.19  -7.87  98.35  -2.64 -17.22 235.23 -24.14 337.01
 2460736.5   2.81  -4.7   1.3 49.47 49.47 0.137 136.5 42.69 270.46 323.69  -8.04 101.46  -2.64 -17.01 234.48 -24.49 337.00
 2460737.5   2.76  -4.7   1.3 50.20 50.20 0.128 138.1 43.78 272.08 325.16  -8.21 104.57  -2.64 -16.76 233.67 -24.84 336.99
 2460738.5   2.73  -4.7   1.3 50.92 50.92 0.119 139.7 44.87 273.71 326.57  -8.37 107.67  -2.63 -16.47 232.79 -25.19 336.97
 2460739.5   2.69  -4.7   1.2 51.64 51.64 0.110 141.3 45.97 275.33 327.95  -8.52 110.78  -2.63 -16.14 231.82 -25.53 336.96
 2460740.5   2.65  -4.7   1.2 52.35 52.35 0.101 142.9 47.06 276.95 329.29  -8.67 113.88  -2.62 -15.77 230.76 -25.87 336.94
 2460741.5   2.62  -4.6   1.2 53.04 53.04 0.092 144.6 48.14 278.57 330.58  -8.81 116.99  -2.61 -15.35 229.60 -26.21 336.93
 2460742.5   2.58  -4.6   1.1 53.72 53.72 0.084 146.3 49.21 280.20 331.83  -8.95 120.09  -2.60 -14.89 228.31 -26.53 336.91
 2460743.5   2.55  -4.6   1.1 54.38 54.38 0.076 148.1 50.26 281.82 333.04  -9.07 123.20  -2.58 -14.38 226.87 -26.85 336.89
 2460744.5   2.52  -4.5   1.0 55.02 55.02 0.068 149.8 51.28 283.44 334.21  -9.19 126.30  -2.57 -13.83 225.27 -27.15 336.88
 2460745.5   2.50  -4.5   0.9 55.63 55.63 0.060 151.6 52.27 285.06 335.34  -9.30 129.41  -2.55 -13.24 223.47 -27.45 336.86
 2460746.5   2.47  -4.4   0.9 56.20 56.20 0.053 153.4 53.22 286.68 336.43  -9.39 132.51  -2.53 -12.60 221.43 -27.72 336.85
 2460747.5   2.45  -4.4   0.8 56.75 56.75 0.046 155.1 54.12 288.30 337.48  -9.47 135.61  -2.51 -11.93 219.10 -27.99 336.84
 2460748.5   2.42  -4.3   0.7 57.25 57.25 0.040 156.9 54.96 289.92 338.50  -9.54 138.71  -2.48 -11.23 216.42 -28.23 336.83
 2460749.5   2.40  -4.3   0.6 57.71 57.71 0.034 158.7 55.74 291.54 339.49  -9.60 141.82  -2.45 -10.50 213.29 -28.45 336.82
 2460750.5   2.39  -4.2   0.5 58.13 58.13 0.029 160.4 56.44 293.16 340.45  -9.64 144.92  -2.43  -9.76 209.62 -28.65 336.82
 2460751.5   2.37  -4.2   0.4 58.49 58.49 0.024 162.0 57.07 294.78 341.38  -9.67 148.02  -2.40  -9.02 205.28 -28.83 336.82
 2460752.5   2.36  -4.1   0.2 58.80 58.80 0.020 163.6 57.61 296.40 342.29  -9.68 151.12  -2.36  -8.30 200.09 -28.98 336.82
 2460753.5   2.35  -4.2   0.0 59.06 59.06 0.017 165.0 58.06 298.02 343.18  -9.68 154.22  -2.33  -7.62 193.87 -29.11 336.82
 2460754.5   2.34  -4.2  -0.2 59.25 59.25 0.014 166.3 58.41 299.63 344.05  -9.66 157.32  -2.29  -7.02 186.43 -29.21 336.83
 2460755.5   2.34  -4.2  -0.4 59.39 59.39 0.012 167.3 58.66 301.25 344.91  -9.63 160.42  -2.26  -6.53 177.69 -29.27 336.84
 2460756.5   2.33  -4.2  -0.5 59.46 59.46 0.011 168.0 58.81 302.87 345.76  -9.58 163.52  -2.22  -6.18 167.70 -29.31 336.86
 2460757.5   2.33  -4.2  -0.6 59.47 59.47 0.010 168.3 58.85 304.48 346.61  -9.51 166.62  -2.17  -6.02 156.86 -29.33 336.88
 2460758.5   2.34  -4.2  -0.5 59.42 59.42 0.011 168.2 58.79 306.10 347.47  -9.43 169.72  -2.13  -6.06 145.81 -29.31 336.90
 2460759.5   2.34  -4.2  -0.5 59.30 59.30 0.011 167.7 58.63 307.72 348.32  -9.33 172.81  -2.09  -6.30 135.30 -29.26 336.92
 2460760.5   2.35  -4.2  -0.3 59.12 59.12 0.013 166.9 58.36 309.33 349.19  -9.22 175.91  -2.04  -6.70 125.88 -29.18 336.95
 2460761.5   2.36  -4.2  -0.1 58.89 58.89 0.015 165.8 57.99 310.94 350.07  -9.09 179.01  -1.99  -7.23 117.77 -29.07 336.98
 2460762.5   2.37  -4.1   0.1 58.59 58.59 0.018 164.4 57.52 312.56 350.97  -8.95 182.10  -1.94  -7.85 110.95 -28.94 337.01
 2460763.5   2.38  -4.1   0.3 58.24 58.24 0.022 163.0 56.97 314.17 351.88  -8.79 185.20  -1.89  -8.53 105.28 -28.78 337.04
 2460764.5   2.40  -4.2   0.4 57.84 57.84 0.026 161.4 56.33 315.78 352.82  -8.63 188.29  -1.84  -9.24 100.56 -28.59 337.08
 2460765.5   2.42  -4.2   0.5 57.39 57.39 0.031 159.7 55.61 317.40 353.79  -8.46 191.38  -1.79  -9.96  96.61 -28.38 337.11
 2460766.5   2.44  -4.3   0.6 56.90 56.90 0.037 158.0 54.82 319.01 354.79  -8.27 194.48  -1.73 -10.67  93.29 -28.15 337.14
 2460767.5   2.46  -4.3   0.7 56.36 56.36 0.042 156.2 53.97 320.62 355.82  -8.08 197.57  -1.67 -11.36  90.46 -27.90 337.17
 2460768.5   2.49  -4.4   0.8 55.78 55.78 0.049 154.5 53.06 322.23 356.89  -7.88 200.66  -1.62 -12.02  88.04 -27.63 337.20
 2460769.5   2.52  -4.4   0.9 55.17 55.17 0.056 152.7 52.10 323.84 357.99  -7.67 203.75  -1.56 -12.65  85.94 -27.34 337.23
 2460770.5   2.55  -4.4   1.0 54.54 54.54 0.063 150.9 51.10 325.45 359.13  -7.46 206.84  -1.50 -13.24  84.11 -27.04 337.26
 2460771.5   2.58  -4.5   1.0 53.87 53.87 0.071 149.2 50.07 327.06   0.31  -7.24 209.93  -1.43 -13.79  82.50 -26.72 337.28
 2460772.5   2.61  -4.5   1.1 53.18 53.18 0.078 147.5 49.01 328.67   1.53  -7.02 213.02  -1.37 -14.30  81.07 -26.39 337.31
 2460773.5   2.64  -4.5   1.1 52.48 52.48 0.087 145.8 47.93 330.27   2.78  -6.80 216.11  -1.31 -14.76  79.80 -26.05 337.33
 2460774.5   2.68  -4.6   1.2 51.76 51.76 0.095 144.1 46.84 331.88   4.08  -6.57 219.19  -1.24 -15.17  78.67 -25.71 337.34
 2460775.5   2.72  -4.6   1.2 51.02 51.02 0.104 142.4 45.74 333.49   5.42  -6.34 222.28  -1.18 -15.55  77.64 -25.36 337.36
 2460776.5   2.76  -4.6   1.2 50.28 50.28 0.112 140.8 44.63 335.09   6.80  -6.12 225.37  -1.11 -15.88  76.72 -25.00 337.37
 2460777.5   2.80  -4.6   1.3 49.53 49.53 0.121 139.2 43.53 336.70   8.23  -5.89 228.45  -1.04 -16.17  75.87 -24.64 337.38
 2460778.5   2.85  -4.7   1.3 48.78 48.78 0.130 137.7 42.43 338.30   9.69  -5.67 231.54  -0.98 -16.42  75.11 -24.27 337.38
 2460779.5   2.89  -4.7   1.3 48.03 48.03 0.139 136.2 41.34 339.91  11.19  -5.44 234.62  -0.91 -16.63  74.40 -23.91 337.38
 2460780.5   2.94  -4.7   1.3 47.28 47.28 0.148 134.7 40.26 341.51  12.73  -5.22 237.70  -0.84 -16.81  73.75 -23.54 337.38
 2460781.5   2.98  -4.7   1.4 46.53 46.53 0.158 133.2 39.20 343.11  14.31  -5.00 240.79  -0.77 -16.95  73.16 -23.18 337.38
 2460782.5   3.03  -4.7   1.4 45.79 45.79 0.167 131.8 38.16 344.72  15.93  -4.79 243.87  -0.70 -17.07  72.60 -22.82 337.37
 2460783.5   3.08  -4.7   1.4 45.06 45.06 0.176 130.4 37.13 346.32  17.58  -4.57 246.95  -0.62 -17.15  72.09 -22.46 337.36
 2460784.5   3.13  -4.7   1.4 44.33 44.33 0.185 129.0 36.13 347.92  19.27  -4.36 250.03  -0.55 -17.21  71.62 -22.10 337.35
 2460785.5   3.18  -4.7   1.4 43.61 43.61 0.194 127.7 35.15 349.52  21.00  -4.16 253.11  -0.48 -17.25  71.17 -21.75 337.34
 2460786.5   3.23  -4.7   1.4 42.90 42.90 0.203 126.4 34.19 351.12  22.75  -3.96 256.19  -0.41 -17.26  70.76 -21.40 337.33
 2460787.5   3.29  -4.7   1.4 42.21 42.21 0.212 125.2 33.25 352.72  24.54  -3.76 259.27  -0.33 -17.25  70.38 -21.06 337.31
 2460788.5   3.34  -4.8   1.4 41.52 41.52 0.221 123.9 32.35 354.32  26.37  -3.56 262.35  -0.26 -17.23  70.01 -20.72 337.30
 2460789.5   3.40  -4.8   1.4 40.85 40.85 0.230 122.7 31.46 355.91  28.22  -3.37 265.42  -0.19 -17.18  69.68 -20.39 337.28
 2460790.5   3.45  -4.8   1.5 40.19 40.19 0.239 121.5 30.60 357.51  30.10  -3.19 268.50  -0.11 -17.13  69.36 -20.06 337.27
 2460791.5   3.51  -4.8   1.5 39.54 39.54 0.247 120.4 29.76 359.11  32.01  -3.01 271.58  -0.04 -17.05  69.06 -19.74 337.25
 2460792.5   3.57  -4.7   1.5 38.90 38.90 0.256 119.2 28.95   0.70  33.94  -2.83 274.65   0.03 -16.97  68.78 -19.43 337.23
 2460793.5   3.63  -4.7   1.5 38.28 38.28 0.264 118.1 28.17   2.30  35.90  -2.66 277.73   0.11 -16.88  68.52 -19.12 337.22
 2460794.5   3.68  -4.7   1.5 37.67 37.67 0.273 117.1 27.40   3.89  37.89  -2.49 280.80   0.18 -16.77  68.28 -18.82 337.21
 2460795.5   3.74  -4.7   1.5 37.08 37.08 0.281 116.0 26.67   5.49  39.90  -2.32 283.88   0.25 -16.66  68.05 -18.52 337.19
 2460796.5   3.80  -4.7   1.5 36.49 36.49 0.289 115.0 25.95   7.08  41.93  -2.16 286.95   0.32 -16.54  67.83 -18.23 337.18
 2460797.5   3.86  -4.7   1.5 35.92 35.92 0.297 114.0 25.25   8.68  43.98  -2.01 290.02   0.40 -16.41  67.63 -17.95 337.17
 2460798.5   3.92  -4.7   1.5 35.37 35.37 0.305 113.0 24.58  10.27  46.06  -1.86 293.10   0.47 -16.28  67.44 -17.67 337.16
 2460799.5   3.99  -4.7   1.5 34.82 34.82 0.313 112.0 23.93  11.86  48.16  -1.71 296.17   0.54 -16.14  67.27 -17.40 337.16
 2460800.5   4.05  -4.7   1.5 34.29 34.29 0.321 111.0 23.30  13.45  50.27  -1.57 299.24   0.61 -16.00  67.10 -17.14 337.16
 2460801.5   4.11  -4.7   1.5 33.77 33.77 0.328 110.1 22.69  15.04  52.41  -1.43 302.31   0.68 -15.86  66.95 -16.88 337.16
 2460802.5   4.17  -4.7   1.5 33.27 33.27 0.336 109.2 22.10  16.63  54.56  -1.30 305.38   0.75 -15.71  66.81 -16.63 337.16
 2460803.5   4.23  -4.7   1.5 32.77 32.77 0.343 108.3 21.53  18.22  56.73  -1.16 308.45   0.82 -15.56  66.68 -16.38 337.17
 2460804.5   4.30  -4.7   1.5 32.29 32.29 0.350 107.4 20.97  19.81  58.92  -1.04 311.52   0.89 -15.41  66.57 -16.14 337.18
 2460805.5   4.36  -4.7   1.5 31.82 31.82 0.358 106.5 20.44  21.40  61.12  -0.92 314.59   0.96 -15.25  66.46 -15.91 337.19
 2460806.5   4.43  -4.7   1.5 31.36 31.36 0.365 105.7 19.92  22.99  63.34  -0.80 317.66   1.03 -15.10  66.36 -15.68 337.21
 2460807.5   4.49  -4.6   1.5 30.91 30.91 0.372 104.8 19.42  24.58  65.57  -0.68 320.73   1.10 -14.94  66.28 -15.45 337.23
 2460808.5   4.55  -4.6   1.5 30.47 30.47 0.379 104.0 18.93  26.17  67.82  -0.57 323.80   1.16 -14.78  66.20 -15.24 337.26
 2460809.5   4.62  -4.6   1.5 30.05 30.05 0.386 103.2 18.46  27.76  70.08  -0.46 326.86   1.23 -14.62  66.14 -15.02 337.29
 2460810.5   4.68  -4.6   1.5 29.63 29.63 0.392 102.4 18.00  29.34  72.35  -0.36 329.93   1.29 -14.47  66.08 -14.81 337.32
 2460811.5   4.75  -4.6   1.5 29.22 29.22 0.399 101.6 17.56  30.93  74.64  -0.26 333.00   1.36 -14.31  66.03 -14.61 337.36
 2460812.5   4.82  -4.6   1.5 28.82 28.82 0.406 100.9 17.13  32.52  76.94  -0.16 336.06   1.42 -14.15  66.00 -14.41 337.41
 2460813.5   4.88  -4.6   1.5 28.44 28.44 0.412 100.1 16.72  34.10  79.25  -0.07 339.13   1.48 -14.00  65.97 -14.22 337.46
 2460814.5   4.95  -4.6   1.5 28.06 28.06 0.419  99.4 16.31  35.69  81.58   0.02 342.20   1.54 -13.84  65.95  14.03 337.52
 2460815.5   5.01  -4.6   1.5 27.69 27.69 0.425  98.6 15.92  37.27  83.91   0.11 345.26   1.60 -13.69  65.94  13.84 337.58
 2460816.5   5.08  -4.6   1.5 27.33 27.33 0.431  97.9 15.55  38.86  86.26   0.19 348.33   1.65 -13.53  65.95  13.66 337.64
 2460817.5   5.14  -4.5   1.4 26.98 26.98 0.437  97.2 15.18  40.44  88.61   0.27 351.39   1.71 -13.38  65.96  13.49 337.72
 2460818.5   5.21  -4.5   1.4 26.63 26.63 0.443  96.5 14.82  42.02  90.98   0.35 354.46   1.77 -13.23  65.98  13.32 337.79
 2460819.5   5.28  -4.5   1.4 26.30 26.30 0.449  95.8 14.48  43.61  93.35   0.42 357.52   1.82 -13.08  66.01  13.15 337.88
 2460820.5   5.34  -4.5   1.4 25.97 25.97 0.455  95.1 14.15  45.19  95.73   0.50   0.59   1.87 -12.93  66.05  12.99 337.97
 2460821.5   5.41  -4.5   1.4 25.65 25.65 0.461  94.4 13.82  46.77  98.13   0.56   3.65   1.92 -12.79  66.09  12.83 338.07
 2460822.5   5.48  -4.5   1.4 25.34 25.34 0.467  93.8 13.51  48.36 100.53   0.63   6.72   1.97 -12.64  66.15  12.67 338.17
 2460823.5   5.54  -4.5   1.4 25.04 25.04 0.473  93.1 13.20  49.94 102.93   0.69   9.78   2.02 -12.50  66.22  12.52 338.28
 2460824.5   5.61  -4.5   1.4 24.74 24.74 0.478  92.5 12.90  51.52 105.35   0.75  12.84   2.07 -12.36  66.29  12.37 338.39
 2460825.5   5.68  -4.5   1.4 24.45 24.45 0.484  91.8 12.61  53.10 107.77   0.81  15.91   2.11 -12.22  66.38  12.22 338.51
 2460826.5   5.74  -4.5   1.4 24.16 24.16 0.490  91.2 12.33  54.69 110.20   0.87  18.97   2.15 -12.08  66.47  12.08 338.64
 2460827.5   5.81  -4.4   1.4 23.89 23.89 0.495  90.6 12.06  56.27 112.64   0.92  22.04   2.19 -11.94  66.57  11.94 338.78
 2460828.5   5.88  -4.4   1.4 23.61 23.61 0.500  89.9 11.80  57.85 115.08   0.97  25.10   2.23  11.81  66.68  11.81 338.92
 2460829.5   5.94  -4.4   1.4 23.35 23.35 0.506  89.3 11.54  59.43 117.53   1.01  28.16   2.27  11.67  66.80  11.67 339.07
 2460830.5   6.01  -4.4   1.4 23.09 23.09 0.511  88.7 11.29  61.01 119.99   1.06  31.23   2.31  11.54  66.93  11.54 339.22
 2460831.5   6.08  -4.4   1.4 22.84 22.84 0.516  88.1 11.04  62.59 122.45   1.10  34.29   2.34  11.41  67.07  11.42 339.38
 2460832.5   6.14  -4.4   1.4 22.59 22.59 0.522  87.5 10.80  64.17 124.92   1.14  37.35   2.37  11.28  67.22  11.29 339.55
 2460833.5   6.21  -4.4   1.4 22.34 22.34 0.527  86.9 10.57  65.75 127.40   1.18  40.42   2.41  11.16  67.38  11.17 339.72
 2460834.5   6.28  -4.4   1.4 22.11 22.11 0.532  86.3 10.35  67.33 129.88   1.22  43.48   2.43  11.03  67.54  11.05 339.91
 2460835.5   6.35  -4.4   1.4 21.87 21.87 0.537  85.8 10.13  68.91 132.36   1.25  46.54   2.46  10.91  67.72  10.93 340.10
 2460836.5   6.41  -4.4   1.4 21.65 21.65 0.542  85.2  9.92  70.50 134.85   1.28  49.60   2.49  10.79  67.90  10.82 340.29
 2460837.5   6.48  -4.3   1.4 21.42 21.42 0.547  84.6  9.71  72.08 137.35   1.31  52.67   2.51  10.66  68.10  10.71 340.50
 2460838.5   6.54  -4.3   1.4 21.21 21.21 0.552  84.1  9.51  73.66 139.85   1.34  55.73   2.53  10.55  68.30  10.60 340.71
 2460839.5   6.61  -4.3   1.4 20.99 20.99 0.557  83.5  9.31  75.24 142.35   1.36  58.79   2.55  10.43  68.51  10.49 340.92
 2460840.5   6.68  -4.3   1.4 20.78 20.78 0.561  82.9  9.12  76.82 144.86   1.38  61.86   2.57  10.31  68.73  10.39 341.15
 2460841.5   6.74  -4.3   1.4 20.58 20.58 0.566  82.4  8.93  78.40 147.38   1.40  64.92   2.58  10.20  68.96  10.29 341.38
 2460842.5   6.81  -4.3   1.4 20.38 20.38 0.571  81.9  8.75  79.98 149.90   1.42  67.98   2.60  10.09  69.20  10.19 341.62
 2460843.5   6.88  -4.3   1.4 20.18 20.18 0.576  81.3  8.57  81.56 152.42   1.44  71.05   2.61   9.98  69.44  10.09 341.86
 2460844.5   6.94  -4.3   1.4 19.99 19.99 0.580  80.8  8.39  83.14 154.95   1.46  74.11   2.62   9.87  69.70   9.99 342.12
 2460845.5   7.01  -4.3   1.4 19.80 19.80 0.585  80.2  8.22  84.72 157.48   1.47  77.18   2.63   9.76  69.96   9.90 342.38
 2460846.5   7.07  -4.3   1.4 19.62 19.62 0.589  79.7  8.06  86.30 160.01   1.48  80.24   2.63   9.65  70.23   9.81 342.64
 2460847.5   7.14  -4.3   1.4 19.44 19.44 0.594  79.2  7.90  87.88 162.55   1.49  83.30   2.64   9.55  70.52   9.72 342.92
 2460848.5   7.21  -4.2   1.4 19.26 19.26 0.598  78.7  7.74  89.46 165.09   1.50  86.37   2.64   9.44  70.81   9.63 343.20
 2460849.5   7.27  -4.2   1.4 19.09 19.09 0.603  78.2  7.58  91.05 167.64   1.51  89.43   2.64   9.34  71.11   9.54 343.49
 2460850.5   7.34  -4.2   1.4 18.92 18.92 0.607  77.6  7.43  92.63 170.19   1.51  92.50   2.64   9.24  71.41   9.46 343.78
 2460851.5   7.40  -4.2   1.3 18.75 18.75 0.611  77.1  7.29  94.21 172.74   1.52  95.56   2.63   9.14  71.73   9.37 344.08
 2460852.5   7.47  -4.2   1.3 18.59 18.59 0.616  76.6  7.14  95.79 175.30   1.52  98.63   2.63   9.04  72.05   9.29 344.39
 2460853.5   7.53  -4.2   1.3 18.43 18.43 0.620  76.1  7.00  97.37 177.86   1.52 101.69   2.62   8.95  72.39   9.21 344.71
 2460854.5   7.60  -4.2   1.3 18.27 18.27 0.624  75.6  6.87  98.96 180.42   1.52 104.76   2.61   8.85  72.73   9.13 345.03
 2460855.5   7.66  -4.2   1.3 18.12 18.12 0.628  75.1  6.73 100.54 182.99   1.52 107.82   2.59   8.76  73.08   9.06 345.36
 2460856.5   7.72  -4.2   1.3 17.97 17.97 0.633  74.6  6.60 102.12 185.56   1.51 110.89   2.58   8.66  73.44   8.98 345.70
 2460857.5   7.79  -4.2   1.3 17.82 17.82 0.637  74.1  6.47 103.70 188.13   1.51 113.95   2.56   8.57  73.80   8.91 346.04
 2460858.5   7.85  -4.2   1.3 17.67 17.67 0.641  73.6  6.35 105.29 190.70   1.50 117.02   2.55   8.48  74.18   8.83 346.39
 2460859.5   7.92  -4.2   1.3 17.53 17.53 0.645  73.1  6.22 106.87 193.28   1.50 120.09   2.53   8.39  74.56   8.76 346.74
 2460860.5   7.98  -4.2   1.3 17.39 17.39 0.649  72.7  6.10 108.46 195.86   1.49 123.15   2.50   8.30  74.95   8.69 347.11
 2460861.5   8.04  -4.1   1.3 17.25 17.25 0.653  72.2  5.99 110.04 198.44   1.48 126.22   2.48   8.21  75.35   8.62 347.47
 2460862.5   8.11  -4.1   1.3 17.12 17.12 0.657  71.7  5.87 111.63 201.02   1.47 129.29   2.45   8.13  75.75   8.56 347.85
 2460863.5   8.17  -4.1   1.3 16.99 16.99 0.661  71.2  5.76 113.21 203.61   1.46 132.36   2.43   8.04  76.16   8.49 348.23
 2460864.5   8.23  -4.1   1.3 16.86 16.86 0.665  70.7  5.65 114.80 206.20   1.45 135.42   2.40   7.96  76.59   8.43 348.62
 2460865.5   8.30  -4.1   1.3 16.73 16.73 0.669  70.3  5.54 116.38 208.79   1.43 138.49   2.36   7.87  77.01   8.36 349.01
 2460866.5   8.36  -4.1   1.3 16.61 16.61 0.673  69.8  5.43 117.97 211.39   1.42 141.56   2.33   7.79  77.45   8.30 349.41
 2460867.5   8.42  -4.1   1.3 16.48 16.48 0.677  69.3  5.33 119.56 213.99   1.40 144.63   2.30   7.71  77.89   8.24 349.81
 2460868.5   8.48  -4.1   1.3 16.36 16.36 0.680  68.8  5.23 121.14 216.59   1.38 147.70   2.26   7.63  78.34   8.18 350.22
 2460869.5   8.54  -4.1   1.3 16.24 16.24 0.684  68.4  5.13 122.73 219.19   1.37 150.77   2.22   7.55  78.79   8.12 350.64
 2460870.5   8.61  -4.1   1.3 16.13 16.13 0.688  67.9  5.03 124.32 221.79   1.35 153.84   2.18   7.47  79.26   8.06 351.06
 2460871.5   8.67  -4.1   1.3 16.01 16.01 0.692  67.5  4.94 125.91 224.40   1.33 156.91   2.14   7.39  79.73   8.00 351.49
 2460872.5   8.73  -4.1   1.3 15.90 15.90 0.695  67.0  4.84 127.50 227.01   1.31 159.98   2.09   7.32  80.20   7.95 351.92
 2460873.5   8.79  -4.1   1.3 15.79 15.79 0.699  66.5  4.75 129.09 229.62   1.29 163.05   2.05   7.24  80.68   7.89 352.35
 2460874.5   8.85  -4.1   1.3 15.68 15.68 0.703  66.1  4.66 130.68 232.23   1.27 166.12   2.00   7.17  81.17   7.84 352.80
 2460875.5   8.91  -4.1   1.3 15.58 15.58 0.706  65.6  4.57 132.27 234.84   1.24 169.20   1.95   7.09  81.66   7.79 353.24
 2460876.5   8.97  -4.1   1.3 15.47 15.47 0.710  65.2  4.49 133.86 237.46   1.22 172.27   1.90   7.02  82.16   7.73 353.69
 2460877.5   9.03  -4.0   1.3 15.37 15.37 0.714  64.7  4.40 135.45 240.08   1.20 175.34   1.85   6.95  82.66   7.68 354.14
 2460878.5   9.09  -4.0   1.3 15.27 15.27 0.717  64.3  4.32 137.04 242.70   1.17 178.42   1.80   6.88  83.17   7.63 354.60
 2460879.5   9.15  -4.0   1.3 15.17 15.17 0.721  63.8  4.24 138.63 245.32   1.15 181.49   1.74   6.81  83.68   7.58 355.06
 2460880.5   9.21  -4.0   1.2 15.07 15.07 0.724  63.4  4.16 140.23 247.95   1.12 184.56   1.69   6.74  84.20   7.53 355.53
 2460881.5   9.27  -4.0   1.2 14.98 14.98 0.728  62.9  4.08 141.82 250.58   1.10 187.64   1.63   6.67  84.72   7.49 355.99
 2460882.5   9.33  -4.0   1.2 14.88 14.88 0.731  62.5  4.00 143.42 253.20   1.07 190.71   1.57   6.60  85.25   7.44 356.47
 2460883.5   9.38  -4.0   1.2 14.79 14.79 0.735  62.0  3.93 145.01 255.83   1.05 193.79   1.51   6.53  85.78   7.39 356.94
 2460884.5   9.44  -4.0   1.2 14.70 14.70 0.738  61.6  3.85 146.61 258.47   1.02 196.87   1.45   6.46  86.31   7.35 357.41
 2460885.5   9.50  -4.0   1.2 14.61 14.61 0.741  61.1  3.78 148.20 261.10   0.99 199.94   1.39   6.40  86.85   7.30 357.89
 2460886.5   9.56  -4.0   1.2 14.52 14.52 0.745  60.7  3.71 149.80 263.73   0.96 203.02   1.33   6.33  87.39   7.26 358.37
 2460887.5   9.62  -4.0   1.2 14.43 14.43 0.748  60.3  3.64 151.40 266.37   0.94 206.10   1.26   6.27  87.93   7.22 358.86
 2460888.5   9.67  -4.0   1.2 14.35 14.35 0.751  59.8  3.57 152.99 269.01   0.91 209.17   1.20   6.20  88.48   7.17 359.34
 2460889.5   9.73  -4.0   1.2 14.27 14.27 0.755  59.4  3.50 154.59 271.65   0.88 212.25   1.13   6.14  89.03   7.13 359.82
 2460890.5   9.79  -4.0   1.2 14.18 14.18 0.758  58.9  3.43 156.19 274.29   0.85 215.33   1.07   6.08  89.58   7.09   0.31
 2460891.5   9.84  -4.0   1.2 14.10 14.10 0.761  58.5  3.37 157.79 276.93   0.82 218.41   1.00   6.01  90.13   7.05   0.80
 2460892.5   9.90  -4.0   1.2 14.02 14.02 0.764  58.1  3.30 159.39 279.58   0.79 221.49   0.93   5.95  90.68   7.01   1.28
 2460893.5   9.95  -4.0   1.2 13.95 13.95 0.768  57.6  3.24 160.99 282.23   0.76 224.57   0.86   5.89  91.23   6.97   1.77
 2460894.5  10.01  -4.0   1.2 13.87 13.87 0.771  57.2  3.18 162.59 284.87   0.73 227.66   0.79   5.83  91.79   6.93   2.26
 2460895.5  10.06  -4.0   1.2 13.79 13.79 0.774  56.8  3.12 164.20 287.52   0.70 230.74   0.72   5.77  92.34   6.90   2.74
 2460896.5  10.12  -4.0   1.2 13.72 13.72 0.777  56.3  3.06 165.80 290.18   0.67 233.82   0.65   5.71  92.90   6.86   3.23
 2460897.5  10.17  -4.0   1.2 13.64 13.64 0.780  55.9  3.00 167.40 292.83   0.64 236.90   0.58   5.65  93.45   6.82   3.71
 2460898.5  10.23  -4.0   1.2 13.57 13.57 0.783  55.5  2.94 169.01 295.48   0.61 239.99   0.50   5.59  94.01   6.79   4.20
 2460899.5  10.28  -4.0   1.2 13.50 13.50 0.786  55.1  2.88 170.61 298.14   0.58 243.07   0.43   5.53  94.56   6.75   4.68
 2460900.5  10.33  -3.9   1.2 13.43 13.43 0.789  54.6  2.83 172.22 300.80   0.55 246.16   0.36   5.48  95.11   6.72   5.16
 2460901.5  10.39  -3.9   1.2 13.36 13.36 0.792  54.2  2.77 173.82 303.45   0.52 249.24   0.28   5.42  95.66   6.68   5.64
 2460902.5  10.44  -3.9   1.2 13.30 13.30 0.795  53.8  2.72 175.43 306.11   0.50 252.33   0.21   5.36  96.21   6.65   6.11
 2460903.5  10.49  -3.9   1.2 13.23 13.23 0.798  53.4  2.67 177.03 308.78   0.47 255.41   0.14   5.31  96.76   6.61   6.59
 2460904.5  10.54  -3.9   1.2 13.16 13.16 0.801  52.9  2.61 178.64 311.44   0.44 258.50   0.06   5.25  97.31   6.58   7.06
 2460905.5  10.60  -3.9   1.2 13.10 13.10 0.804  52.5  2.56 180.25 314.10   0.41 261.59  -0.01   5.20  97.85   6.55   7.52
 2460906.5  10.65  -3.9   1.1 13.04 13.04 0.807  52.1  2.51 181.86 316.77   0.38 264.68  -0.09   5.14  98.39   6.52   7.99
 2460907.5  10.70  -3.9   1.1 12.97 12.97 0.810  51.7  2.46 183.47 319.44   0.35 267.76  -0.16   5.09  98.93   6.49   8.45
 2460908.5  10.75  -3.9   1.1 12.91 12.91 0.813  51.3  2.42 185.08 322.11   0.32 270.85  -0.23   5.04  99.46   6.46   8.90
 2460909.5  10.80  -3.9   1.1 12.85 12.85 0.816  50.8  2.37 186.69 324.78   0.29 273.94  -0.31   4.98  99.99   6.43   9.35
 2460910.5  10.85  -3.9   1.1 12.79 12.79 0.819  50.4  2.32 188.30 327.45   0.26 277.04  -0.38   4.93 100.51   6.40   9.80
 2460911.5  10.90  -3.9   1.1 12.73 12.73 0.821  50.0  2.27 189.91 330.12   0.24 280.13  -0.45   4.88 101.04   6.37  10.24
 2460912.5  10.95  -3.9   1.1 12.68 12.68 0.824  49.6  2.23 191.52 332.79   0.21 283.22  -0.53   4.83 101.55   6.34  10.68
 2460913.5  11.00  -3.9   1.1 12.62 12.62 0.827  49.2  2.18 193.13 335.47   0.18 286.31  -0.60   4.77 102.06   6.31  11.11
 2460914.5  11.05  -3.9   1.1 12.56 12.56 0.830  48.7  2.14 194.75 338.15   0.16 289.40  -0.67   4.72 102.57   6.28  11.54
 2460915.5  11.09  -3.9   1.1 12.51 12.51 0.832  48.3  2.10 196.36 340.82   0.13 292.50  -0.74   4.67 103.07   6.26  11.96
 2460916.5  11.14  -3.9   1.1 12.46 12.46 0.835  47.9  2.05 197.98 343.50   0.10 295.59  -0.81   4.62 103.57   6.23  12.38
 2460917.5  11.19  -3.9   1.1 12.40 12.40 0.838  47.5  2.01 199.59 346.18   0.08 298.69  -0.88   4.57 104.06   6.20  12.79
 2460918.5  11.24  -3.9   1.1 12.35 12.35 0.840  47.1  1.97 201.21 348.86   0.05 301.78  -0.95   4.52 104.54   6.18  13.19
 2460919.5  11.28  -3.9   1.1 12.30 12.30 0.843  46.7  1.93 202.82 351.55   0.03 304.88  -1.02   4.47 105.02   6.15  13.59
 2460920.5  11.33  -3.9   1.1 12.25 12.25 0.846  46.3  1.89 204.44 354.23   0.00 307.97  -1.09   4.43 105.49   6.12  13.98
 2460921.5  11.38  -3.9   1.1 12.20 12.20 0.848  45.9  1.85 206.05 356.91  -0.02 311.07  -1.16   4.38 105.96  -6.10  14.36
 2460922.5  11.42  -3.9   1.1 12.15 12.15 0.851  45.4  1.81 207.67 359.60  -0.04 314.17  -1.22   4.33 106.41  -6.08  14.74
 2460923.5  11.47  -3.9   1.1 12.10 12.10 0.853  45.0  1.77 209.29   2.29  -0.06 317.27  -1.29   4.28 106.86  -6.05  15.11
 2460924.5  11.51  -3.9   1.1 12.05 12.05 0.856  44.6  1.74 210.91   4.97  -0.09 320.36  -1.35   4.23 107.31  -6.03  15.47
 2460925.5  11.56  -3.9   1.1 12.01 12.01 0.858  44.2  1.70 212.53   7.66  -0.11 323.46  -1.42   4.19 107.74  -6.00  15.82
 2460926.5  11.60  -3.9   1.1 11.96 11.96 0.861  43.8  1.66 214.14  10.35  -0.13 326.56  -1.48   4.14 108.17  -5.98  16.17
 2460927.5  11.65  -3.9   1.1 11.92 11.92 0.863  43.4  1.63 215.76  13.04  -0.15 329.66  -1.54   4.09 108.59  -5.96  16.51
 2460928.5  11.69  -3.9   1.1 11.87 11.87 0.866  43.0  1.59 217.38  15.74  -0.17 332.76  -1.60   4.05 109.00  -5.94  16.84
 2460929.5  11.73  -3.9   1.1 11.83 11.83 0.868  42.6  1.56 219.00  18.43  -0.19 335.86  -1.66   4.00 109.41  -5.91  17.16
 2460930.5  11.78  -3.9   1.1 11.78 11.78 0.871  42.2  1.53 220.62  21.13  -0.21 338.96  -1.72   3.96 109.80  -5.89  17.48
 2460931.5  11.82  -3.9   1.1 11.74 11.74 0.873  41.8  1.49 222.24  23.82  -0.23 342.07  -1.77   3.91 110.19  -5.87  17.78
 2460932.5  11.86  -3.9   1.1 11.70 11.70 0.875  41.4  1.46 223.86  26.52  -0.24 345.17  -1.83   3.87 110.57  -5.85  18.08
 2460933.5  11.90  -3.9   1.0 11.66 11.66 0.878  41.0  1.43 225.49  29.22  -0.26 348.27  -1.88   3.82 110.94  -5.83  18.37
 2460934.5  11.95  -3.9   1.0 11.62 11.62 0.880  40.6  1.40 227.11  31.91  -0.28 351.37  -1.93   3.78 111.30  -5.81  18.65
 2460935.5  11.99  -3.9   1.0 11.58 11.58 0.882  40.2  1.36 228.73  34.61  -0.29 354.48  -1.98   3.73 111.65  -5.79  18.92
 2460936.5  12.03  -3.9   1.0 11.54 11.54 0.884  39.8  1.33 230.35  37.32  -0.31 357.58  -2.03   3.69 112.00  -5.77  19.19
 2460937.5  12.07  -3.9   1.0 11.50 11.50 0.887  39.4  1.30 231.97  40.02  -0.32   0.69  -2.08   3.65 112.33  -5.75  19.44
 2460938.5  12.11  -3.9   1.0 11.46 11.46 0.889  39.0  1.27 233.60  42.72  -0.33   3.79  -2.12   3.60 112.65  -5.73  19.69
 2460939.5  12.15  -3.9   1.0 11.43 11.43 0.891  38.6  1.25 235.22  45.42  -0.35   6.89  -2.17   3.56 112.97  -5.71  19.93
 2460940.5  12.19  -3.9   1.0 11.39 11.39 0.893  38.2  1.22 236.84  48.13  -0.36  10.00  -2.21   3.52 113.27  -5.69  20.15
 2460941.5  12.23  -3.9   1.0 11.35 11.35 0.895  37.8  1.19 238.47  50.83  -0.37  13.10  -2.25   3.48 113.57  -5.68  20.37
 2460942.5  12.26  -3.9   1.0 11.32 11.32 0.897  37.4  1.16 240.09  53.54  -0.38  16.21  -2.29   3.43 113.86  -5.66  20.58
 2460943.5  12.30  -3.9   1.0 11.28 11.28 0.899  37.0  1.13 241.71  56.25  -0.39  19.32  -2.32   3.39 114.13  -5.64  20.78
 2460944.5  12.34  -3.9   1.0 11.25 11.25 0.902  36.6  1.11 243.34  58.96  -0.40  22.42  -2.36   3.35 114.40  -5.62  20.98
 2460945.5  12.38  -3.9   1.0 11.21 11.21 0.904  36.2  1.08 244.96  61.67  -0.41  25.53  -2.39   3.31 114.65  -5.61  21.16
 2460946.5  12.41  -3.9   1.0 11.18 11.18 0.906  35.8  1.05 246.58  64.38  -0.41  28.63  -2.42   3.27 114.90  -5.59  21.33
 2460947.5  12.45  -3.9   1.0 11.15 11.15 0.908  35.4  1.03 248.21  67.09  -0.42  31.74  -2.45   3.23 115.14  -5.57  21.50
 2460948.5  12.49  -3.9   1.0 11.11 11.11 0.910  35.0  1.00 249.83  69.80  -0.43  34.85  -2.48   3.19 115.36  -5.56  21.65
 2460949.5  12.52  -3.9   1.0 11.08 11.08 0.912  34.6  0.98 251.46  72.51  -0.43  37.95  -2.50   3.15 115.58  -5.54  21.80
 2460950.5  12.56  -3.9   1.0 11.05 11.05 0.914  34.2  0.96 253.08  75.22  -0.44  41.06  -2.52   3.11 115.78  -5.53  21.93
 2460951.5  12.59  -3.9   1.0 11.02 11.02 0.915  33.8  0.93 254.70  77.94  -0.44  44.17  -2.55   3.07 115.97  -5.51  22.06
 2460952.5  12.63  -3.9   1.0 10.99 10.99 0.917  33.4  0.91 256.33  80.65  -0.44  47.27  -2.56   3.03 116.16  -5.50  22.17
 2460953.5  12.66  -3.9   1.0 10.96 10.96 0.919  33.0  0.89 257.95  83.36  -0.45  50.38  -2.58   2.99 116.33  -5.48  22.28
 2460954.5  12.70  -3.9   1.0 10.93 10.93 0.921  32.6  0.86 259.58  86.08  -0.45  53.49  -2.60   2.95 116.49  -5.47  22.38
 2460955.5  12.73  -3.9   1.0 10.90 10.90 0.923  32.3  0.84 261.20  88.80  -0.45  56.59  -2.61   2.91 116.64  -5.45  22.47
 2460956.5  12.76  -3.9   1.0 10.87 10.87 0.925  31.9  0.82 262.82  91.51  -0.45  59.70  -2.62   2.87 116.79  -5.44  22.55
 2460957.5  12.80  -3.9   1.0 10.85 10.85 0.926  31.5  0.80 264.45  94.23  -0.45  62.81  -2.63   2.83 116.92  -5.42  22.62
 2460958.5  12.83  -3.9   1.0 10.82 10.82 0.928  31.1  0.78 266.07  96.95  -0.45  65.91  -2.63   2.79 117.03  -5.41  22.68
 2460959.5  12.86  -3.9   1.0 10.79 10.79 0.930  30.7  0.76 267.69  99.67  -0.45  69.02  -2.64   2.76 117.14  -5.40  22.73
 2460960.5  12.89  -3.9   1.0 10.77 10.77 0.932  30.3  0.74 269.32 102.39  -0.44  72.13  -2.64   2.72 117.24  -5.38  22.77
 2460961.5  12.92  -3.9   1.0 10.74 10.74 0.933  29.9  0.72 270.94 105.11  -0.44  75.23  -2.64   2.68 117.33  -5.37  22.80
 2460962.5  12.95  -3.9   0.9 10.71 10.71 0.935  29.6  0.70 272.56 107.83  -0.43  78.34  -2.64   2.64 117.40  -5.36  22.82
 2460963.5  12.98  -3.9   0.9 10.69 10.69 0.937  29.2  0.68 274.19 110.55  -0.43  81.45  -2.63   2.61 117.47  -5.34  22.83
 2460964.5  13.01  -3.9   0.9 10.66 10.66 0.938  28.8  0.66 275.81 113.28  -0.42  84.55  -2.63   2.57 117.52  -5.33  22.84
 2460965.5  13.04  -3.9   0.9 10.64 10.64 0.940  28.4  0.64 277.43 116.00  -0.42  87.66  -2.62   2.53 117.56  -5.32  22.83
 2460966.5  13.07  -3.9   0.9 10.62 10.62 0.941  28.0  0.62 279.05 118.72  -0.41  90.76  -2.61   2.50 117.59  -5.31  22.81
 2460967.5  13.10  -3.9   0.9 10.59 10.59 0.943  27.7  0.60 280.67 121.45  -0.40  93.87  -2.59   2.46 117.61  -5.30  22.79
 2460968.5  13.13  -3.9   0.9 10.57 10.57 0.944  27.3  0.59 282.30 124.17  -0.39  96.97  -2.58   2.42 117.61  -5.28  22.75
 2460969.5  13.16  -3.9   0.9 10.55 10.55 0.946  26.9  0.57 283.92 126.90  -0.39 100.07  -2.56   2.39 117.61  -5.27  22.70
 2460970.5  13.19  -3.9   0.9 10.52 10.52 0.947  26.5  0.55 285.54 129.63  -0.38 103.18  -2.54   2.35 117.59  -5.26  22.65
 2460971.5  13.21  -3.9   0.9 10.50 10.50 0.949  26.1  0.54 287.16 132.35  -0.37 106.28  -2.52   2.31 117.56  -5.25  22.59
 2460972.5  13.24  -3.9   0.9 10.48 10.48 0.950  25.8  0.52 288.78 135.08  -0.36 109.38  -2.50   2.28 117.53  -5.24  22.51
 2460973.5  13.27  -3.9   0.9 10.46 10.46 0.952  25.4  0.51 290.40 137.81  -0.34 112.49  -2.47   2.24 117.47  -5.23  22.43
 2460974.5  13.29  -3.9   0.9 10.44 10.44 0.953  25.0  0.49 292.02 140.54  -0.33 115.59  -2.45   2.21 117.41  -5.22  22.33
 2460975.5  13.32  -3.9   0.9 10.42 10.42 0.954  24.6  0.47 293.64 143.26  -0.32 118.69  -2.42   2.17 117.33  -5.21  22.23
 2460976.5  13.35  -3.9   0.9 10.40 10.40 0.956  24.3  0.46 295.26 145.99  -0.31 121.79  -2.39   2.14 117.25  -5.20  22.12
 2460977.5  13.37  -3.9   0.9 10.38 10.38 0.957  23.9  0.45 296.87 148.72  -0.29 124.89  -2.35   2.10 117.15  -5.19  22.00
 2460978.5  13.39  -3.9   0.9 10.36 10.36 0.958  23.5  0.43 298.49 151.45  -0.28 127.99  -2.32   2.07 117.04  -5.18  21.86
 2460979.5  13.42  -3.9   0.9 10.34 10.34 0.960  23.2  0.42 300.11 154.18  -0.26 131.09  -2.28   2.03 116.91  -5.17  21.72
 2460980.5  13.44  -3.9   0.9 10.32 10.32 0.961  22.8  0.40 301.73 156.91  -0.25 134.19  -2.24   2.00 116.78  -5.16  21.57
 2460981.5  13.47  -3.9   0.9 10.31 10.31 0.962  22.4  0.39 303.34 159.64  -0.23 137.29  -2.20   1.97 116.63  -5.15  21.41
 2460982.5  13.49  -3.9   0.9 10.29 10.29 0.963  22.1  0.38 304.96 162.38  -0.22 140.39  -2.16   1.93 116.47  -5.14  21.24
 2460983.5  13.51  -3.9   0.9 10.27 10.27 0.965  21.7  0.36 306.58 165.11  -0.20 143.49  -2.12   1.90 116.30  -5.14  21.06
 2460984.5  13.54  -3.9   0.9 10.25 10.25 0.966  21.3  0.35 308.19 167.84  -0.18 146.58  -2.07   1.87 116.11  -5.13  20.87
 2460985.5  13.56  -3.9   0.9 10.24 10.24 0.967  21.0  0.34 309.81 170.57  -0.16 149.68  -2.03   1.83 115.91  -5.12  20.67
 2460986.5  13.58  -3.9   0.9 10.22 10.22 0.968  20.6  0.33 311.42 173.30  -0.15 152.78  -1.98   1.80 115.70  -5.11  20.46
 2460987.5  13.60  -3.9   0.9 10.21 10.21 0.969  20.2  0.32 313.03 176.04  -0.13 155.87  -1.93   1.77 115.48  -5.10  20.25
 2460988.5  13.62  -3.9   0.9 10.19 10.19 0.970  19.9  0.30 314.65 178.77  -0.11 158.96  -1.88   1.73 115.25  -5.09  20.02
 2460989.5  13.64  -3.9   0.9 10.17 10.17 0.971  19.5  0.29 316.26 181.50  -0.09 162.06  -1.82   1.70 115.00  -5.09  19.78
 2460990.5  13.66  -3.9   0.9 10.16 10.16 0.972  19.2  0.28 317.87 184.24  -0.07 165.15  -1.77   1.67 114.73  -5.08  19.54
 2460991.5  13.68  -3.9   0.9 10.14 10.14 0.973  18.8  0.27 319.48 186.97  -0.05 168.24  -1.71   1.63 114.46  -5.07  19.28
 2460992.5  13.70  -3.9   0.9 10.13 10.13 0.974  18.4  0.26 321.09 189.71  -0.03 171.34  -1.66   1.60 114.17  -5.06  19.02
 2460993.5  13.72  -3.9   0.8 10.12 10.12 0.975  18.1  0.25 322.70 192.44  -0.01 174.43  -1.60   1.57 113.87  -5.06  18.74
 2460994.5  13.74  -3.9   0.8 10.10 10.10 0.976  17.7  0.24 324.31 195.18   0.01 177.52  -1.54   1.54 113.56   5.05  18.46
 2460995.5  13.76  -3.9   0.8 10.09 10.09 0.977  17.4  0.23 325.92 197.92   0.03 180.61  -1.48   1.51 113.23   5.04  18.16
 2460996.5  13.78  -3.9   0.8 10.08 10.08 0.978  17.0  0.22 327.53 200.65   0.05 183.70  -1.42   1.47 112.89   5.04  17.86
 2460997.5  13.79  -3.9   0.8 10.06 10.06 0.979  16.7  0.21 329.14 203.39   0.08 186.79  -1.35   1.44 112.53   5.03  17.55
 2460998.5  13.81  -3.9   0.8 10.05 10.05 0.980  16.3  0.20 330.75 206.13   0.10 189.87  -1.29   1.41 112.17   5.02  17.23
 2460999.5  13.83  -3.9   0.8 10.04 10.04 0.981  16.0  0.19 332.35 208.86   0.12 192.96  -1.22   1.38 111.78   5.02  16.90
 2461000.5  13.84  -3.9   0.8 10.03 10.03 0.982  15.6  0.18 333.96 211.60   0.14 196.05  -1.16   1.35 111.39   5.01  16.56
 2461001.5  13.86  -3.9   0.8 10.01 10.01 0.982  15.2  0.18 335.56 214.34   0.16 199.13  -1.09   1.32 110.98   5.01  16.22
 2461002.5  13.88  -3.9   0.8 10.00 10.00 0.983  14.9  0.17 337.17 217.07   0.19 202.22  -1.02   1.29 110.55   5.00  15.86
 2461003.5  13.89  -3.9   0.8  9.99  9.99 0.984  14.6  0.16 338.77 219.81   0.21 205.30  -0.96   1.26 110.11   5.00  15.50
 2461004.5  13.91  -3.9   0.8  9.98  9.98 0.985  14.2  0.15 340.38 222.55   0.23 208.39  -0.89   1.22 109.66   4.99  15.13
 2461005.5  13.92  -3.9   0.8  9.97  9.97 0.985  13.9  0.15 341.98 225.29   0.26 211.47  -0.82   1.19 109.19   4.99  14.74
 2461006.5  13.94  -3.9   0.8  9.96  9.96 0.986  13.5  0.14 343.58 228.03   0.28 214.55  -0.75   1.16 108.71   4.98  14.36
 2461007.5  13.95  -3.9   0.8  9.95  9.95 0.987  13.2  0.13 345.19 230.77   0.30 217.63  -0.67   1.13 108.21   4.97  13.96
 2461008.5  13.96  -3.9   0.8  9.94  9.94 0.988  12.8  0.12 346.79 233.50   0.32 220.72  -0.60   1.10 107.70   4.97  13.55
 2461009.5  13.98  -3.9   0.8  9.93  9.93 0.988  12.5  0.12 348.39 236.24   0.35 223.80  -0.53   1.07 107.17   4.97  13.14
 2461010.5  13.99  -3.9   0.8  9.92  9.92 0.989  12.1  0.11 349.99 238.98   0.37 226.88  -0.46   1.04 106.62   4.96  12.72
 2461011.5  14.00  -3.9   0.8  9.91  9.91 0.989  11.8  0.10 351.59 241.72   0.39 229.96  -0.39   1.01 106.06   4.96  12.29
 2461012.5  14.01  -3.9   0.8  9.90  9.90 0.990  11.4  0.10 353.19 244.46   0.41 233.03  -0.31   0.98 105.48   4.95  11.85
 2461013.5  14.03  -3.9   0.8  9.90  9.90 0.991  11.1  0.09 354.78 247.20   0.44 236.11  -0.24   0.95 104.89   4.95  11.41
 2461014.5  14.04  -3.9   0.8  9.89  9.89 0.991  10.8  0.09 356.38 249.94   0.46 239.19  -0.17   0.92 104.27   4.94  10.96
 2461015.5  14.05  -3.9   0.8  9.88  9.88 0.992  10.4  0.08 357.98 252.68   0.48 242.27  -0.09   0.89 103.64   4.94  10.51
 2461016.5  14.06  -3.9   0.8  9.87  9.87 0.992  10.1  0.08 359.58 255.42   0.50 245.34  -0.02   0.86 102.99   4.94  10.04
 2461017.5  14.07  -3.9   0.8  9.86  9.86 0.993   9.7  0.07   1.17 258.16   0.53 248.42   0.05   0.84 102.32   4.93   9.57
 2461018.5  14.08  -3.9   0.8  9.86  9.86 0.993   9.4  0.07   2.77 260.90   0.55 251.49   0.13   0.81 101.63   4.93   9.10
 2461019.5  14.09  -3.9   0.8  9.85  9.85 0.994   9.1  0.06   4.36 263.64   0.57 254.57   0.20   0.78 100.91   4.92   8.62
 2461020.5  14.10  -3.9   0.8  9.84  9.84 0.994   8.7  0.06   5.96 266.38   0.59 257.64   0.27   0.75 100.17   4.92   8.13
 2461021.5  14.11  -3.9   0.8  9.84  9.84 0.995   8.4  0.05   7.55 269.12   0.61 260.72   0.35   0.72  99.41   4.92   7.64
 2461022.5  14.12  -3.9   0.8  9.83  9.83 0.995   8.1  0.05   9.14 271.86   0.63 263.79   0.42   0.69  98.62   4.92   7.14
 2461023.5  14.13  -3.9   0.8  9.83  9.83 0.995   7.7  0.04  10.74 274.60   0.65 266.86   0.49   0.66  97.80   4.91   6.64
 2461024.5  14.13  -3.9   0.8  9.82  9.82 0.996   7.4  0.04  12.33 277.34   0.67 269.93   0.56   0.63  96.95   4.91   6.13
 2461025.5  14.14  -3.9   0.8  9.81  9.81 0.996   7.1  0.04  13.92 280.08   0.69 273.00   0.63   0.60  96.06   4.91   5.62
 2461026.5  14.15  -3.9   0.8  9.81  9.81 0.997   6.7  0.03  15.51 282.82   0.71 276.08   0.71   0.58  95.13   4.90   5.11
 2461027.5  14.16  -3.9   0.7  9.80  9.80 0.997   6.4  0.03  17.10 285.56   0.73 279.15   0.78   0.55  94.16   4.90   4.59
 2461028.5  14.16  -3.9   0.7  9.80  9.80 0.997   6.1  0.03  18.69 288.30   0.75 282.22   0.85   0.52  93.14   4.90   4.07
 2461029.5  14.17  -3.9   0.7  9.79  9.79 0.997   5.8  0.02  20.28 291.04   0.77 285.29   0.91   0.49  92.06   4.90   3.55
 2461030.5  14.18  -3.9   0.7  9.79  9.79 0.998   5.4  0.02  21.87 293.78   0.79 288.35   0.98   0.46  90.92   4.89   3.02
 2461031.5  14.18  -4.0   0.7  9.79  9.79 0.998   5.1  0.02  23.46 296.52   0.80 291.42   1.05   0.44  89.70   4.89   2.49
 2461032.5  14.19  -4.0   0.7  9.78  9.78 0.998   4.8  0.02  25.05 299.26   0.82 294.49   1.12   0.41  88.39   4.89   1.96
 2461033.5  14.19  -4.0   0.7  9.78  9.78 0.998   4.5  0.01  26.63 302.00   0.84 297.56   1.18   0.38  86.96   4.89   1.43
 2461034.5  14.20  -4.0   0.7  9.78  9.78 0.999   4.1  0.01  28.22 304.74   0.85 300.63   1.25   0.35  85.41   4.89   0.90
 2461035.5  14.20  -4.0   0.7  9.77  9.77 0.999   3.8  0.01  29.81 307.48   0.87 303.69   1.31   0.33  83.69   4.89   0.36
 2461036.5  14.21  -4.0   0.7  9.77  9.77 0.999   3.5  0.01  31.40 310.23   0.89 306.76   1.37   0.30  81.76   4.88 359.83
 2461037.5  14.21  -4.0   0.7  9.77  9.77 0.999   3.2  0.01  32.98 312.97   0.90 309.83   1.44   0.27  79.57   4.88 359.30
 2461038.5  14.21  -4.0   0.7  9.77  9.77 0.999   2.9  0.01  34.57 315.71   0.91 312.89   1.50   0.24  77.02   4.88 358.76
 2461039.5  14.22  -4.0   0.7  9.76  9.76 1.000   2.6  0.00  36.15 318.45   0.93 315.96   1.56   0.22  74.01   4.88 358.23
 2461040.5  14.22  -4.0   0.7  9.76  9.76 1.000   2.3  0.00  37.74 321.19   0.94 319.03   1.61   0.19  70.34   4.88 357.70
 2461041.5  14.22  99.0  99.0  9.76  9.76 1.000   2.0  0.00  39.32 323.93   0.95 322.09   1.67   0.17  65.75   4.88 357.17
 2461042.5  14.22  99.0  99.0  9.76  9.76 1.000   1.7  0.00  40.91 326.67   0.96 325.16   1.73   0.14  59.81   4.88 356.64
 2461043.5  14.23  99.0  99.0  9.76  9.76 1.000   1.4  0.00  42.49 329.41   0.98 328.22   1.78   0.12  51.86   4.88 356.11
 2461044.5  14.23  99.0  99.0  9.76  9.76 1.000   1.2  0.00  44.07 332.15   0.99 331.29   1.83   0.10  40.95   4.88 355.59
 2461045.5  14.23  99.0  99.0  9.75  9.75 1.000   1.0  0.00  45.66 334.89   1.00 334.35   1.89   0.09  26.07   4.88 355.07
 2461046.5  14.23  99.0  99.0  9.75  9.75 1.000   1.0  0.00  47.24 337.63   1.00 337.42   1.94   0.08   7.31   4.88 354.55
 2461047.5  14.23  99.0  99.0  9.75  9.75 1.000   1.0  0.00  48.82 340.37   1.01 340.48   1.99   0.08 347.40   4.88 354.04
 2461048.5  14.23  99.0  99.0  9.75  9.75 1.000   1.1  0.00  50.40 343.11   1.02 343.54   2.03   0.09 330.16   4.88 353.53
 2461049.5  14.23  99.0  99.0  9.75  9.75 1.000   1.3  0.00  51.99 345.85   1.03 346.61   2.08   0.11 317.09   4.88 353.02
 2461050.5  14.23  99.0  99.0  9.75  9.75 1.000   1.5  0.00  53.57 348.59   1.03 349.67   2.12   0.13 307.60   4.88 352.52
 2461051.5  14.23  99.0  99.0  9.75  9.75 1.000   1.8  0.00  55.15 351.33   1.04 352.74   2.17   0.15 300.63   4.88 352.02
 2461052.5  14.23  99.0  99.0  9.76  9.76 1.000   2.1  0.00  56.73 354.07   1.05 355.80   2.21   0.18 295.36   4.88 351.53
 2461053.5  14.23  -4.0   0.7  9.76  9.76 1.000   2.4  0.00  58.31 356.81   1.05 358.86   2.25   0.20 291.23   4.88 351.05
 2461054.5  14.22  -4.0   0.7  9.76  9.76 0.999   2.7  0.01  59.90 359.55   1.05   1.93   2.28   0.23 287.90   4.88 350.57
 2461055.5  14.22  -4.0   0.7  9.76  9.76 0.999   3.0  0.01  61.48   2.28   1.06   4.99   2.32   0.25 285.14   4.88 350.09
 2461056.5  14.22  -4.0   0.7  9.76  9.76 0.999   3.3  0.01  63.06   5.02   1.06   8.05   2.35   0.28 282.80   4.88 349.62
 2461057.5  14.22  -4.0   0.7  9.76  9.76 0.999   3.6  0.01  64.64   7.76   1.06  11.12   2.38   0.31 280.77   4.88 349.16
 2461058.5  14.21  -4.0   0.7  9.76  9.76 0.999   3.9  0.01  66.22  10.50   1.06  14.18   2.41   0.33 278.98   4.88 348.71
 2461059.5  14.21  -4.0   0.7  9.77  9.77 0.999   4.2  0.01  67.80  13.24   1.06  17.24   2.44   0.36 277.39   4.88 348.26
 2461060.5  14.21  -3.9   0.7  9.77  9.77 0.998   4.6  0.02  69.38  15.98   1.06  20.31   2.47   0.39 275.94   4.88 347.82
