 90.243732966627
 90.494417425326
 90.745101881399
 90.995786340097
 91.246470798792
 91.497155254860
 91.747839713553
 91.998524172246
 92.249208630936
 92.499893086999
 92.750577545689
 93.001262004375
 93.251946460435
 93.502630919120
 93.753315377802
 94.003999833859
 94.254684292540
 94.505368751219
 94.756053207271
 95.006737665949
 95.257422124624
 95.508106580673
 95.758791039347
 96.009475498019
 96.260159956690
 96.510844412734
 96.761528871402
 97.012213330070
 97.262897786109
 97.513582244774
 97.764266703439
 98.014951159474
 98.265635618136
 98.516320076795
 98.767004532828
 99.017688991487
 99.268373450143
 99.519057906172
 99.769742364827
100.020426823479
100.271111282132
100.521795738157
100.772480196806
101.023164655455
101.273849111475
101.524533570122
101.775218028767
102.025902484784
102.276586943427
102.527271402069
102.777955858082
103.028640316722
103.279324775361
103.530009233998
103.780693690008
104.031378148642
104.282062607276
104.532747063281
104.783431521913
105.034115980544
105.284800436546
105.535484895175
105.786169353803
106.036853809801
106.287538268427
106.538222727052
106.788907183047
107.039591641669
107.290276100289
107.540960558909
107.791645014900
108.042329473518
108.293013932135
108.543698388123
108.794382846738
109.045067305352
109.295751761336
109.546436219948
109.797120678559
110.047805134540
110.298489593149
110.549174051755
110.799858507734
111.050542966338
111.301227424943
111.551911883546
111.802596339521
112.053280798122
112.303965256722
112.554649712694
112.805334171292
113.056018629889
113.306703085858
113.557387544453
113.808072003046
114.058756459013
114.309440917605
114.560125376195
114.810809834785
115.061494290748
115.312178749335
115.562863207923
115.813547663881
116.064232122467
116.314916581051
116.565601037007
116.816285495589
117.066969954170
117.317654410124
117.568338868704
117.819023327281
118.069707783232
118.320392241809
118.571076700384
118.821761158959
119.072445614907
119.323130073479
119.573814532051
119.824498987996
120.075183446565
120.325867905135
120.576552361077
120.827236819643
121.077921278210
121.328605734149
121.579290192713
121.829974651277
122.080659107212
122.331343565775
122.582028024335
122.832712482896
123.083396938829
123.334081397385
123.584765855943
123.835450311874
124.086134770430
124.336819228986
124.587503684914
124.838188143464
125.088872602017
125.339557057943
125.590241516494
125.840925975045
126.091610433593
126.342294889513
126.592979348061
126.843663806608
127.094348262528
127.345032721073
127.595717179615
127.846401635532
128.097086094075
128.347770552618
128.598455008532
128.849139467070
129.099823925610
129.350508381522
129.601192840060
129.851877298598
130.102561757131
130.353246213040
130.603930671576
130.854615130110
131.105299586017
131.355984044550
131.606668503079
131.857352958983
132.108037417514
132.358721876044
132.609406331946
132.860090790474
133.110775248998
133.361459704899
133.612144163425
133.862828621950
134.113513080475
134.364197536368
134.614881994892
134.865566453414
135.116250909309
135.366935367830
135.617619826347
135.868304282240
136.118988740759
136.369673199277
136.620357655168
136.871042113684
137.121726572197
137.372411030713
137.623095486601
137.873779945115
138.124464403628
138.375148859514
138.625833318022
138.876517776534
139.127202232418
139.377886690928
139.628571149437
139.879255605319
140.129940063824
140.380624522331
140.631308978211
140.881993436717
141.132677895219
141.383362353724
141.634046809601
141.884731268105
142.135415726608
142.386100182483
142.636784640981
142.887469099482
143.138153555356
143.388838013856
143.639522472355
143.890206928227
144.140891386721
144.391575845219
144.642260301089
144.892944759585
145.143629218080
145.394313676572
145.644998132440
145.895682590934
146.146367049427
146.397051505293
146.647735963785
146.898420422273
147.149104878137
147.399789336628
147.650473795118
147.901158250979
148.151842709466
148.402527167954
148.653211626441
148.903896082302
149.154580540788
149.405264999271
149.655949455130
149.906633913615
150.157318372099
150.408002827956
150.658687286439
150.909371744921
151.160056200776
151.410740659258
151.661425117738
151.912109573592
152.162794032072
152.413478490550
152.664162949030
152.914847404880
153.165531863359
153.416216321835
153.666900777686
153.917585236163
154.168269694637
154.418954150487
154.669638608962
154.920323067436
155.171007523284
155.421691981758
155.672376440230
155.923060896076
156.173745354549
156.424429813020
156.675114271492
156.925798727336
157.176483185806
157.427167644276
157.677852100120
157.928536558588
158.179221017057
158.429905472898
158.680589931366
158.931274389834
159.181958845674
159.432643304141
159.683327762606
159.934012221073
160.184696676912
160.435381135376
160.686065593841
160.936750049680
161.187434508143
161.438118966607
161.688803422442
161.939487880905
162.190172339368
162.440856795203
162.691541253665
162.942225712127
163.192910167960
163.443594626422
163.694279084882
163.944963543341
164.195647999175
164.446332457633
164.697016916093
164.947701371923
165.198385830382
165.449070288841
165.699754744671
165.950439203128
166.201123661586
166.451808117415
166.702492575872
166.953177034328
167.203861490156
167.454545948611
167.705230407067
167.955914865522
168.206599321349
168.457283779804
168.707968238258
168.958652694084
169.209337152538
169.460021610992
169.710706066817
169.961390525270
170.212074983723
170.462759439548
170.713443898000
170.964128356451
171.214812814902
171.465497270726
171.716181729177
171.966866187628
172.217550643451
172.468235101902
172.718919560352
172.969604016174
173.220288474624
173.470972933074
173.721657388895
173.972341847344
174.223026305792
174.473710761614
174.724395220063
174.975079678510
175.225764136958
175.476448592780
175.727133051226
175.977817509674
176.228501965495
176.479186423940
176.729870882388
176.980555338206
177.231239796653
177.481924255100
177.732608710918
177.983293169364
178.233977627809
178.484662083628
178.735346542074
178.986031000518
179.236715458964
179.487399914783
179.738084373226
179.988768831671
180.239453287490
180.490137745933
180.740822204378
180.991506660196
181.242191118639
181.492875577083
181.743560032901
181.994244491343
182.244928949787
182.495613408230
182.746297864047
182.996982322491
183.247666780933
183.498351236750
183.749035695191
183.999720153635
184.250404609452
184.501089067893
184.751773526336
185.002457982153
185.253142440594
185.503826899037
185.754511354853
186.005195813295
186.255880271737
186.506564730179
186.757249185995
187.007933644437
187.258618102878
187.509302558694
187.759987017137
188.010671475578
188.261355931393
188.512040389836
188.762724848277
189.013409304092
189.264093762535
189.514778220976
189.765462676791
190.016147135232
190.266831593674
190.517516052115
190.768200507931
191.018884966373
191.269569424814
191.520253880630
191.770938339072
192.021622797513
192.272307253329
192.522991711771
192.773676170212
193.024360626028
193.275045084471
193.525729542912
193.776414001355
194.027098457171
194.277782915612
194.528467374055
194.779151829871
195.029836288312
195.280520746755
195.531205202570
195.781889661013
196.032574119456
196.283258575271
196.533943033715
196.784627492157
197.035311947973
197.285996406417
197.536680864859
197.787365323303
198.038049779120
198.288734237563
198.539418696007
198.790103151824
199.040787610267
199.291472068712
199.542156524530
199.792840982973
200.043525441418
200.294209897236
200.544894355679
200.795578814125
201.046263269943
201.296947728387
201.547632186833
201.798316645277
202.049001101096
202.299685559541
202.550370017987
202.801054473807
203.051738932252
203.302423390699
203.553107846519
203.803792304965
204.054476763412
204.305161219233
204.555845677679
204.806530136127
205.057214594573
205.307899050395
205.558583508843
205.809267967290
206.059952423113
206.310636881562
206.561321340009
206.812005795832
207.062690254282
207.313374712730
207.564059168554
207.814743627004
208.065428085453
208.316112541276
208.566796999727
208.817481458178
209.068165916628
209.318850372453
209.569534830905
209.820219289356
210.070903745182
210.321588203635
210.572272662086
 69.0
24622.0
