237.219004587319
237.469689075131
237.720373560320
237.971058048143
238.221742535973
238.472427021181
238.723111509021
238.973795996864
239.224480484716
239.475164969946
239.725849457809
239.976533945677
240.227218430924
240.477902918800
240.728587406684
240.979271891948
241.229956379844
241.480640867745
241.731325353025
241.982009840934
242.232694328852
242.483378814149
242.734063302078
242.984747790012
243.235432277949
243.486116763268
243.736801251219
243.987485739175
244.238170224511
244.488854712475
244.739539200448
244.990223685800
245.240908173784
245.491592661774
245.742277147142
245.992961635140
246.243646123146
246.494330608531
246.745015096548
246.995699584571
247.246384072596
247.497068558003
247.747753046042
247.998437534087
248.249122019510
248.499806507566
248.750490995624
249.001175481064
249.251859969137
249.502544457214
249.753228942671
250.003913430756
250.254597918851
250.505282406950
250.755966892429
251.006651380540
251.257335868653
251.508020354148
251.758704842275
252.009389330408
252.260073815919
252.510758304063
252.761442792209
253.012127277737
253.262811765897
253.513496254063
253.764180739607
254.014865227784
254.265549715963
254.516234204151
254.766918689717
255.017603177915
255.268287666120
255.518972151702
255.769656639914
256.020341128135
256.271025613734
256.521710101965
256.772394590199
257.023079075815
257.273763564063
257.524448052316
257.775132537948
258.025817026212
258.276501514479
258.527186002754
258.777870488408
259.028554976694
259.279239464986
259.529923950654
259.780608438955
260.031292927263
260.281977412950
260.532661901269
260.783346389593
261.034030875295
261.284715363628
261.535399851969
261.786084340315
262.036768826039
262.287453314396
262.538137802757
262.788822288498
263.039506776872
263.290191265251
263.540875751007
263.791560239395
264.042244727790
264.292929213564
264.543613701970
264.794298190382
265.044982676171
265.295667164591
265.546351653019
265.797036141453
266.047720627263
266.298405115708
266.549089604156
266.799774089984
267.050458578445
267.301143066911
267.551827552754
267.802512041231
268.053196529711
268.303881015572
268.554565504064
268.805249992562
269.055934478440
269.306618966948
269.557303455462
269.807987943983
270.058672429880
270.309356918411
270.560041406946
270.810725892862
271.061410381409
271.312094869962
271.562779355892
271.813463844455
272.064148333023
272.314832818969
272.565517307549
272.816201796134
273.066886284725
273.317570770695
273.568255259295
273.818939747902
274.069624233886
274.320308722504
274.570993211127
274.821677697125
275.072362185759
275.323046674399
275.573731160417
275.824415649067
276.075100137721
276.325784623754
276.576469112420
276.827153601092
277.077838089770
277.328522575826
277.579207064512
277.829891553205
278.080576039276
278.331260527980
278.581945016690
278.832629502778
279.083313991495
279.333998480221
279.584682966325
279.835367455062
280.086051943804
280.336736429921
280.587420918674
280.838105407432
281.088789896196
281.339474382338
281.590158871109
281.840843359888
282.091527846047
282.342212334837
282.592896823633
282.843581309807
283.094265798611
283.344950287422
283.595634773613
283.846319262436
284.097003751264
284.347688240094
284.598372726306
284.849057215150
285.099741703999
285.350426190227
285.601110679088
285.851795167950
286.102479654194
286.353164143071
286.603848631952
286.854533118213
287.105217607102
287.355902095999
287.606586582276
287.857271071184
288.107955560098
288.358640049014
288.609324535312
288.860009024242
289.110693513177
289.361377999491
289.612062488437
289.862746977385
290.113431463715
290.364115952677
290.614800441644
290.865484927990
291.116169416968
291.366853905948
291.617538392310
291.868222881304
292.118907370303
292.369591859308
292.620276345691
292.870960834703
293.121645323724
293.372329810123
293.623014299155
293.873698788188
294.124383274603
294.375067763651
294.625752252704
294.876436739135
295.127121228198
295.377805717264
295.628490206338
295.879174692790
296.129859181875
296.380543670965
296.631228157433
296.881912646531
297.132597135637
297.383281622121
297.633966111237
297.884650600359
298.135335086860
298.386019575991
298.636704065129
298.887388551643
299.138073040792
299.388757529944
299.639442019103
299.890126505641
300.140810994809
300.391495483984
300.642179970537
300.892864459721
301.143548948912
301.394233435482
301.644917924681
301.895602413888
302.146286900474
302.396971389689
302.647655878912
302.898340365513
303.149024854745
303.399709343984
303.650393833226
303.901078319848
304.151762809103
304.402447298361
304.653131784999
304.903816274270
305.154500763543
305.405185250198
305.655869739482
305.906554228774
306.157238715444
306.407923204744
306.658607694051
306.909292183362
307.159976670053
307.410661159377
307.661345648703
307.912030135410
308.162714624749
308.413399114092
308.664083600815
308.914768090170
309.165452579528
309.416137066267
309.666821555637
309.917506045011
310.168190531766
310.418875021152
310.669559510542
310.920243999939
311.170928486713
311.421612976120
311.672297465533
311.922981952323
312.173666441746
312.424350931173
312.675035417980
312.925719907419
313.176404396861
313.427088883684
313.677773373139
313.928457862597
314.179142349435
314.429826838906
314.680511328380
314.931195817861
315.181880304720
315.432564794210
315.683249283707
315.933933770581
316.184618260088
316.435302749600
316.685987236489
316.936671726012
317.187356215540
317.438040702446
317.688725191984
317.939409681526
318.190094171075
318.440778658003
318.691463147561
318.942147637126
319.192832124067
319.443516613642
319.694201103223
319.944885590180
320.195570079771
320.446254569367
320.696939056340
320.947623545947
321.198308035558
321.448992522547
321.699677012169
321.950361501797
322.201045991428
322.451730478437
322.702414968080
322.953099457728
323.203783944754
323.454468434412
323.705152924076
323.955837411117
324.206521900791
324.457206390471
324.707890877527
324.958575367217
325.209259856912
325.459944343984
325.710628833688
325.961313323399
326.211997813115
326.462682300207
326.713366789934
326.964051279665
327.214735766774
327.465420256515
327.716104746262
327.966789233387
328.217473723144
328.468158212907
328.718842700046
328.969527189819
329.220211679596
329.470896169379
329.721580656539
329.972265146333
330.222949636132
330.473634123308
330.724318613117
330.975003102931
331.225687590123
331.476372079948
331.727056569776
331.977741056984
332.228425546825
332.479110036669
332.729794523893
332.980479013748
333.231163503608
333.481847993474
333.732532480719
333.983216970593
334.233901460475
334.484585947735
334.735270437626
334.985954927523
335.236639414798
335.487323904704
335.738008394617
335.988692881906
336.239377371829
336.490061861756
336.740746349062
336.991430839000
337.242115328942
337.492799818891
337.743484306218
337.994168796175
338.244853286140
338.495537773482
338.746222263455
338.996906753434
339.247591240792
339.498275730781
339.748960220776
339.999644708149
340.250329198153
340.501013688163
340.751698178177
341.002382665571
341.253067155597
341.503751645626
341.754436133035
342.005120623076
342.255805113121
342.506489600546
342.757174090601
343.007858580662
343.258543068102
343.509227558173
343.759912048250
344.010596535705
344.261281025791
344.511965515883
344.762650005979
345.013334493455
345.264018983562
345.514703473674
345.765387961165
346.016072451288
346.266756941414
346.517441428921
346.768125919059
347.018810409201
347.269494896723
347.520179386877
347.770863877034
348.021548364571
348.272232854739
348.522917344913
348.773601835092
349.024286322648
349.274970812837
349.525655303030
349.776339790603
350.027024280808
350.277708771016
350.528393258604
350.779077748824
351.029762239047
351.280446726651
351.531131216886
351.781815707124
352.032500197370
352.283184684993
352.533869175247
352.784553665508
353.035238153147
353.285922643416
353.536607133692
353.787291621346
354.037976111630
354.288660601921
354.539345089589
354.790029579890
355.040714070195
355.291398557880
355.542083048196
355.792767538516
356.043452028843
356.294136516547
356.544821006882
356.795505497224
357.046189984944
357.296874475294
357.547558965651
 69.0
    0.0
