 2456243.5   3.715858282451   0.042850373079  9.7791516
 2456244.5   3.716413840696   0.042846529294  9.7794151
 2456245.5   3.716969369651   0.042842672500  9.7796785
 2456246.5   3.717524869332   0.042838802702  9.7799419
 2456247.5   3.718080339756   0.042834919903  9.7802051
 2456248.5   3.718635780938   0.042831024103  9.7804683
 2456249.5   3.719191192895   0.042827115308  9.7807314
 2456250.5   3.719746575644   0.042823193518  9.7809944
 2456251.5   3.720301929200   0.042819258738  9.7812573
 2456252.5   3.720857253579   0.042815310969  9.7815202
 2456253.5   3.721412548796   0.042811350214  9.7817829
 2456254.5   3.721967814866   0.042807376478  9.7820456
 2456255.5   3.722523051803   0.042803389762  9.7823082
 2456256.5   3.723078259619   0.042799390069  9.7825707
 2456257.5   3.723633438327   0.042795377404  9.7828332
 2456258.5   3.724188587937   0.042791351769  9.7830955
 2456259.5   3.724743708460   0.042787313168  9.7833578
 2456260.5   3.725298799905   0.042783261604  9.7836200
 2456261.5   3.725853862282   0.042779197081  9.7838821
 2456262.5   3.726408895599   0.042775119603  9.7841441
 2456263.5   3.726963899864   0.042771029173  9.7844060
 2456264.5   3.727518875085   0.042766925796  9.7846679
 2456265.5   3.728073821268   0.042762809474  9.7849296
 2456266.5   3.728628738421   0.042758680212  9.7851913
 2456267.5   3.729183626551   0.042754538014  9.7854529
 2456268.5   3.729738485664   0.042750382882  9.7857144
 2456269.5   3.730293315768   0.042746214822  9.7859759
 2456270.5   3.730848116870   0.042742033837  9.7862372
 2456271.5   3.731402888976   0.042737839931  9.7864985
 2456272.5   3.731957632094   0.042733633107  9.7867596
 2456273.5   3.732512346230   0.042729413370  9.7870207
 2456274.5   3.733067031392   0.042725180723  9.7872817
 2456275.5   3.733621687587   0.042720935170  9.7875426
 2456276.5   3.734176314822   0.042716676714  9.7878035
 2456277.5   3.734730913105   0.042712405359  9.7880642
 2456278.5   3.735285482443   0.042708121110  9.7883249
 2456279.5   3.735840022843   0.042703823970  9.7885855
 2456280.5   3.736394534313   0.042699513942  9.7888459
 2456281.5   3.736949016862   0.042695191030  9.7891064
 2456282.5   3.737503470496   0.042690855238  9.7893667
 2456283.5   3.738057895224   0.042686506570  9.7896269
 2456284.5   3.738612291052   0.042682145029  9.7898871
 2456285.5   3.739166657991   0.042677770619  9.7901471
 2456286.5   3.739720996046   0.042673383344  9.7904071
 2456287.5   3.740275305227   0.042668983207  9.7906670
 2456288.5   3.740829585541   0.042664570212  9.7909268
 2456289.5   3.741383836997   0.042660144363  9.7911865
 2456290.5   3.741938059602   0.042655705662  9.7914461
 2456291.5   3.742492253365   0.042651254115  9.7917057
 2456292.5   3.743046418295   0.042646789725  9.7919651
 2456293.5   3.743600554399   0.042642312494  9.7922245
 2456294.5   3.744154661685   0.042637822428  9.7924838
 2456295.5   3.744708740163   0.042633319529  9.7927430
 2456296.5   3.745262789840   0.042628803801  9.7930021
 2456297.5   3.745816810725   0.042624275248  9.7932611
 2456298.5   3.746370802827   0.042619733873  9.7935201
 2456299.5   3.746924766154   0.042615179681  9.7937789
 2456300.5   3.747478700714   0.042610612674  9.7940377
 2456301.5   3.748032606516   0.042606032857  9.7942963
 2456302.5   3.748586483569   0.042601440232  9.7945549
 2456303.5   3.749140331881   0.042596834804  9.7948134
 2456304.5   3.749694151461   0.042592216577  9.7950718
 2456305.5   3.750247942319   0.042587585553  9.7953302
 2456306.5   3.750801704461   0.042582941737  9.7955884
 2456307.5   3.751355437899   0.042578285132  9.7958466
 2456308.5   3.751909142639   0.042573615741  9.7961046
 2456309.5   3.752462818692   0.042568933569  9.7963626
 2456310.5   3.753016466067   0.042564238619  9.7966205
 2456311.5   3.753570084771   0.042559530895  9.7968783
 2456312.5   3.754123674816   0.042554810400  9.7971360
 2456313.5   3.754677236209   0.042550077138  9.7973936
 2456314.5   3.755230768960   0.042545331112  9.7976512
 2456315.5   3.755784273079   0.042540572325  9.7979086
 2456316.5   3.756337748575   0.042535800783  9.7981660
 2456317.5   3.756891195457   0.042531016488  9.7984232
 2456318.5   3.757444613736   0.042526219443  9.7986804
 2456319.5   3.757998003422   0.042521409652  9.7989375
 2456320.5   3.758551364524   0.042516587120  9.7991945
 2456321.5   3.759104697053   0.042511751848  9.7994515
 2456322.5   3.759658001019   0.042506903841  9.7997083
 2456323.5   3.760211276433   0.042502043102  9.7999650
 2456324.5   3.760764523307   0.042497169635  9.8002217
 2456325.5   3.761317741652   0.042492283443  9.8004783
 2456326.5   3.761870931478   0.042487384528  9.8007347
 2456327.5   3.762424092800   0.042482472896  9.8009911
 2456328.5   3.762977225629   0.042477548548  9.8012474
 2456329.5   3.763530329977   0.042472611488  9.8015036
 2456330.5   3.764083405860   0.042467661720  9.8017598
 2456331.5   3.764636453291   0.042462699245  9.8020158
 2456332.5   3.765189472284   0.042457724068  9.8022718
 2456333.5   3.765742462855   0.042452736192  9.8025276
 2456334.5   3.766295425019   0.042447735618  9.8027834
 2456335.5   3.766848358793   0.042442722350  9.8030391
 2456336.5   3.767401264192   0.042437696392  9.8032947
 2456337.5   3.767954141234   0.042432657745  9.8035502
 2456338.5   3.768506989936   0.042427606413  9.8038056
 2456339.5   3.769059810313   0.042422542398  9.8040609
 2456340.5   3.769612602384   0.042417465704  9.8043161
 2456341.5   3.770165366163   0.042412376334  9.8045713
 2456342.5   3.770718101668   0.042407274290  9.8048264
 2456343.5   3.771270808912   0.042402159575  9.8050813
 2456344.5   3.771823487911   0.042397032194  9.8053362
 2456345.5   3.772376138679   0.042391892149  9.8055910
 2456346.5   3.772928761228   0.042386739443  9.8058457
 2456347.5   3.773481355571   0.042381574081  9.8061003
 2456348.5   3.774033921721   0.042376396065  9.8063548
 2456349.5   3.774586459688   0.042371205400  9.8066093
 2456350.5   3.775138969483   0.042366002089  9.8068636
 2456351.5   3.775691451117   0.042360786136  9.8071179
 2456352.5   3.776243904600   0.042355557544  9.8073720
 2456353.5   3.776796329944   0.042350316318  9.8076261
 2456354.5   3.777348727156   0.042345062461  9.8078801
 2456355.5   3.777901096249   0.042339795977  9.8081340
 2456356.5   3.778453437231   0.042334516869  9.8083878
 2456357.5   3.779005750114   0.042329225143  9.8086415
 2456358.5   3.779558034908   0.042323920801  9.8088951
 2456359.5   3.780110291622   0.042318603847  9.8091487
 2456360.5   3.780662520269   0.042313274285  9.8094021
 2456361.5   3.781214720858   0.042307932118  9.8096554
 2456362.5   3.781766893401   0.042302577351  9.8099087
 2456363.5   3.782319037910   0.042297209987  9.8101619
 2456364.5   3.782871154394   0.042291830029  9.8104150
 2456365.5   3.783423242866   0.042286437482  9.8106679
 2456366.5   3.783975303339   0.042281032349  9.8109208
 2456367.5   3.784527335822   0.042275614633  9.8111736
 2456368.5   3.785079340330   0.042270184339  9.8114264
 2456369.5   3.785631316874   0.042264741469  9.8116790
 2456370.5   3.786183265465   0.042259286028  9.8119315
 2456371.5   3.786735186118   0.042253818018  9.8121839
 2456372.5   3.787287078844   0.042248337444  9.8124363
 2456373.5   3.787838943657   0.042242844310  9.8126886
 2456374.5   3.788390780569   0.042237338617  9.8129407
 2456375.5   3.788942589593   0.042231820371  9.8131928
 2456376.5   3.789494370742   0.042226289575  9.8134448
 2456377.5   3.790046124030   0.042220746231  9.8136967
 2456378.5   3.790597849469   0.042215190344  9.8139485
 2456379.5   3.791149547074   0.042209621918  9.8142002
 2456380.5   3.791701216858   0.042204040955  9.8144518
 2456381.5   3.792252858833   0.042198447459  9.8147033
 2456382.5   3.792804473015   0.042192841433  9.8149548
 2456383.5   3.793356059416   0.042187222882  9.8152061
 2456384.5   3.793907618051   0.042181591808  9.8154573
 2456385.5   3.794459148933   0.042175948216  9.8157085
 2456386.5   3.795010652076   0.042170292107  9.8159596
 2456387.5   3.795562127493   0.042164623487  9.8162105
 2456388.5   3.796113575200   0.042158942358  9.8164614
 2456389.5   3.796664995210   0.042153248724  9.8167122
 2456390.5   3.797216387536   0.042147542589  9.8169629
 2456391.5   3.797767752194   0.042141823955  9.8172135
 2456392.5   3.798319089196   0.042136092826  9.8174640
 2456393.5   3.798870398558   0.042130349206  9.8177144
 2456394.5   3.799421680293   0.042124593098  9.8179648
 2456395.5   3.799972934416   0.042118824506  9.8182150
 2456396.5   3.800524160941   0.042113043433  9.8184652
 2456397.5   3.801075359881   0.042107249882  9.8187152
 2456398.5   3.801626531252   0.042101443857  9.8189652
 2456399.5   3.802177675068   0.042095625362  9.8192150
 2456400.5   3.802728791343   0.042089794400  9.8194648
 2456401.5   3.803279880091   0.042083950973  9.8197145
 2456402.5   3.803830941326   0.042078095087  9.8199641
 2456403.5   3.804381975064   0.042072226743  9.8202136
 2456404.5   3.804932981319   0.042066345946  9.8204630
 2456405.5   3.805483960104   0.042060452699  9.8207123
 2456406.5   3.806034911436   0.042054547005  9.8209615
 2456407.5   3.806585835327   0.042048628868  9.8212106
 2456408.5   3.807136731794   0.042042698291  9.8214596
 2456409.5   3.807687600851   0.042036755278  9.8217086
 2456410.5   3.808238442513   0.042030799831  9.8219574
 2456411.5   3.808789256795   0.042024831955  9.8222061
 2456412.5   3.809340043713   0.042018851652  9.8224548
 2456413.5   3.809890803283   0.042012858925  9.8227033
 2456414.5   3.810441535519   0.042006853778  9.8229518
 2456415.5   3.810992240439   0.042000836215  9.8232002
 2456416.5   3.811542918058   0.041994806237  9.8234485
 2456417.5   3.812093568394   0.041988763849  9.8236966
 2456418.5   3.812644191465   0.041982709054  9.8239447
 2456419.5   3.813194787287   0.041976641853  9.8241927
 2456420.5   3.813745355878   0.041970562251  9.8244406
 2456421.5   3.814295897258   0.041964470250  9.8246884
 2456422.5   3.814846411445   0.041958365853  9.8249362
 2456423.5   3.815396898459   0.041952249063  9.8251838
 2456424.5   3.815947358319   0.041946119883  9.8254313
 2456425.5   3.816497791044   0.041939978315  9.8256787
 2456426.5   3.817048196655   0.041933824363  9.8259261
 2456427.5   3.817598575171   0.041927658028  9.8261733
 2456428.5   3.818148926611   0.041921479315  9.8264205
 2456429.5   3.818699250994   0.041915288226  9.8266675
 2456430.5   3.819249548339   0.041909084764  9.8269145
 2456431.5   3.819799818663   0.041902868932  9.8271613
 2456432.5   3.820350061983   0.041896640733  9.8274081
 2456433.5   3.820900278314   0.041890400171  9.8276548
 2456434.5   3.821450467672   0.041884147250  9.8279014
 2456435.5   3.822000630071   0.041877881972  9.8281478
 2456436.5   3.822550765525   0.041871604342  9.8283942
 2456437.5   3.823100874047   0.041865314362  9.8286405
 2456438.5   3.823650955648   0.041859012038  9.8288867
 2456439.5   3.824201010341   0.041852697372  9.8291328
 2456440.5   3.824751038136   0.041846370369  9.8293788
 2456441.5   3.825301039046   0.041840031033  9.8296247
 2456442.5   3.825851013080   0.041833679366  9.8298705
 2456443.5   3.826400960249   0.041827315374  9.8301162
 2456444.5   3.826950880564   0.041820939061  9.8303618
 2456445.5   3.827500774035   0.041814550429  9.8306073
 2456446.5   3.828050640672   0.041808149483  9.8308528
 2456447.5   3.828600480486   0.041801736227  9.8310981
 2456448.5   3.829150293486   0.041795310665  9.8313433
 2456449.5   3.829700079684   0.041788872801  9.8315884
 2456450.5   3.830249839089   0.041782422638  9.8318335
 2456451.5   3.830799571711   0.041775960181  9.8320784
 2456452.5   3.831349277561   0.041769485433  9.8323232
 2456453.5   3.831898956650   0.041762998399  9.8325680
 2456454.5   3.832448608986   0.041756499081  9.8328126
 2456455.5   3.832998234582   0.041749987484  9.8330572
 2456456.5   3.833547833447   0.041743463612  9.8333016
 2456457.5   3.834097405591   0.041736927469  9.8335459
 2456458.5   3.834646951025   0.041730379057  9.8337902
 2456459.5   3.835196469760   0.041723818383  9.8340343
 2456460.5   3.835745961804   0.041717245448  9.8342784
 2456461.5   3.836295427169   0.041710660257  9.8345223
 2456462.5   3.836844865865   0.041704062813  9.8347662
 2456463.5   3.837394277902   0.041697453121  9.8350099
 2456464.5   3.837943663290   0.041690831185  9.8352536
 2456465.5   3.838493022040   0.041684197007  9.8354971
 2456466.5   3.839042354161   0.041677550593  9.8357406
 2456467.5   3.839591659663   0.041670891945  9.8359840
 2456468.5   3.840140938556   0.041664221068  9.8362272
 2456469.5   3.840690190851   0.041657537965  9.8364704
 2456470.5   3.841239416558   0.041650842641  9.8367134
 2456471.5   3.841788615685   0.041644135098  9.8369564
 2456472.5   3.842337788243   0.041637415342  9.8371993
 2456473.5   3.842886934241   0.041630683375  9.8374420
 2456474.5   3.843436053690   0.041623939202  9.8376847
 2456475.5   3.843985146598   0.041617182826  9.8379272
 2456476.5   3.844534212975   0.041610414252  9.8381697
 2456477.5   3.845083252831   0.041603633482  9.8384121
 2456478.5   3.845632266176   0.041596840522  9.8386543
 2456479.5   3.846181253017   0.041590035375  9.8388965
 2456480.5   3.846730213366   0.041583218044  9.8391385
 2456481.5   3.847279147230   0.041576388534  9.8393805
 2456482.5   3.847828054620   0.041569546848  9.8396224
 2456483.5   3.848376935544   0.041562692991  9.8398641
 2456484.5   3.848925790012   0.041555826966  9.8401058
 2456485.5   3.849474618031   0.041548948777  9.8403473
 2456486.5   3.850023419613   0.041542058428  9.8405888
 2456487.5   3.850572194765   0.041535155923  9.8408302
 2456488.5   3.851120943496   0.041528241266  9.8410714
 2456489.5   3.851669665816   0.041521314460  9.8413126
 2456490.5   3.852218361733   0.041514375510  9.8415536
 2456491.5   3.852767031256   0.041507424419  9.8417946
 2456492.5   3.853315674395   0.041500461192  9.8420354
 2456493.5   3.853864291158   0.041493485832  9.8422762
 2456494.5   3.854412881553   0.041486498342  9.8425168
 2456495.5   3.854961445591   0.041479498728  9.8427574
 2456496.5   3.855509983281   0.041472486993  9.8429978
 2456497.5   3.856058494631   0.041465463140  9.8432382
 2456498.5   3.856606979651   0.041458427173  9.8434784
 2456499.5   3.857155438350   0.041451379096  9.8437186
 2456500.5   3.857703870739   0.041444318914  9.8439586
 2456501.5   3.858252276827   0.041437246629  9.8441986
 2456502.5   3.858800656625   0.041430162245  9.8444384
 2456503.5   3.859349010143   0.041423065766  9.8446781
 2456504.5   3.859897337392   0.041415957196  9.8449178
 2456505.5   3.860445638384   0.041408836538  9.8451573
 2456506.5   3.860993913130   0.041401703795  9.8453967
 2456507.5   3.861542161642   0.041394558972  9.8456361
 2456508.5   3.862090383934   0.041387402071  9.8458753
 2456509.5   3.862638580019   0.041380233096  9.8461144
 2456510.5   3.863186749910   0.041373052050  9.8463535
 2456511.5   3.863734893621   0.041365858936  9.8465924
 2456512.5   3.864283011168   0.041358653758  9.8468312
 2456513.5   3.864831102564   0.041351436519  9.8470699
 2456514.5   3.865379167826   0.041344207222  9.8473085
 2456515.5   3.865927206967   0.041336965871  9.8475471
 2456516.5   3.866475220003   0.041329712468  9.8477855
 2456517.5   3.867023206948   0.041322447018  9.8480238
 2456518.5   3.867571167816   0.041315169523  9.8482620
 2456519.5   3.868119102621   0.041307879988  9.8485001
 2456520.5   3.868667011375   0.041300578415  9.8487381
 2456521.5   3.869214894090   0.041293264808  9.8489760
 2456522.5   3.869762750779   0.041285939173  9.8492138
 2456523.5   3.870310581451   0.041278601511  9.8494515
 2456524.5   3.870858386116   0.041271251828  9.8496891
 2456525.5   3.871406164785   0.041263890127  9.8499266
 2456526.5   3.871953917466   0.041256516414  9.8501640
 2456527.5   3.872501644168   0.041249130690  9.8504013
 2456528.5   3.873049344899   0.041241732962  9.8506385
 2456529.5   3.873597019668   0.041234323234  9.8508755
 2456530.5   3.874144668482   0.041226901509  9.8511125
 2456531.5   3.874692291350   0.041219467791  9.8513494
 2456532.5   3.875239888279   0.041212022086  9.8515862
 2456533.5   3.875787459278   0.041204564398  9.8518228
 2456534.5   3.876335004355   0.041197094729  9.8520594
 2456535.5   3.876882523518   0.041189613086  9.8522958
 2456536.5   3.877430016776   0.041182119472  9.8525322
 2456537.5   3.877977484137   0.041174613891  9.8527684
 2456538.5   3.878524925611   0.041167096348  9.8530046
 2456539.5   3.879072341205   0.041159566846  9.8532406
 2456540.5   3.879619730929   0.041152025390  9.8534766
 2456541.5   3.880167094794   0.041144471983  9.8537124
 2456542.5   3.880714432807   0.041136906631  9.8539481
 2456543.5   3.881261744980   0.041129329337  9.8541838
 2456544.5   3.881809031321   0.041121740105  9.8544193
 2456545.5   3.882356291841   0.041114138939  9.8546547
 2456546.5   3.882903526550   0.041106525844  9.8548900
 2456547.5   3.883450735459   0.041098900823  9.8551253
 2456548.5   3.883997918579   0.041091263881  9.8553604
 2456549.5   3.884545075919   0.041083615020  9.8555954
 2456550.5   3.885092207491   0.041075954247  9.8558303
 2456551.5   3.885639313307   0.041068281564  9.8560651
 2456552.5   3.886186393377   0.041060596975  9.8562998
 2456553.5   3.886733447713   0.041052900484  9.8565343
 2456554.5   3.887280476326   0.041045192096  9.8567688
 2456555.5   3.887827479228   0.041037471815  9.8570032
 2456556.5   3.888374456431   0.041029739644  9.8572375
 2456557.5   3.888921407948   0.041021995587  9.8574717
 2456558.5   3.889468333789   0.041014239648  9.8577057
 2456559.5   3.890015233967   0.041006471831  9.8579397
 2456560.5   3.890562108495   0.040998692141  9.8581736
 2456561.5   3.891108957386   0.040990900581  9.8584073
 2456562.5   3.891655780651   0.040983097155  9.8586410
 2456563.5   3.892202578304   0.040975281866  9.8588745
 2456564.5   3.892749350357   0.040967454720  9.8591080
 2456565.5   3.893296096824   0.040959615719  9.8593413
 2456566.5   3.893842817717   0.040951764868  9.8595745
 2456567.5   3.894389513051   0.040943902171  9.8598077
 2456568.5   3.894936182837   0.040936027631  9.8600407
 2456569.5   3.895482827091   0.040928141252  9.8602736
 2456570.5   3.896029445824   0.040920243039  9.8605064
 2456571.5   3.896576039052   0.040912332995  9.8607391
 2456572.5   3.897122606788   0.040904411124  9.8609717
 2456573.5   3.897669149046   0.040896477430  9.8612043
 2456574.5   3.898215665840   0.040888531917  9.8614367
 2456575.5   3.898762157184   0.040880574589  9.8616690
 2456576.5   3.899308623092   0.040872605449  9.8619011
 2456577.5   3.899855063579   0.040864624501  9.8621332
 2456578.5   3.900401478660   0.040856631750  9.8623652
 2456579.5   3.900947868350   0.040848627199  9.8625971
 2456580.5   3.901494232662   0.040840610852  9.8628289
 2456581.5   3.902040571613   0.040832582713  9.8630605
 2456582.5   3.902586885218   0.040824542785  9.8632921
 2456583.5   3.903133173491   0.040816491072  9.8635236
 2456584.5   3.903679436448   0.040808427579  9.8637549
 2456585.5   3.904225674106   0.040800352308  9.8639862
 2456586.5   3.904771886481   0.040792265265  9.8642173
 2456587.5   3.905318073587   0.040784166451  9.8644484
 2456588.5   3.905864235444   0.040776055871  9.8646793
 2456589.5   3.906410372067   0.040767933529  9.8649101
 2456590.5   3.906956483473   0.040759799428  9.8651409
 2456591.5   3.907502569681   0.040751653572  9.8653715
 2456592.5   3.908048630709   0.040743495963  9.8656020
 2456593.5   3.908594666575   0.040735326607  9.8658324
 2456594.5   3.909140677299   0.040727145505  9.8660627
 2456595.5   3.909686662900   0.040718952662  9.8662929
 2456596.5   3.910232623399   0.040710748080  9.8665230
 2456597.5   3.910778558818   0.040702531763  9.8667530
 2456598.5   3.911324469176   0.040694303715  9.8669829
 2456599.5   3.911870354497   0.040686063937  9.8672127
 2456600.5   3.912416214804   0.040677812433  9.8674424
 2456601.5   3.912962050118   0.040669549207  9.8676720
 2456602.5   3.913507860463   0.040661274261  9.8679015
 2456603.5   3.914053645862   0.040652987599  9.8681308
 2456604.5   3.914599406338   0.040644689224  9.8683601
 2456605.5   3.915145141914   0.040636379138  9.8685893
 2456606.5   3.915690852613   0.040628057346  9.8688183
 2456607.5   3.916236538455   0.040619723850  9.8690473
 2456608.5   3.916782199463   0.040611378654  9.8692761
 2456609.5   3.917327835657   0.040603021763  9.8695049
 2456610.5   3.917873447057   0.040594653179  9.8697335
 2456611.5   3.918419033682   0.040586272906  9.8699620
 2456612.5   3.918964595550   0.040577880948  9.8701905
 2456613.5   3.919510132681   0.040569477309  9.8704188
 2456614.5   3.920055645090   0.040561061993  9.8706470
 2456615.5   3.920601132796   0.040552635005  9.8708751
 2456616.5   3.921146595815   0.040544196348  9.8711031
 2456617.5   3.921692034163   0.040535746026  9.8713310
 2456618.5   3.922237447857   0.040527284044  9.8715588
 2456619.5   3.922782836913   0.040518810405  9.8717865
 2456620.5   3.923328201347   0.040510325114  9.8720141
 2456621.5   3.923873541176   0.040501828175  9.8722415
 2456622.5   3.924418856416   0.040493319592  9.8724689
 2456623.5   3.924964147082   0.040484799370  9.8726962
 2456624.5   3.925509413192   0.040476267511  9.8729233
 2456625.5   3.926054654761   0.040467724021  9.8731504
 2456626.5   3.926599871806   0.040459168903  9.8733773
 2456627.5   3.927145064344   0.040450602162  9.8736041
 2456628.5   3.927690232391   0.040442023801  9.8738309
 2456629.5   3.928235375965   0.040433433825  9.8740575
 2456630.5   3.928780495081   0.040424832238  9.8742840
 2456631.5   3.929325589757   0.040416219043  9.8745104
 2456632.5   3.929870660010   0.040407594244  9.8747367
 2456633.5   3.930415705858   0.040398957847  9.8749629
 2456634.5   3.930960727316   0.040390309854  9.8751890
 2456635.5   3.931505724402   0.040381650269  9.8754150
 2456636.5   3.932050697134   0.040372979097  9.8756408
 2456637.5   3.932595645528   0.040364296342  9.8758666
 2456638.5   3.933140569602   0.040355602007  9.8760923
 2456639.5   3.933685469374   0.040346896096  9.8763178
 2456640.5   3.934230344860   0.040338178615  9.8765432
 2456641.5   3.934775196078   0.040329449565  9.8767686
 2456642.5   3.935320023045   0.040320708952  9.8769938
 2456643.5   3.935864825778   0.040311956779  9.8772189
 2456644.5   3.936409604295   0.040303193051  9.8774439
 2456645.5   3.936954358613   0.040294417771  9.8776688
 2456646.5   3.937499088748   0.040285630943  9.8778936
 2456647.5   3.938043794719   0.040276832571  9.8781183
 2456648.5   3.938588476543   0.040268022659  9.8783429
 2456649.5   3.939133134235   0.040259201212  9.8785674
 2456650.5   3.939677767815   0.040250368233  9.8787917
 2456651.5   3.940222377297   0.040241523726  9.8790160
 2456652.5   3.940766962699   0.040232667695  9.8792401
 2456653.5   3.941311524039   0.040223800144  9.8794642
 2456654.5   3.941856061332   0.040214921077  9.8796881
 2456655.5   3.942400574596   0.040206030499  9.8799119
 2456656.5   3.942945063847   0.040197128412  9.8801356
 2456657.5   3.943489529101   0.040188214822  9.8803592
 2456658.5   3.944033970375   0.040179289732  9.8805827
 2456659.5   3.944578387685   0.040170353146  9.8808061
 2456660.5   3.945122781047   0.040161405068  9.8810294
 2456661.5   3.945667150478   0.040152445502  9.8812525
 2456662.5   3.946211495993   0.040143474453  9.8814756
 2456663.5   3.946755817608   0.040134491924  9.8816985
 2456664.5   3.947300115340   0.040125497919  9.8819214
 2456665.5   3.947844389203   0.040116492442  9.8821441
 2456666.5   3.948388639214   0.040107475498  9.8823667
 2456667.5   3.948932865388   0.040098447091  9.8825892
 2456668.5   3.949477067741   0.040089407224  9.8828116
 2456669.5   3.950021246287   0.040080355901  9.8830339
 2456670.5   3.950565401043   0.040071293127  9.8832560
 2456671.5   3.951109532024   0.040062218906  9.8834781
 2456672.5   3.951653639244   0.040053133241  9.8837001
 2456673.5   3.952197722719   0.040044036137  9.8839219
 2456674.5   3.952741782465   0.040034927598  9.8841436
 2456675.5   3.953285818496   0.040025807627  9.8843653
 2456676.5   3.953829830828   0.040016676229  9.8845868
 2456677.5   3.954373819477   0.040007533407  9.8848082
 2456678.5   3.954917784458   0.039998379165  9.8850295
 2456679.5   3.955461725787   0.039989213508  9.8852506
 2456680.5   3.956005643480   0.039980036439  9.8854717
 2456681.5   3.956549537553   0.039970847962  9.8856927
 2456682.5   3.957093408023   0.039961648080  9.8859135
 2456683.5   3.957637254908   0.039952436797  9.8861342
 2456684.5   3.958181078223   0.039943214117  9.8863549
 2456685.5   3.958724877988   0.039933980044  9.8865754
 2456686.5   3.959268654220   0.039924734580  9.8867958
 2456687.5   3.959812406937   0.039915477730  9.8870161
 2456688.5   3.960356136159   0.039906209497  9.8872362
 2456689.5   3.960899841903   0.039896929884  9.8874563
 2456690.5   3.961443524190   0.039887638896  9.8876763
 2456691.5   3.961987183037   0.039878336534  9.8878961
 2456692.5   3.962530818463   0.039869022804  9.8881158
 2456693.5   3.963074430487   0.039859697709  9.8883354
 2456694.5   3.963618019126   0.039850361252  9.8885549
 2456695.5   3.964161584396   0.039841013437  9.8887743
 2456696.5   3.964705126314   0.039831654268  9.8889936
 2456697.5   3.965248644895   0.039822283750  9.8892128
 2456698.5   3.965792140154   0.039812901886  9.8894318
 2456699.5   3.966335612104   0.039803508681  9.8896508
 2456700.5   3.966879060757   0.039794104139  9.8898696
 2456701.5   3.967422486127   0.039784688265  9.8900883
 2456702.5   3.967965888223   0.039775261062  9.8903069
 2456703.5   3.968509267056   0.039765822536  9.8905254
 2456704.5   3.969052622638   0.039756372691  9.8907438
 2456705.5   3.969595954978   0.039746911532  9.8909620
 2456706.5   3.970139264084   0.039737439064  9.8911802
 2456707.5   3.970682549967   0.039727955290  9.8913982
 2456708.5   3.971225812636   0.039718460216  9.8916161
