 2456292.5   5.071593437680   5.074904926027  -0.355831127233  -0.355361558154  4.393239 12.5 2456293.02948310      99.00000000
 2456293.5   5.077870898033   5.081181157582  -0.355260748242  -0.354784023055  4.395693 12.5 2456294.02774724      99.00000000
 2456294.5   5.084150081483   5.087458911225  -0.354674633377  -0.354190765301  4.397976 12.5 2456295.02601161      99.00000000
 2456295.5   5.090430595872   5.093737828209  -0.354072860002  -0.353581829684  4.400086 12.4 2456296.02427616      99.00000000
 2456296.5   5.096712103214   5.100017638615  -0.353455509681  -0.352957266725  4.402022 12.4 2456297.02254083      99.00000000
 2456297.5   5.102994197888   5.106298033420  -0.352822671309  -0.352317141936  4.403785 12.4 2456298.02080555      99.00000000
 2456298.5   5.109276521333   5.112578765415  -0.352174439208  -0.351661540236  4.405375 12.4 2456299.01907028      99.00000000
 2456299.5   5.115558639622   5.118859503983  -0.351510916854  -0.350990575396  4.406789 12.4 2456300.01733495      99.00000000
 2456300.5   5.121840157782   5.125139918737  -0.350832214473  -0.350304389454  4.408028 12.4 2456301.01559949      99.00000000
 2456301.5   5.128120598599   5.131419527375  -0.350138452908  -0.349603151271  4.409092 12.4 2456302.01386382      99.00000000
 2456302.5   5.134399520179   5.137697796690  -0.349429759893  -0.348887036945  4.409979 12.4 2456303.01212788      99.00000000
 2456303.5   5.140676400889   5.143974039412  -0.348706273046  -0.348156208978  4.410690 12.3 2456304.01039157      99.00000000
 2456304.5   5.146950764564   5.150247572670  -0.347968134039  -0.347410790163  4.411224 12.3 2456305.00865481      99.00000000
 2456305.5   5.153222072701   5.156517626617  -0.347215490682  -0.346650889522  4.411581 12.3 2456306.00691748      99.00000000
 2456306.5   5.159489853235   5.162783526672  -0.346448490066  -0.345876764613  4.411761 12.3 2456307.00517950      99.00000000
 2456307.5   5.165753591475   5.169045010460  -0.345667281632  -0.345088849882  4.411765 12.3 2456308.00344085      99.00000000
 2456308.5   5.172012853180   5.175302185586  -0.344872011185  -0.344287062236  4.411592 12.3 2456309.00170152      99.00000000
 2456309.5   5.178267168289   5.181554590022  -0.344062825995  -0.343471201849  4.411244 12.3 2456309.99996138      99.00000000
 2456310.5   5.184516147543   5.187801745535  -0.343239869620  -0.342641395334  4.410720 12.3 2456310.99822037      99.00000000
 2456311.5   5.190759362284   5.194043232304  -0.342403288215  -0.341797854241  4.410021 12.4 2456311.99647841      99.00000000
 2456312.5   5.196996459400   5.200278725178  -0.341553225103  -0.340940775982  4.409147 12.4 2456312.99473546      99.00000000
 2456313.5   5.203227041330   5.206507837652  -0.340689827446  -0.340070349016  4.408099 12.4 2456313.99299144      99.00000000
 2456314.5   5.209450781940   5.212730231899  -0.339813240104  -0.339186751810  4.406878 12.4 2456314.99124631      99.00000000
 2456315.5   5.215667307790   5.218945502074  -0.338923612495  -0.338290161975  4.405482 12.4 2456315.98950002      99.00000000
 2456316.5   5.221876314941   5.225153294980  -0.338021091814  -0.337380749342  4.403914 12.4 2456316.98775251      99.00000000
 2456317.5   5.228077450787   5.231353197144  -0.337105830287  -0.336458682078  4.402173 12.4 2456317.98600372      99.00000000
 2456318.5   5.234270430798   5.237544858842  -0.336177977994  -0.335524117447  4.400261 12.5 2456318.98425362      99.00000000
 2456319.5   5.240454919797   5.243727885374  -0.335237690772  -0.334577207969  4.398176 12.5 2456319.98250215      99.00000000
 2456320.5   5.246630647628   5.249901964475  -0.334285122873  -0.333618093045  4.395919 12.5 2456320.98074927      99.00000000
 2456321.5   5.252797289140   5.256066757700  -0.333320435656  -0.332646908755  4.393492 12.5 2456321.97899492      99.00000000
 2456322.5   5.258954578475   5.262222022444  -0.332343790111  -0.331663783637  4.390893 12.5 2456322.97723906      99.00000000
 2456323.5   5.265102187944   5.268367491891  -0.331355356255  -0.330668853901  4.388124 12.5 2456323.97548164      99.00000000
 2456324.5   5.271239841584   5.274502980965  -0.330355305342  -0.329662262575  4.385183 12.5 2456324.97372262      99.00000000
 2456325.5   5.277367193802   5.280628249136  -0.329343819712  -0.328644176493  4.382073 12.5 2456325.97196194      99.00000000
 2456326.5   5.283483943154   5.286743092221  -0.328321084446  -0.327614783195  4.378791 12.5 2456326.97019957      99.00000000
 2456327.5   5.289589711615   5.292847197394  -0.327287297439  -0.326574303352  4.375339 12.5 2456327.96843543      99.00000000
 2456328.5   5.295684159491   5.298940236584  -0.326242660240  -0.325522979175  4.371717 12.6 2456328.96666947      99.00000000
 2456329.5   5.301766866531   5.305021735935  -0.325187388006  -0.324461076747  4.367925 12.6 2456329.96490164      99.00000000
 2456330.5   5.307837449788   5.311091199228  -0.324121699052  -0.323388862744  4.363963 12.6 2456330.96313185      99.00000000
 2456331.5   5.313895448925   5.317148020377  -0.323045824100  -0.322306599112  4.359831 12.6 2456331.96136004      99.00000000
 2456332.5   5.319940449254   5.323191650111  -0.321959994082  -0.321214519776  4.355529 12.6 2456332.95958614      99.00000000
 2456333.5   5.325971972029   5.329221529912  -0.320864448668  -0.320112837961  4.351059 12.6 2456333.95781007      99.00000000
 2456334.5   5.331989600781   5.335237241265  -0.319759423029  -0.319001742763  4.346421 12.6 2456334.95603177      99.00000000
 2456335.5   5.337992871770   5.341238388325  -0.318645157038  -0.317881424858  4.341615 12.6 2456335.95425115      99.00000000
 2456336.5   5.343981397264   5.347224690135  -0.317521882647  -0.316752078524  4.336643 12.6 2456336.95246817      99.00000000
 2456337.5   5.349954750679   5.353195829771  -0.316389834995  -0.315613920354  4.331505 12.6 2456337.95068277      99.00000000
 2456338.5   5.355912584287   5.359151546055  -0.315249240800  -0.314467177227  4.326203 12.6 2456338.94889488      99.00000000
 2456339.5   5.361854509887   5.365091503192  -0.314100330933  -0.313312094063  4.320738 12.6 2456339.94710445      99.00000000
 2456340.5   5.367780214046   5.371015406302  -0.312943328880  -0.312148916206  4.315110 12.6 2456340.94531143      99.00000000
 2456341.5   5.373689337990   5.376922887173  -0.311778463789  -0.310977897700  4.309321 12.6 2456341.94351577      99.00000000
 2456342.5   5.379581593414   5.382813626860  -0.310605958293  -0.309799285685  4.303372 12.6 2456342.94171743      99.00000000
 2456343.5   5.385456643377   5.388687242512  -0.309426041636  -0.308613331499  4.297264 12.6 2456343.93991634      99.00000000
 2456344.5   5.391314219383   5.394543409282  -0.308238936785  -0.307420276003  4.290997 12.7 2456344.93811247      99.00000000
 2456345.5   5.397154003058   5.400381747099  -0.307044873787  -0.306220361270  4.284573 12.7 2456345.93630576      99.00000000
 2456346.5   5.402975743699   5.406201944837  -0.305844076439  -0.305013815003  4.277993 12.7 2456346.93449618      99.00000000
 2456347.5   5.408779139502   5.412003650956  -0.304636776247  -0.303800862381  4.271257 12.7 2456347.93268368      99.00000000
 2456348.5   5.414563954146   5.417786601713  -0.303423199065  -0.302581711192  4.264367 12.7 2456348.93086822      99.00000000
 2456349.5   5.420329896069   5.423550512029  -0.302203580021  -0.301356567541  4.257324 12.7 2456349.92904975      99.00000000
 2456350.5   5.426076732959   5.429295196758  -0.300978150375  -0.300125626541  4.250128 12.7 2456350.92722824      99.00000000
 2456351.5   5.431804168614   5.435020444545  -0.299747153414  -0.298889095725  4.242780 12.7 2456351.92540363      99.00000000
 2456352.5   5.437511955988   5.440726115202  -0.298510831223  -0.297647191055  4.235281 12.7 2456352.92357590      99.00000000
 2456353.5   5.443199773380   5.446411990216  -0.297269440946  -0.296400161620  4.227632 12.7 2456353.92174499      99.00000000
 2456354.5   5.448867338601   5.452077858484  -0.296023240696  -0.295148279564  4.219832 12.7 2456354.91991086      99.00000000
 2456355.5   5.454514287164   5.457723372939  -0.294772505441  -0.293891854137  4.211884 12.7 2456355.91807345      99.00000000
 2456356.5   5.460140289727   5.463348160349  -0.293517511506  -0.292631208341  4.203786 12.7 2456356.91623271      99.00000000
 2456357.5   5.465744933536   5.468951711889  -0.292258551826  -0.291366682812  4.195541 12.7 2456357.91438856      99.00000000
 2456358.5   5.471327843606   5.474533527926  -0.290995919023  -0.290098606676  4.187149 12.7 2456358.91254096      99.00000000
 2456359.5   5.476888567323   5.480093035026  -0.289729920114  -0.288827302829  4.178611 12.7 2456359.91068981      99.00000000
 2456360.5   5.482426699015   5.485629742729  -0.288460858362  -0.287553065599  4.169927 12.7 2456360.90883507      99.00000000
 2456361.5   5.487941766913   5.491143152704  -0.287189047788  -0.286276178386  4.161100 12.7 2456361.90697664      99.00000000
 2456362.5   5.493433359539   5.496632889268  -0.285914794373  -0.284996904194  4.152130 12.7 2456362.90511447      99.00000000
 2456363.5   5.498901012420   5.502098571205  -0.284638411228  -0.283715513401  4.143018 12.7 2456363.90324848      99.00000000
 2456364.5   5.504344332950   5.507539909340  -0.283360200156  -0.282432276162  4.133766 12.7 2456364.90137862      99.00000000
 2456365.5   5.509762883527   5.512956561526  -0.282080468372  -0.281147485102  4.124376 12.7 2456365.89950481      99.00000000
 2456366.5   5.515156302705   5.518348234096  -0.280799510905  -0.279861437645  4.114849 12.7 2456366.89762701      99.00000000
 2456367.5   5.520524184293   5.523714553484  -0.279517628771  -0.278574450192  4.105186 12.7 2456367.89574515      99.00000000
 2456368.5   5.525866196085   5.529055187161  -0.278235111663  -0.277286835156  4.095390 12.7 2456368.89385918      99.00000000
 2456369.5   5.531181957238   5.534369728398  -0.276952256798  -0.275998914932  4.085462 12.7 2456369.89196904      99.00000000
 2456370.5   5.536471157091   5.539657823347  -0.275669351138  -0.274711000443  4.075403 12.7 2456370.89007468      99.00000000
 2456371.5   5.541733432819   5.544919055896  -0.274386690372  -0.273423407955  4.065215 12.7 2456371.88817605      99.00000000
 2456372.5   5.546968489598   5.550153073455  -0.273104560404  -0.272136438943  4.054900 12.7 2456372.88627309      99.00000000
 2456373.5   5.552175978912   5.555359470476  -0.271823256459  -0.270850397856  4.044459 12.7 2456373.88436576      99.00000000
 2456374.5   5.557355619761   5.560537915802  -0.270543064048  -0.269565571227  4.033894 12.7 2456374.88245401      99.00000000
 2456375.5   5.562507076645   5.565688039091  -0.269264278571  -0.268282245382  4.023206 12.7 2456375.88053777      99.00000000
 2456376.5   5.567630080320   5.570809562072  -0.267987186273  -0.267000685838  4.012396 12.7 2456376.87861702      99.00000000
 2456377.5   5.572724303499   5.575902184684  -0.266712084946  -0.265721158576  4.001467 12.7 2456377.87669170      99.00000000
 2456378.5   5.577789479104   5.580965708279  -0.265439265436  -0.264443915620  3.990420 12.7 2456378.87476176      99.00000000
 2456379.5   5.582825272079   5.585999900346  -0.264169033742  -0.263169225951  3.979255 12.7 2456379.87282716      99.00000000
 2456380.5   5.587831394925   5.591004586957  -0.262901692880  -0.261897368909  3.967975 12.7 2456380.87088785      99.00000000
 2456381.5   5.592807477464   5.595979488226  -0.261637565515  -0.260628666957  3.956579 12.7 2456381.86894376      99.00000000
 2456382.5   5.597753183726   5.600924302931  -0.260376974713  -0.259363469403  3.945070 12.7 2456382.86699486      99.00000000
 2456383.5   5.602668084906   5.605838566874  -0.259120265448  -0.258102167542  3.933449 12.7 2456383.86504107      99.00000000
 2456384.5   5.607551782298   5.610721785930  -0.257867782989  -0.256845159264  3.921717 12.7 2456384.86308233      99.00000000
 2456385.5   5.612403785813   5.615573344314  -0.256619892905  -0.255592854044  3.909874 12.7 2456385.86111855      99.00000000
 2456386.5   5.617223642493   5.620392669166  -0.255376957616  -0.254345638417  3.897923 12.7 2456386.85914966      99.00000000
 2456387.5   5.622010817913   5.625179142028  -0.254139355985  -0.253103891491  3.885865 12.7 2456387.85717557      99.00000000
 2456388.5   5.626764826896   5.629932246277  -0.252907459225  -0.251867963196  3.873701 12.7 2456388.85519621      99.00000000
 2456389.5   5.631485114753   5.634651450289  -0.251681651028  -0.250638201703  3.861434 12.7 2456389.85321149      99.00000000
 2456390.5   5.636171188029   5.639336327103  -0.250462303467  -0.249414938741  3.849064 12.7 2456390.85122133      99.00000000
 2456391.5   5.640822494029   5.643986414486  -0.249249798090  -0.248198520153  3.836595 12.7 2456391.84922564      99.00000000
 2456392.5   5.645438550408   5.648601322159  -0.248044502140  -0.246989289076  3.824027 12.7 2456392.84722434      99.00000000
 2456393.5   5.650018821880   5.653180589254  -0.246846790899  -0.245787611790  3.811363 12.7 2456393.84521737      99.00000000
 2456394.5   5.654562847832   5.657723799802  -0.245657024393  -0.244593853867  3.798606 12.7 2456394.84320464      99.00000000
 2456395.5   5.659070115849   5.662230452922  -0.244475570975  -0.243408400454  3.785756 12.7 2456395.84118608      99.00000000
 2456396.5   5.663540187748   5.666700092554  -0.243302784267  -0.242231628391  3.772817 12.7 2456396.83916162      99.00000000
 2456397.5   5.667972570939   5.671132186712  -0.242139027528  -0.241063926020  3.759790 12.7 2456397.83713117      99.00000000
 2456398.5   5.672366844404   5.675526262201  -0.240984650298  -0.239905666096  3.746678 12.7 2456398.83509469      99.00000000
 2456399.5   5.676722529430   5.679881783237  -0.239840013056  -0.238757228066  3.733483 12.6 2456399.83305208      99.00000000
 2456400.5   5.681039216839   5.684198284922  -0.238705463202  -0.237618972364  3.720207 12.6 2456400.83100329      99.00000000
 2456401.5   5.685316437854   5.688475249604  -0.237581359853  -0.236491264030  3.706852 12.6 2456401.82894823      99.00000000
 2456402.5   5.689553792780   5.692712241208  -0.236468049228  -0.235374446672  3.693420 12.6 2456402.82688686      99.00000000
 2456403.5   5.693750821460   5.696908782789  -0.235365889872  -0.234268866313  3.679914 12.6 2456403.82481908      99.00000000
 2456404.5   5.697907132192   5.701064493828  -0.234275227957  -0.233174845539  3.666335 12.6 2456404.82274485      99.00000000
 2456405.5   5.702022269747   5.705178966015  -0.233196423647  -0.232092710643  3.652686 12.6 2456405.82066408      99.00000000
 2456406.5   5.706095841975   5.709251891664  -0.232129827127  -0.231022771892  3.638968 12.6 2456406.81857672      99.00000000
 2456407.5   5.710127382692   5.713282915638  -0.231075806798  -0.229965361144  3.625183 12.6 2456407.81648269      99.00000000
 2456408.5   5.714116474385   5.717271729739  -0.230034726176  -0.228920821743  3.611334 12.6 2456408.81438194      99.00000000
 2456409.5   5.718062606881   5.721217891742  -0.229006973103  -0.227889549293  3.597422 12.6 2456409.81227437      99.00000000
 2456410.5   5.721965300765   5.725120915928  -0.227992935498  -0.226871969689  3.583448 12.6 2456410.81015991      99.00000000
 2456411.5   5.725823969581   5.728980130228  -0.226993028794  -0.225868555918  3.569415 12.6 2456411.80803847      99.00000000
 2456412.5   5.729638052360   5.732794837484  -0.226007668045  -0.224879780490  3.555324 12.6 2456412.80590997      99.00000000
 2456413.5   5.733406884522   5.736564233995  -0.225037292563  -0.223906121655  3.541177 12.6 2456413.80377428      99.00000000
 2456414.5   5.737129839241   5.740287592946  -0.224082335330  -0.222948023527  3.526977 12.6 2456414.80163131      99.00000000
 2456415.5   5.740806201775   5.743964159742  -0.223143247238  -0.222005921998  3.512724 12.6 2456415.79948094      99.00000000
 2456416.5   5.744435312446   5.747593293749  -0.222220466451  -0.221080222578  3.498423 12.6 2456416.79732307      99.00000000
 2456417.5   5.748016438191   5.751174324544  -0.221314444156  -0.220171336829  3.484074 12.5 2456417.79515758      99.00000000
 2456418.5   5.751548913683   5.754706672232  -0.220425614726  -0.219279661754  3.469681 12.5 2456418.79298438      99.00000000
 2456419.5   5.755032009050   5.758189695182  -0.219554423018  -0.218405613796  3.455246 12.5 2456419.79080333      99.00000000
 2456420.5   5.758465069607   5.761622813467  -0.218701294946  -0.217549602994  3.440771 12.5 2456420.78861435      99.00000000
 2456421.5   5.761847380592   5.765005362679  -0.217866665920  -0.216712062439  3.426260 12.5 2456421.78641732      99.00000000
 2456422.5   5.765178306261   5.768336727777  -0.217050951537  -0.215893417484  3.411716 12.5 2456422.78421214      99.00000000
 2456423.5   5.768457152050   5.771616205741  -0.216254576971  -0.215094112110  3.397140 12.5 2456423.78199871      99.00000000
 2456424.5   5.771683303363   5.774843149214  -0.215477947641  -0.214314575512  3.382537 12.5 2456424.77977692      99.00000000
 2456425.5   5.774856085510   5.778016834228  -0.214721479386  -0.213555248266  3.367908 12.5 2456425.77754668      99.00000000
 2456426.5   5.777974902817   5.781136607928  -0.213985568848  -0.212816549103  3.353257 12.5 2456426.77530789      99.00000000
 2456427.5   5.781039097111   5.784201755165  -0.213270624141  -0.212098903051  3.338587 12.5 2456427.77306044      99.00000000
 2456428.5   5.784048088065   5.787211645479  -0.212577034663  -0.211402709445  3.323901 12.5 2456428.77080424      99.00000000
 2456429.5   5.787001230946   5.790165596559  -0.211905202055  -0.210728371769  3.309201 12.4 2456429.76853920      99.00000000
 2456430.5   5.789897958653   5.793063021413  -0.211255509400  -0.210076265877  3.294490 12.4 2456430.76626521      99.00000000
 2456431.5   5.792737638539   5.795903290620  -0.210628352651  -0.209446770798  3.279772 12.4 2456431.76398219      99.00000000
 2456432.5   5.795519715314   5.798685880602  -0.210024109637  -0.208840237538  3.265048 12.4 2456432.76169004      99.00000000
 2456433.5   5.798243565160   5.801410231534  -0.209443172656  -0.208257023273  3.250323 12.4 2456433.75938866      99.00000000
 2456434.5   5.800908636924   5.804075885969  -0.208885918185  -0.207697465815  3.235598 12.4 2456434.75707798      99.00000000
 2456435.5   5.803514300333   5.806682322458  -0.208352741555  -0.207161927803  3.220877 12.4 2456435.75475788      99.00000000
 2456436.5   5.806059982900   5.809229062048  -0.207844027825  -0.206650780507  3.206161 12.4 2456436.75242829      99.00000000
 2456437.5   5.808545011880   5.811715470597  -0.207360187971  -0.206164451448  3.191454 12.4 2456437.75008909      99.00000000
 2456438.5   5.810968751020   5.814140866297  -0.206901628720  -0.205703395439  3.176759 12.4 2456438.74774019      99.00000000
 2456439.5   5.813330445350   5.816504369304  -0.206468786600  -0.205268114770  3.162076 12.3 2456439.74538147      99.00000000
 2456440.5   5.815629369669   5.818805093859  -0.206062092821  -0.204859099924  3.147411 12.3 2456440.74301280      99.00000000
 2456441.5   5.817864685376   5.821042064900  -0.205682003003  -0.204476838449  3.132764 12.3 2456441.74063405      99.00000000
 2456442.5   5.820035602348   5.823214422370  -0.205328958011  -0.204121768785  3.118139 12.3 2456442.73824511      99.00000000
 2456443.5   5.822141240769   5.825321291594  -0.205003413043  -0.203794316848  3.103539 12.3 2456443.73584582      99.00000000
 2456444.5   5.824180794861   5.827361928388  -0.204705798940  -0.203494871390  3.088968 12.3 2456444.73343606      99.00000000
 2456445.5   5.826153389138   5.829335546956  -0.204436554020  -0.203223829029  3.074428 12.3 2456445.73101569      99.00000000
 2456446.5   5.828058238188   5.831241454258  -0.204196087171  -0.202981565768  3.059923 12.3 2456446.72858459      99.00000000
 2456447.5   5.829894496301   5.833078882466  -0.203984812078  -0.202768475170  3.045456 12.3 2456447.72614263      99.00000000
 2456448.5   5.831661415292   5.834847137254  -0.203803110924  -0.202584932595  3.031032 12.2 2456448.72368970      99.00000000
 2456449.5   5.833358190306   5.836545439927  -0.203651369805  -0.202431329417  3.016654 12.2 2456449.72122566      99.00000000
 2456450.5   5.834984118127   5.838173085914  -0.203529942163  -0.202308033971  3.002325 12.2 2456450.71875042      99.00000000
 2456451.5   5.836538440610   5.839729291594  -0.203439184920  -0.202215424668  2.988050 12.2 2456451.71626384      99.00000000
 2456452.5   5.838020504220   5.841213359419  -0.203379421476  -0.202153849422  2.973832 12.2 2456452.71376584      99.00000000
 2456453.5   5.839429601200   5.842624526453  -0.203350978568  -0.202123659068  2.959675 12.2 2456453.71125629      99.00000000
 2456454.5   5.840765130361   5.843962133268  -0.203354148846  -0.202125166559  2.945583 12.2 2456454.70873511      99.00000000
 2456455.5   5.842026435994   5.845225470961  -0.203389228445  -0.202158681988  2.931560 12.2 2456455.70620219      99.00000000
 2456456.5   5.843212970152   5.846413950342  -0.203456479047  -0.202224472759  2.917610 12.1 2456456.70365746      99.00000000
 2456457.5   5.844324129581   5.847526944599  -0.203556166076  -0.202322800847  2.903736 12.1 2456457.70110080      99.00000000
 2456458.5   5.845359419844   5.848563957824  -0.203688520187  -0.202453883854  2.889942 12.1 2456458.69853215      99.00000000
 2456459.5   5.846318290205   5.849524463271  -0.203853776176  -0.202617934383  2.876232 12.1 2456459.69595141      99.00000000
 2456460.5   5.847200299069   5.850408070404  -0.204052134193  -0.202815122524  2.862611 12.1 2456460.69335853      99.00000000
 2456461.5   5.848004945422   5.851214355094  -0.204283799927  -0.203045619148  2.849081 12.1 2456461.69075342      99.00000000
 2456462.5   5.848731833383   5.851943016494  -0.204548946336  -0.203309563321  2.835647 12.1 2456462.68813602      99.00000000
 2456463.5   5.849380497262   5.852593684423  -0.204847755938  -0.203607113855  2.822311 12.0 2456463.68550626      99.00000000
 2456464.5   5.849950562615   5.853166051147  -0.205180383515  -0.203938423141  2.809079 12.0 2456464.68286409      99.00000000
 2456465.5   5.850441564192   5.853659655630  -0.205546999993  -0.204303689672  2.795952 12.0 2456465.68020943      99.00000000
 2456466.5   5.850853107116   5.854074024366  -0.205947753907  -0.204703117865  2.782935 12.0 2456466.67754222      99.00000000
 2456467.5   5.851184686979   5.854408505597  -0.206382812889  -0.205136943426  2.770031 12.0 2456467.67486238      99.00000000
 2456468.5   5.851435864697   5.854662495417  -0.206852319232  -0.205605363314  2.757244 12.0 2456468.67216984      99.00000000
 2456469.5   5.851606100951   5.854835335188  -0.207356425901  -0.206108551332  2.744577 11.9 2456469.66946452      99.00000000
 2456470.5   5.851694948823   5.854926542129  -0.207895246823  -0.206646604640  2.732035 11.9 2456470.66674634      99.00000000
 2456471.5   5.851701895194   5.854935647519  -0.208468891992  -0.207219591534  2.719620 11.9 2456471.66401522      99.00000000
 2456472.5   5.851626556010   5.854862359905  -0.209077418793  -0.207827521112  2.707339 11.9 2456472.66127110      99.00000000
 2456473.5   5.851468509351   5.854706361502  -0.209720871248  -0.208470397024  2.695193 11.9 2456473.65851392      99.00000000
 2456474.5   5.851227484230   5.854467470694  -0.210399234453  -0.209148178711  2.683189 11.9 2456474.65574365      99.00000000
 2456475.5   5.850903183616   5.854145452420  -0.211112477297  -0.209860825122  2.671331 11.9 2456475.65296022      99.00000000
 2456476.5   5.850495470119   5.853740200880  -0.211860507959  -0.210608247835  2.659622 11.8 2456476.65016364      99.00000000
 2456477.5   5.850004183863   5.853251559739  -0.212643217980  -0.211390351965  2.648067 11.8 2456477.64735387      99.00000000
 2456478.5   5.849429329382   5.852679513163  -0.213460437283  -0.212206987809  2.636672 11.8 2456478.64453093      99.00000000
 2456479.5   5.848770891082   5.852024006561  -0.214311978787  -0.213057992392  2.625440 11.8 2456479.64169480      99.00000000
 2456480.5   5.848029022626   5.851285141841  -0.215197592745  -0.213943140612  2.614375 11.8 2456480.63884551      99.00000000
 2456481.5   5.847203860108   5.850462997414  -0.216117012027  -0.214862187576  2.603483 11.8 2456481.63598309      99.00000000
 2456482.5   5.846295713465   5.849557827021  -0.217069906086  -0.215814819535  2.592768 11.7 2456482.63310760      99.00000000
 2456483.5   5.845304876616   5.848569877853  -0.218055927211  -0.216800697714  2.582233 11.7 2456483.63021907      99.00000000
 2456484.5   5.844231820243   5.847499590483  -0.219074664365  -0.217819410340  2.571884 11.7 2456484.62731758      99.00000000
 2456485.5   5.843076998424   5.846347411199  -0.220125690520  -0.218870519493  2.561725 11.7 2456485.62440320      99.00000000
 2456486.5   5.841841042567   5.845113989228  -0.221208516420  -0.219953515395  2.551760 11.7 2456486.62147604      99.00000000
 2456487.5   5.840524564362   5.843799980383  -0.222322639028  -0.221067866920  2.541992 11.7 2456487.61853619      99.00000000
 2456488.5   5.839128350543   5.842406238894  -0.223467495337  -0.222212978685  2.532427 11.6 2456488.61558377      99.00000000
 2456489.5   5.837653161379   5.840933608839  -0.224642512163  -0.223388245899  2.523067 11.6 2456489.61261892      99.00000000
 2456490.5   5.836099924907   5.839383105483  -0.225847060420  -0.224593015196  2.513917 11.6 2456490.60964177      99.00000000
 2456491.5   5.834469529205   5.837755688044  -0.227080506607  -0.225826644220  2.504979 11.6 2456491.60665248      99.00000000
 2456492.5   5.832763014701   5.836052427027  -0.228342167568  -0.227088463707  2.496259 11.6 2456492.60365120      99.00000000
 2456493.5   5.830981360582   5.834274267889  -0.229631362785  -0.228377832818  2.487759 11.5 2456493.60063810      99.00000000
 2456494.5   5.829125679114   5.832422218346  -0.230947367402  -0.229694085602  2.479482 11.5 2456494.59761334      99.00000000
 2456495.5   5.827197004992   5.830497160561  -0.232289461662  -0.231036562901  2.471432 11.5 2456495.59457710      99.00000000
 2456496.5   5.825196504152   5.828500111099  -0.233656878119  -0.232404536607  2.463612 11.5 2456496.59152955      99.00000000
 2456497.5   5.823125277666   5.826432080935  -0.235048845605  -0.233797238261  2.456025 11.5 2456497.58847087      99.00000000
 2456498.5   5.820984589107   5.824294331398  -0.236464531659  -0.235213802813  2.448675 11.5 2456498.58540125      99.00000000
 2456499.5   5.818775675553   5.822088172996  -0.237903086030  -0.236653328671  2.441565 11.4 2456499.58232089      99.00000000
 2456500.5   5.816499976833   5.819815155560  -0.239363585415  -0.238114842486  2.434699 11.4 2456500.57923002      99.00000000
 2456501.5   5.814158935708   5.817476828539  -0.240845082330  -0.239597361808  2.428080 11.4 2456501.57612886      99.00000000
 2456502.5   5.811754217345   5.815074935611  -0.242346554620  -0.241099848740  2.421712 11.4 2456502.57301769      99.00000000
 2456503.5   5.809287496208   5.812611193665  -0.243866958653  -0.242621260909  2.415598 11.4 2456503.56989676      99.00000000
 2456504.5   5.806760670026   5.810087509360  -0.245405180767  -0.244160497845  2.409742 11.3 2456504.56676638      99.00000000
 2456505.5   5.804175640344   5.807505766662  -0.246960091697  -0.245716450626  2.404146 11.3 2456505.56362684      99.00000000
 2456506.5   5.801534527135   5.804868048507  -0.248530497793  -0.247287949079  2.398814 11.3 2456506.56047849      99.00000000
 2456507.5   5.798839447183   5.802176421625  -0.250115195509  -0.248873813349  2.393749 11.3 2456507.55732166      99.00000000
 2456508.5   5.796092731189   5.799433159445  -0.251712922135  -0.250472801895  2.388954 11.3 2456508.55415671      99.00000000
 2456509.5   5.793296700303   5.796640524890  -0.253322410544  -0.252083663872  2.384431 11.2 2456509.55098401      99.00000000
 2456510.5   5.790453884802   5.793800995835  -0.254942340004  -0.253705087399  2.380183 11.2 2456510.54780395      99.00000000
 2456511.5   5.787566797467   5.790917046269  -0.256571391701  -0.255335753083  2.376212 11.2 2456511.54461693      99.00000000
 2456512.5   5.784638152179   5.787991372253  -0.258208200187  -0.256974284094  2.372521 11.2 2456512.54142338      99.00000000
 2456513.5   5.781670632890   5.785026666536  -0.259851409927  -0.258619303140  2.369111 11.1 2456513.53822372      99.00000000
 2456514.5   5.778667111147   5.782025837876  -0.261499627490  -0.260269386708  2.365985 11.1 2456514.53501839      99.00000000
 2456515.5   5.775630410470   5.778991772557  -0.263151478909  -0.261923126707  2.363143 11.1 2456515.53180785      99.00000000
 2456516.5   5.772563522917   5.775927542369  -0.264805562309  -0.263579088678  2.360587 11.1 2456516.52859255      99.00000000
 2456517.5   5.769469369526   5.772836151572  -0.266460505588  -0.265235876152  2.358318 11.1 2456517.52537297      99.00000000
 2456518.5   5.766351016442   5.769720735415  -0.268114919095  -0.266892089536  2.356337 11.0 2456518.52214959      99.00000000
 2456519.5   5.763211432215   5.766584298353  -0.269767453073  -0.268546388475  2.354644 11.0 2456519.51892286      99.00000000
 2456520.5   5.760053704445   5.763429913649  -0.271416749744  -0.270197445130  2.353241 11.0 2456520.51569329      99.00000000
 2456521.5   5.756880796266   5.760260471837  -0.273061499308  -0.271843996037  2.352127 11.0 2456521.51246133      99.00000000
 2456522.5   5.753695767749   5.757078910630  -0.274700389663  -0.273484780426  2.351302 11.0 2456522.50922747      99.00000000
 2456523.5   5.750501538566   5.753888007668  -0.276332158617  -0.275118576001  2.350766 10.9 2456523.50599216      99.00000000
 2456524.5   5.747301122368   5.750690659914  -0.277955539172  -0.276744128285  2.350520 10.9 2456524.50275588 2456525.49951906
 2456525.5   5.744097402386   5.747489700365  -0.279569307243  -0.278360192040  2.350562 11.0 2456526.49628218      99.00000000
 2456526.5   5.740893379407   5.744288160646  -0.281172224491  -0.279965481545  2.350893 11.0 2456527.49304572      99.00000000
 2456527.5   5.737691952629   5.741089032860  -0.282763086115  -0.281558736388  2.351513 11.0 2456528.48981012      99.00000000
 2456528.5   5.734496166401   5.737895476535  -0.284340667084  -0.283138685737  2.352421 11.0 2456529.48657587      99.00000000
 2456529.5   5.731308980718   5.734710551318  -0.285903774561  -0.284704111281  2.353618 11.0 2456530.48334344      99.00000000
 2456530.5   5.728133506193   5.731537430385  -0.287451199192  -0.286253799164  2.355102 11.1 2456531.48011333      99.00000000
 2456531.5   5.724972762234   5.728379154899  -0.288981770662  -0.287786590456  2.356872 11.1 2456532.47688602      99.00000000
 2456532.5   5.721829904883   5.725238868662  -0.290494310858  -0.289301327239  2.358929 11.1 2456533.47366200      99.00000000
 2456533.5   5.718707980603   5.722119582311  -0.291987689187  -0.290796902277  2.361272 11.1 2456534.47044174      99.00000000
 2456534.5   5.715610154134   5.719024410386  -0.293460775232  -0.292272207529  2.363898 11.2 2456535.46722576      99.00000000
 2456535.5   5.712539463050   5.715956333219  -0.294912492545  -0.293726185555  2.366808 11.2 2456536.46401451      99.00000000
 2456536.5   5.709499047940   5.712918432744  -0.296341770603  -0.295157779452  2.369998 11.2 2456537.46080850      99.00000000
 2456537.5   5.706491908291   5.709913653996  -0.297747597422  -0.296565983974  2.373469 11.2 2456538.45760817      99.00000000
 2456538.5   5.703521133871   5.706945042627  -0.299128971541  -0.297949795656  2.377217 11.2 2456539.45441403      99.00000000
 2456539.5   5.700589660273   5.704015507895  -0.300484954234  -0.299308263782  2.381241 11.3 2456540.45122650      99.00000000
 2456540.5   5.697700499151   5.701128060147  -0.301814622287  -0.300640442574  2.385539 11.3 2456541.44804607      99.00000000
 2456541.5   5.694856491455   5.698285569311  -0.303117120289  -0.301945445145  2.390108 11.3 2456542.44487317      99.00000000
 2456542.5   5.692060534820   5.695490992113  -0.304391614388  -0.303222401094  2.394945 11.3 2456543.44170824      99.00000000
 2456543.5   5.689315334153   5.692747115232  -0.305637344332  -0.304470515168  2.400047 11.3 2456544.43855169      99.00000000
 2456544.5   5.686623626942   5.690056765126  -0.306853577464  -0.305689028744  2.405413 11.3 2456545.43540395      99.00000000
 2456545.5   5.683987933612   5.687422537974  -0.308039659395  -0.306877277533  2.411037 11.4 2456546.43226540      99.00000000
 2456546.5   5.681410783853   5.684847005226  -0.309194967049  -0.308034648259  2.416917 11.4 2456547.42913642      99.00000000
 2456547.5   5.678894470412   5.682332452521  -0.310318956898  -0.309160626268  2.423049 11.4 2456548.42601734      99.00000000
 2456548.5   5.676441279539   5.679881105726  -0.311411116301  -0.310254740753  2.429430 11.4 2456549.42290852      99.00000000
 2456549.5   5.674053251102   5.677494900583  -0.312471008789  -0.311316599920  2.436055 11.4 2456550.41981025      99.00000000
 2456550.5   5.671732415460   5.675175742644  -0.313498223430  -0.312345827620  2.442921 11.5 2456551.41672284      99.00000000
 2456551.5   5.669480562296   5.672925309057  -0.314492417041  -0.313342094376  2.450025 11.5 2456552.41364654      99.00000000
 2456552.5   5.667299485590   5.670745326753  -0.315453261850  -0.314305058858  2.457361 11.5 2456553.41058162      99.00000000
 2456553.5   5.665190761512   5.668637371511  -0.316380485630  -0.315234410986  2.464928 11.5 2456554.40752831      99.00000000
 2456554.5   5.663155998551   5.666603116489  -0.317273819691  -0.316129831247  2.472720 11.5 2456555.40448687      99.00000000
 2456555.5   5.661196617920   5.664644088532  -0.318133039911  -0.316991047604  2.480734 11.5 2456556.40145750      99.00000000
 2456556.5   5.659314099211   5.662761878238  -0.318957918227  -0.317817799865  2.488967 11.6 2456557.39844044      99.00000000
 2456557.5   5.657509753879   5.660957882660  -0.319748266823  -0.318609889693  2.497414 11.6 2456558.39543587      99.00000000
 2456558.5   5.655784960110   5.659233524165  -0.320503893650  -0.319367133786  2.506074 11.6 2456559.39244403      99.00000000
 2456559.5   5.654140928473   5.657590016085  -0.321224648494  -0.320089403364  2.514940 11.6 2456560.38946508      99.00000000
 2456560.5   5.652578929604   5.656028599948  -0.321910380118  -0.320776573619  2.524010 11.6 2456561.38649923      99.00000000
 2456561.5   5.651100058290   5.654550322053  -0.322560981684  -0.321428563522  2.533281 11.6 2456562.38354664      99.00000000
 2456562.5   5.649705460019   5.653156270623  -0.323176347617  -0.322045288940  2.542747 11.7 2456563.38060747      99.00000000
 2456563.5   5.648396098055   5.651847350809  -0.323756417440  -0.322626704792  2.552405 11.7 2456564.37768186      99.00000000
 2456564.5   5.647172981104   5.650624517816  -0.324301132194  -0.323172760304  2.562251 11.7 2456565.37476998      99.00000000
 2456565.5   5.646036933881   5.649488552322  -0.324810477126  -0.323683441096  2.572280 11.7 2456566.37187193      99.00000000
 2456566.5   5.644988824819   5.648440293351  -0.325284438407  -0.324158724867  2.582490 11.7 2456567.36898784      99.00000000
 2456567.5   5.644029338262   5.647480416952  -0.325723045548  -0.324598623331  2.592874 11.7 2456568.36611781      99.00000000
 2456568.5   5.643159199652   5.646609667816  -0.326126329234  -0.325003140220  2.603429 11.7 2456569.36326194      99.00000000
 2456569.5   5.642378946729   5.645828634611  -0.326494364164  -0.325372316725  2.614151 11.8 2456570.36042031      99.00000000
 2456570.5   5.641689149838   5.645137967802  -0.326827228315  -0.325706195966  2.625035 11.8 2456571.35759300      99.00000000
 2456571.5   5.641090181046   5.644538136458  -0.327125045971  -0.326004874361  2.636076 11.8 2456572.35478006      99.00000000
 2456572.5   5.640582430363   5.644029621813  -0.327387947443  -0.326268470060  2.647269 11.8 2456573.35198154      99.00000000
 2456573.5   5.640166076123   5.643612660700  -0.327616110737  -0.326497170865  2.658610 11.8 2456574.34919744      99.00000000
 2456574.5   5.639841302434   5.643287441623  -0.327809719839  -0.326691192220  2.670094 11.8 2456575.34642781      99.00000000
 2456575.5   5.639608076923   5.643053876638  -0.327969003473  -0.326850808793  2.681717 11.9 2456576.34367260      99.00000000
 2456576.5   5.639466374255   5.642911837740  -0.328094191221  -0.326976298033  2.693472 11.9 2456577.34093181      99.00000000
 2456577.5   5.639415963481   5.642860971880  -0.328185549738  -0.327067963400  2.705357 11.9 2456578.33820539      99.00000000
 2456578.5   5.639456636853   5.642900962521  -0.328243337885  -0.327126079668  2.717365 11.9 2456579.33549329      99.00000000
 2456579.5   5.639588003937   5.643031351938  -0.328267842013  -0.327150924838  2.729494 11.9 2456580.33279543      99.00000000
 2456580.5   5.639809721934   5.643251787413  -0.328259331618  -0.327142738761  2.741737 11.9 2456581.33011178      99.00000000
 2456581.5   5.640121292795   5.643561818520  -0.328218095023  -0.327101767682  2.754092 11.9 2456582.32744222      99.00000000
 2456582.5   5.640522291417   5.643961109847  -0.328144396634  -0.327028232968  2.766553 12.0 2456583.32478672      99.00000000
 2456583.5   5.641012162102   5.644449211771  -0.328038514047  -0.326922379495  2.779118 12.0 2456584.32214515      99.00000000
 2456584.5   5.641590440861   5.645025754973  -0.327900697725  -0.326784442360  2.791782 12.0 2456585.31951748      99.00000000
 2456585.5   5.642256547892   5.645690222214  -0.327731210038  -0.326614687636  2.804541 12.0 2456586.31690359      99.00000000
 2456586.5   5.643010001894   5.646442153797  -0.327530287248  -0.326413370537  2.817391 12.0 2456587.31430342      99.00000000
 2456587.5   5.643850208495   5.647280939241  -0.327298179741  -0.326180769234  2.830329 12.0 2456588.31171687      99.00000000
 2456588.5   5.644776668607   5.648206036247  -0.327035115006  -0.325917140851  2.843351 12.0 2456589.30914387      99.00000000
 2456589.5   5.645788766265   5.649216771487  -0.326741337659  -0.325622756428  2.856452 12.0 2456590.30658431      99.00000000
 2456590.5   5.646885974840   5.650312557858  -0.326417072187  -0.325297860427  2.869631 12.1 2456591.30403811      99.00000000
 2456591.5   5.648067647500   5.651492693051  -0.326062562034  -0.324942708644  2.882881 12.1 2456592.30150516      99.00000000
 2456592.5   5.649333223295   5.652756570876  -0.325678031844  -0.324557529920  2.896201 12.1 2456593.29898538      99.00000000
 2456593.5   5.650682020951   5.654103479112  -0.325263725831  -0.324142564599  2.909585 12.1 2456594.29647865      99.00000000
 2456594.5   5.652113444392   5.655532808885  -0.324819869999  -0.323698026489  2.923031 12.1 2456595.29398488      99.00000000
 2456595.5   5.653626778507   5.657043855185  -0.324346710487  -0.323224141406  2.936533 12.1 2456596.29150394      99.00000000
 2456596.5   5.655221392051   5.658636024367  -0.323844476502  -0.322721110796  2.950089 12.1 2456597.28903576      99.00000000
 2456597.5   5.656896532860   5.660308631643  -0.323313419377  -0.322189153791  2.963695 12.1 2456598.28658018      99.00000000
 2456598.5   5.658651525552   5.662061093992  -0.322753776695  -0.321628477069  2.977346 12.2 2456599.28413713      99.00000000
 2456599.5   5.660485564300   5.663892706959  -0.322165812114  -0.321039323832  2.991039 12.2 2456600.28170645      99.00000000
 2456600.5   5.662397905274   5.665802809125  -0.321549779915  -0.320421947885  3.004769 12.2 2456601.27928805      99.00000000
 2456601.5   5.664387659875   5.667790543738  -0.320905963945  -0.319776658280  3.018533 12.2 2456602.27688175      99.00000000
 2456602.5   5.666453988132   5.669855032186  -0.320234640205  -0.319103778267  3.032326 12.2 2456603.27448745      99.00000000
 2456603.5   5.668595900513   5.671995181766  -0.319536112637  -0.318403668025  3.046144 12.2 2456604.27210497      99.00000000
 2456604.5   5.670812459386   5.674209919181  -0.318810672566  -0.317676666304  3.059985 12.2 2456605.26973415      99.00000000
 2456605.5   5.673102592246   5.676498047470  -0.318058631969  -0.316923109905  3.073843 12.2 2456606.26737483      99.00000000
 2456606.5   5.675465298572   5.678858488352  -0.317280281995  -0.316143287260  3.087715 12.2 2456607.26502684      99.00000000
 2456607.5   5.677899467673   5.681290115925  -0.316475926646  -0.315337476708  3.101598 12.2 2456608.26269000      99.00000000
 2456608.5   5.680404083182   5.683791956642  -0.315645842804  -0.314505916341  3.115489 12.3 2456609.26036416      99.00000000
 2456609.5   5.682978039451   5.686362987811  -0.314790315706  -0.313648850865  3.129383 12.3 2456610.25804914      99.00000000
 2456610.5   5.685620340463   5.689002312809  -0.313909600747  -0.312766502753  3.143279 12.3 2456611.25574480      99.00000000
 2456611.5   5.688329913792   5.691708952230  -0.313003960439  -0.311859115515  3.157174 12.3 2456612.25345095      99.00000000
 2456612.5   5.691105804253   5.694482019601  -0.312073627444  -0.310926918966  3.171063 12.3 2456613.25116748      99.00000000
 2456613.5   5.693946985980   5.697320523240  -0.311118842563  -0.309970166149  3.184945 12.3 2456614.24889421      99.00000000
 2456614.5   5.696852551423   5.700223553356  -0.310139818591  -0.308989093021  3.198817 12.3 2456615.24663100      99.00000000
 2456615.5   5.699821522121   5.703190098588  -0.309136778966  -0.307983951726  3.212675 12.3 2456616.24437771      99.00000000
 2456616.5   5.702853033991   5.706219241634  -0.308109921947  -0.306954969109  3.226518 12.3 2456617.24213420      99.00000000
 2456617.5   5.705946148108   5.709309981969  -0.307059459386  -0.305902381222  3.240343 12.3 2456618.23990032      99.00000000
 2456618.5   5.709100033976   5.712461429599  -0.305985580644  -0.304826394363  3.254146 12.3 2456619.23767595      99.00000000
 2456619.5   5.712313781976   5.715672625418  -0.304888491031  -0.303727222471  3.267925 12.3 2456620.23546093      99.00000000
 2456620.5   5.715586586036   5.718942728829  -0.303768375179  -0.302605050270  3.281678 12.4 2456621.23325515      99.00000000
 2456621.5   5.718917558543   5.722270835938  -0.302625435124  -0.301460071880  3.295401 12.4 2456622.23105846      99.00000000
 2456622.5   5.722305912555   5.725656164144  -0.301459853336  -0.300292454234  3.309092 12.4 2456623.22887075      99.00000000
 2456623.5   5.725750778549   5.729097871311  -0.300271830874  -0.299102376087  3.322748 12.4 2456624.22669186      99.00000000
 2456624.5   5.729251384918   5.732595238084  -0.299061550610  -0.297889992455  3.336366 12.4 2456625.22452170      99.00000000
 2456625.5   5.732806874622   5.736147484040  -0.297829216129  -0.296655476568  3.349943 12.4 2456626.22236011      99.00000000
 2456626.5   5.736416481668   5.739753937138  -0.296575015752  -0.295398989432  3.363478 12.4 2456627.22020699      99.00000000
 2456627.5   5.740079345387   5.743413830383  -0.295299162528  -0.294120728647  3.376966 12.4 2456628.21806219      99.00000000
 2456628.5   5.743794681736   5.747126443914  -0.294001858794  -0.292820902564  3.390405 12.4 2456629.21592559      99.00000000
 2456629.5   5.747561596441   5.750890885974  -0.292683336055  -0.291499775903  3.403791 12.4 2456630.21379706      99.00000000
 2456630.5   5.751379256132   5.754706247048  -0.291343817752  -0.290157627664  3.417122 12.4 2456631.21167645      99.00000000
 2456631.5   5.755246708777   5.758571436429  -0.289983556181  -0.288794771378  3.430396 12.4 2456632.20956361      99.00000000
 2456632.5   5.759163063857   5.762485410282  -0.288602791302  -0.287411491942  3.443608 12.4 2456633.20745841      99.00000000
 2456633.5   5.763127325493   5.766447060273  -0.287201784596  -0.286008064654  3.456757 12.4 2456634.20536066      99.00000000
 2456634.5   5.767138579962   5.770455434356  -0.285780776293  -0.284584711675  3.469840 12.4 2456635.20327024      99.00000000
 2456635.5   5.771195833090   5.774509573793  -0.284340020085  -0.283141648131  3.482855 12.4 2456636.20118699      99.00000000
 2456636.5   5.775298194258   5.778608672661  -0.282879742377  -0.281679056325  3.495799 12.5 2456637.19911076      99.00000000
 2456637.5   5.779444709509   5.782751879869  -0.281400179783  -0.280197135487  3.508670 12.5 2456638.19704142      99.00000000
 2456638.5   5.783634538323   5.786938449938  -0.279901540452  -0.278696069745  3.521466 12.5 2456639.19497883      99.00000000
 2456639.5   5.787866782835   5.791167555825  -0.278384043250  -0.277176069386  3.534186 12.5 2456640.19292286      99.00000000
 2456640.5   5.792140660015   5.795438453389  -0.276847879741  -0.275637331515  3.546827 12.5 2456641.19087339      99.00000000
 2456641.5   5.796455329876   5.799750308633  -0.275293253945  -0.274080076919  3.559388 12.5 2456642.18883029      99.00000000
 2456642.5   5.800810065255   5.804102371134  -0.273720344293  -0.272504507988  3.571867 12.5 2456643.18679345      99.00000000
 2456643.5   5.805204080237   5.808493809777  -0.272129343653  -0.270910844492  3.584262 12.5 2456644.18476275      99.00000000
 2456644.5   5.809636698161   5.812923890119  -0.270520421150  -0.269299281123  3.596572 12.5 2456645.18273808      99.00000000
 2456645.5   5.814107180519   5.817391813367  -0.268893762419  -0.267670024344  3.608794 12.5 2456646.18071933      99.00000000
 2456646.5   5.818614893507   5.821896892061  -0.267249531197  -0.266023251432  3.620927 12.5 2456647.17870640      99.00000000
 2456647.5   5.823159137791   5.826438387113  -0.265587909660  -0.264359149670  3.632970 12.5 2456648.17669918      99.00000000
 2456648.5   5.827739314192   5.831015678092  -0.263909059635  -0.262677877319  3.644919 12.5 2456649.17469758      99.00000000
 2456649.5   5.832354754824   5.835628096864  -0.262213162922  -0.260979604657  3.656775 12.5 2456650.17270148      99.00000000
 2456650.5   5.837004888261   5.840275093572  -0.260500382110  -0.259264475751  3.668534 12.5 2456651.17071082      99.00000000
 2456651.5   5.841689071989   5.844956068855  -0.258770901039  -0.257532650460  3.680195 12.5 2456652.16872547      99.00000000
 2456652.5   5.846406756536   5.849670536319  -0.257024885528  -0.255784267079  3.691757 12.5 2456653.16674537      99.00000000
 2456653.5   5.851157318091   5.854417951066  -0.255262524430  -0.254019486648  3.703217 12.5 2456654.16477040      99.00000000
 2456654.5   5.855940220008   5.859197861716  -0.253483990784  -0.252238459179  3.714573 12.5 2456655.16280049      99.00000000
 2456655.5   5.860754843641   5.864009723701  -0.251689483925  -0.250441373329  3.725824 12.5 2456656.16083554      99.00000000
 2456656.5   5.865600645645   5.868853030738  -0.249879191183  -0.248628426341  3.736968 12.5 2456657.15887547      99.00000000
 2456657.5   5.870476986857   5.873727117147  -0.248053330454  -0.246799871723  3.748002 12.5 2456658.15692018      99.00000000
 2456658.5   5.875383288166   5.878631302817  -0.246212110788  -0.244955975356  3.758924 12.5 2456659.15496956      99.00000000
 2456659.5   5.880318863899   5.883564748974  -0.244355772783  -0.243097039103  3.769733 12.5 2456660.15302352      99.00000000
