212.085809551131
212.336494014372
212.587178474993
212.837862938246
213.088547401502
213.339231862141
213.589916325413
213.840600788690
214.091285251974
214.341969712635
214.592654175930
214.843338639231
215.094023099913
215.344707563227
215.595392026547
215.846076487245
216.096760950575
216.347445413914
216.598129874632
216.848814337982
217.099498801335
217.350183262071
217.600867725440
217.851552188815
218.102236652196
218.352921112955
218.603605576346
218.854290039746
219.104974500524
219.355658963936
219.606343427353
219.857027888148
220.107712351577
220.358396815012
220.609081275826
220.859765739274
221.110450202728
221.361134663562
221.611819127026
221.862503590499
222.113188053977
222.363872514834
222.614556978325
222.865241441820
223.115925902696
223.366610366204
223.617294829719
223.867979290614
224.118663754140
224.369348217673
224.620032678585
224.870717142130
225.121401605682
225.372086069239
225.622770530176
225.873454993747
226.124139457323
226.374823918278
226.625508381866
226.876192845460
227.126877306432
227.377561770039
227.628246233653
227.878930694646
228.129615158271
228.380299621901
228.630984082911
228.881668546555
229.132353010205
229.383037473861
229.633721934895
229.884406398562
230.135090862237
230.385775323291
230.636459786978
230.887144250670
231.137828711741
231.388513175446
231.639197639158
231.889882100249
232.140566563973
232.391251027702
232.641935488810
232.892619952552
233.143304416301
233.393988880055
233.644673341190
233.895357804953
234.146042268727
234.396726729880
234.647411193665
234.898095657457
235.148780118625
235.399464582429
235.650149046240
235.900833507429
236.151517971252
236.402202435078
236.652886898913
236.903571360127
237.154255823975
237.404940287828
237.655624749061
237.906309212924
238.156993676796
238.407678138048
238.658362601932
238.909047065823
239.159731527093
239.410415990993
239.661100454902
239.911784916191
240.162469380113
240.413153844041
240.663838307972
240.914522769285
241.165207233232
241.415891697184
241.666576158517
241.917260622479
242.167945086450
242.418629547801
242.669314011784
242.919998475774
243.170682937144
243.421367401143
243.672051865152
243.922736326540
244.173420790561
244.424105254588
244.674789718618
244.925474180031
245.176158644077
245.426843108129
245.677527569561
245.928212033625
246.178896497693
246.429580959143
246.680265423227
246.930949887316
247.181634348785
247.432318812884
247.683003276992
247.933687741106
248.184372202600
248.435056666727
248.685741130857
248.936425592370
249.187110056515
249.437794520667
249.688478982199
249.939163446363
250.189847910530
250.440532372080
250.691216836263
250.941901300453
251.192585762021
251.443270226223
251.693954690428
251.944639154642
252.195323616236
252.446008080463
252.696692544696
252.947377006309
253.198061470551
253.448745934803
253.699430396434
253.950114860699
254.200799324966
254.451483786616
254.702168250899
254.952852715189
255.203537176858
255.454221641160
255.704906105465
255.955590569779
256.206275031473
256.456959495800
256.707643960134
256.958328421847
257.209012886189
257.459697350541
257.710381812273
257.961066276638
258.211750741009
258.462435202758
258.713119667140
258.963804131529
259.214488595926
259.465173057701
259.715857522107
259.966541986522
260.217226448316
260.467910912744
260.718595377178
260.969279838990
261.219964303434
261.470648767887
261.721333229719
261.972017694185
262.222702158656
262.473386620506
262.724071084988
262.974755549479
263.225440013976
263.476124475852
263.726808940362
263.977493404874
264.228177866770
264.478862331298
264.729546795833
264.980231257745
265.230915722292
265.481600186845
265.732284648778
265.982969113344
266.233653577916
266.484338039867
266.735022504451
266.985706969042
267.236391433640
267.487075895616
267.737760360226
267.988444824841
268.239129286838
268.489813751467
268.740498216103
268.991182678117
269.241867142765
269.492551607418
269.743236069453
269.993920534120
270.244604998792
270.495289463472
270.745973925532
270.996658390223
271.247342854922
271.498027316999
271.748711781711
271.999396246429
272.250080708525
272.500765173257
272.751449637993
273.002134100110
273.252818564859
273.503503029614
273.754187491750
274.004871956517
274.255556421292
274.506240886074
274.756925348233
275.007609813028
275.258294277828
275.508978740007
275.759663204820
276.010347669640
276.261032131838
276.511716596670
276.762401061509
277.013085523726
277.263769988576
277.514454453434
277.765138915670
278.015823380540
278.266507845417
278.517192310300
278.767876772562
279.018561237458
279.269245702360
279.519930164641
279.770614629556
280.021299094478
280.271983556777
280.522668021710
280.773352486651
281.024036948971
281.274721413923
281.525405878883
281.776090343849
282.026774806193
282.277459271172
282.528143736158
282.778828198521
283.029512663519
283.280197128524
283.530881590906
283.781566055924
284.032250520946
284.282934983349
284.533619448384
284.784303913427
285.034988375849
285.285672840903
285.536357305965
285.787041771034
286.037726233480
286.288410698562
286.539095163649
286.789779626115
287.040464091216
287.291148556321
287.541833018807
287.792517483927
288.043201949052
288.293886411557
288.544570876696
288.795255341840
289.045939804365
289.296624269523
289.547308734686
289.797993199857
290.048677662406
290.299362127590
290.550046592780
290.800731055348
291.051415520551
291.302099985759
291.552784448349
291.803468913571
292.054153378798
292.304837841406
292.555522306648
292.806206771894
293.056891237149
293.307575699783
293.558260165049
293.808944630323
294.059629092976
294.310313558261
294.560998023554
294.811682486227
295.062366951531
295.313051416843
295.563735879535
295.814420344859
296.065104810191
296.315789272900
296.566473738245
296.817158203594
297.067842668952
297.318527131689
297.569211597058
297.819896062434
298.070580525191
298.321264990579
298.571949455975
298.822633918751
299.073318384158
299.324002849574
299.574687312369
299.825371777796
300.076056243230
300.326740706045
300.577425171491
300.828109636945
301.078794102404
301.329478565245
301.580163030718
301.830847496197
302.081531959056
302.332216424549
302.582900890047
302.833585352926
303.084269818437
303.334954283956
303.585638746854
303.836323212384
304.087007677923
304.337692143466
304.588376606390
304.839061071948
305.089745537510
305.340430000454
305.591114466031
305.841798931613
306.092483394576
306.343167860173
306.593852325774
306.844536788757
307.095221254373
307.345905719994
307.596590182996
307.847274648631
308.097959114271
308.348643579920
308.599328042946
308.850012508608
309.100696974275
309.351381437321
309.602065903002
309.852750368688
310.103434831755
310.354119297455
310.604803763160
310.855488226247
311.106172691967
311.356857157691
311.607541620797
311.858226086537
312.108910552281
312.359595018033
312.610279481165
312.860963946929
313.111648412700
313.362332875852
313.613017341635
313.863701807426
314.114386270597
314.365070736400
314.615755202211
314.866439665400
315.117124131224
315.367808597052
315.618493062889
315.869177526106
316.119861991954
316.370546457810
316.621230921047
316.871915386914
317.122599852790
317.373284316046
317.623968781933
317.874653247829
318.125337711103
318.376022177011
318.626706642926
318.877391106219
319.128075572148
319.378760038082
319.629444504022
319.880128967343
320.130813433297
320.381497899256
320.632182362597
320.882866828569
321.133551294549
321.384235757908
321.634920223901
321.885604689901
322.136289153279
322.386973619292
322.637658085312
322.888342548709
323.139027014742
323.389711480781
323.640395946825
323.891080410251
324.141764876308
324.392449342373
324.643133805817
324.893818271895
325.144502737980
325.395187201444
325.645871667542
325.896556133646
326.147240597129
326.397925063247
326.648609529371
326.899293995502
327.149978459011
327.400662925153
327.651347391304
327.902031854833
328.152716320996
328.403400787166
328.654085250715
328.904769716898
329.155454183088
329.406138646656
329.656823112859
329.907507579068
330.158192042656
330.408876508879
330.659560975106
330.910245441342
331.160929904958
331.411614371205
331.662298837461
331.912983301096
332.163667767363
332.414352233638
 70.0
