 12.846514004690
 13.097198472466
 13.347882937616
 13.598567405390
 13.849251873163
 14.099936338306
 14.350620806071
 14.601305273836
 14.851989741599
 15.102674206733
 15.353358674491
 15.604043142245
 15.854727607371
 16.105412075123
 16.356096542872
 16.606781007992
 16.857465475737
 17.108149943477
 17.358834408589
 17.609518876327
 17.860203344063
 18.110887809169
 18.361572276900
 18.612256744625
 18.862941212352
 19.113625677449
 19.364310145171
 19.614994612890
 19.865679077978
 20.116363545692
 20.367048013405
 20.617732478489
 20.868416946197
 21.119101413899
 21.369785878976
 21.620470346678
 21.871154814377
 22.121839279446
 22.372523747140
 22.623208214830
 22.873892682520
 23.124577147581
 23.375261615267
 23.625946082950
 23.876630548003
 24.127315015679
 24.377999483356
 24.628683948403
 24.879368416075
 25.130052883744
 25.380737348782
 25.631421816447
 25.882106284110
 26.132790751771
 26.383475216802
 26.634159684455
 26.884844152109
 27.135528617134
 27.386213084784
 27.636897552431
 27.887582017448
 28.138266485088
 28.388950952729
 28.639635417740
 28.890319885376
 29.141004353009
 29.391688818014
 29.642373285641
 29.893057753268
 30.143742220893
 30.394426685888
 30.645111153508
 30.895795621124
 31.146480086113
 31.397164553727
 31.647849021338
 31.898533486320
 32.149217953925
 32.399902421530
 32.650586886505
 32.901271354105
 33.151955821703
 33.402640286673
 33.653324754264
 33.904009221856
 34.154693689445
 34.405378154405
 34.656062621990
 34.906747089570
 35.157431554523
 35.408116022101
 35.658800489677
 35.909484954625
 36.160169422196
 36.410853889763
 36.661538354703
 36.912222822268
 37.162907289831
 37.413591757392
 37.664276222322
 37.914960689877
 38.165645157431
 38.416329622357
 38.667014089907
 38.917698557452
 39.168383022370
 39.419067489913
 39.669751957454
 39.920436422366
 40.171120889903
 40.421805357435
 40.672489822340
 40.923174289870
 41.173858757398
 41.424543224924
 41.675227689821
 41.925912157340
 42.176596624859
 42.427281089749
 42.677965557264
 42.928650024777
 43.179334489661
 43.430018957167
 43.680703424673
 43.931387889551
 44.182072357053
 44.432756824549
 44.683441289420
 44.934125756916
 45.184810224409
 45.435494691901
 45.686179156762
 45.936863624247
 46.187548091732
 46.438232556588
 46.688917024068
 46.939601491547
 47.190285956396
 47.440970423867
 47.691654891339
 47.942339356182
 48.193023823650
 48.443708291115
 48.694392758576
 48.945077223411
 49.195761690870
 49.446446158327
 49.697130623154
 49.947815090607
 50.198499558055
 50.449184022877
 50.699868490324
 50.950552957768
 51.201237422583
 51.451921890020
 51.702606357458
 51.953290822266
 52.203975289700
 52.454659757132
 52.705344224559
 52.956028689359
 53.206713156785
 53.457397624208
 53.708082089001
 53.958766556420
 54.209451023835
 54.460135488623
 54.710819956035
 54.961504423445
 55.212188888227
 55.462873355633
 55.713557823035
 55.964242287809
 56.214926755209
 56.465611222607
 56.716295690000
 56.966980154768
 57.217664622159
 57.468349089549
 57.719033554309
 57.969718021694
 58.220402489075
 58.471086953828
 58.721771421208
 58.972455888585
 59.223140353333
 59.473824820706
 59.724509288074
 59.975193755443
 60.225878220182
 60.476562687546
 60.727247154909
 60.977931619643
 61.228616086998
 61.479300554354
 61.729985019081
 61.980669486433
 62.231353953783
 62.482038418502
 62.732722885847
 62.983407353191
 63.234091817906
 63.484776285246
 63.735460752581
 63.986145219917
 64.236829684623
 64.487514151955
 64.738198619284
 64.988883083985
 65.239567551307
 65.490252018630
 65.740936483325
 65.991620950644
 66.242305417961
 66.492989882649
 66.743674349959
 66.994358817270
 67.245043281953
 67.495727749259
 67.746412216564
 67.997096683864
 68.247781148538
 68.498465615837
 68.749150083134
 68.999834547801
 69.250519015091
 69.501203482382
 69.751887947044
 70.002572414330
 70.253256881615
 70.503941346270
 70.754625813548
 71.005310280827
 71.255994748103
 71.506679212751
 71.757363680023
 72.008048147290
 72.258732611932
 72.509417079199
 72.760101546463
 73.010786011098
 73.261470478359
 73.512154945615
 73.762839410245
 74.013523877499
 74.264208344750
 74.514892809374
 74.765577276620
 75.016261743867
 75.266946211109
 75.517630675725
 75.768315142965
 76.018999610202
 76.269684074812
 76.520368542046
 76.771053009277
 77.021737473880
 77.272421941109
 77.523106408333
 77.773790872931
 78.024475340154
 78.275159807372
 78.525844271964
 78.776528739180
 79.027213206393
 79.277897673606
 79.528582138189
 79.779266605396
 80.029951072603
 80.280635537179
 80.531320004382
 80.782004471582
 81.032688936153
 81.283373403349
 81.534057870542
 81.784742335109
 82.035426802298
 82.286111269486
 82.536795736673
 82.787480201231
 83.038164668413
 83.288849135594
 83.539533600145
 83.790218067321
 84.040902534496
 84.291586999042
 84.542271466212
 84.792955933382
 85.043640397921
 85.294324865085
 85.545009332248
 85.795693796783
 86.046378263941
 86.297062731098
 86.547747198253
 86.798431662779
 87.049116129930
 87.299800597080
 87.550485061600
 87.801169528745
 88.051853995889
 88.302538460404
 88.553222927542
 88.803907394680
 89.054591859190
 89.305276326322
 89.555960793455
 89.806645257959
 90.057329725085
 90.308014192212
 90.558698659336
 90.809383123831
 91.060067590952
 91.310752058070
 91.561436522559
 91.812120989674
 92.062805456786
 92.313489921270
 92.564174388380
 92.814858855485
 93.065543319964
 93.316227787066
 93.566912254168
 93.817596721267
 94.068281185737
 94.318965652833
 94.569650119926
 94.820334584391
 95.071019051481
 95.321703518568
 95.572387983027
 95.823072450112
 96.073756917193
 96.324441381647
 96.575125848726
 96.825810315801
 97.076494780249
 97.327179247322
 97.577863714392
 97.828548181461
 98.079232645902
 98.329917112966
 98.580601580030
 98.831286044463
 99.081970511523
 99.332654978582
 99.583339443009
 99.834023910064
100.084708377115
100.335392841538
100.586077308587
100.836761775632
101.087446240051
101.338130707094
101.588815174133
101.839499641173
102.090184105583
102.340868572617
102.591553039651
102.842237504056
103.092921971085
103.343606438113
103.594290902512
103.844975369535
104.095659836558
104.346344300951
104.597028767969
104.847713234986
105.098397702000
105.349082166387
105.599766633396
105.850451100406
106.101135564786
106.351820031791
106.602504498796
106.853188963170
107.103873430170
107.354557897169
107.605242361538
107.855926828532
108.106611295525
108.357295759889
108.607980226877
108.858664693864
109.109349160849
109.360033625205
109.610718092187
109.861402559167
110.112087023518
110.362771490494
110.613455957468
110.864140421814
111.114824888785
111.365509355754
111.616193820094
111.866878287058
112.117562754021
112.368247218357
112.618931685315
112.869616152274
113.120300619230
113.370985083557
113.621669550510
113.872354017460
114.123038481782
114.373722948730
114.624407415675
114.875091879991
115.125776346933
115.376460813872
115.627145278184
115.877829745121
116.128514212054
116.379198678987
116.629883143292
116.880567610220
117.131252077148
117.381936541446
117.632621008370
117.883305475292
118.133989939585
118.384674406504
118.635358873419
118.886043337708
119.136727804621
119.387412271531
119.638096735815
119.888781202723
120.139465669628
120.390150136532
120.640834600808
120.891519067708
121.142203534607
121.392887998878
121.643572465772
121.894256932666
122.144941396932
122.395625863821
122.646310330710
122.896994794969
123.147679261853
123.398363728737
123.649048192990
123.899732659870
124.150417126747
124.401101593623
124.651786057871
124.902470524743
125.153154991614
125.403839455857
125.654523922723
125.905208389589
126.155892853825
126.406577320687
126.657261787548
126.907946251779
127.158630718635
127.409315185491
127.659999652343
127.910684116568
128.161368583419
128.412053050266
128.662737514486
128.913421981330
129.164106448173
129.414790912387
129.665475379227
129.916159846064
130.166844310273
130.417528777107
130.668213243940
130.918897708144
131.169582174972
131.420266641800
131.670951108625
131.921635572822
132.172320039644
132.423004506464
132.673688970656
132.924373437474
133.175057904289
 69.0
69911.0
