2457516.6930556   4.613916544108  16.537384292193 1000000.0000000000
2457516.6937500   4.613916545228  16.537384291227 1000000.0000000000
2457516.6944444   4.613916546349  16.537384290265 1000000.0000000000
2457516.6951389   4.613916547470  16.537384289305 1000000.0000000000
2457516.6958333   4.613916548591  16.537384288348 1000000.0000000000
2457516.6965278   4.613916549713  16.537384287394 1000000.0000000000
2457516.6972222   4.613916550835  16.537384286443 1000000.0000000000
2457516.6979167   4.613916551958  16.537384285495 1000000.0000000000
2457516.6986111   4.613916553081  16.537384284550 1000000.0000000000
2457516.6993056   4.613916554204  16.537384283607 1000000.0000000000
2457516.7000000   4.613916555328  16.537384282668 1000000.0000000000
2457516.7006944   4.613916556452  16.537384281731 1000000.0000000000
2457516.7013889   4.613916557576  16.537384280798 1000000.0000000000
2457516.7020833   4.613916558701  16.537384279867 1000000.0000000000
2457516.7027778   4.613916559826  16.537384278939 1000000.0000000000
2457516.7034722   4.613916560952  16.537384278014 1000000.0000000000
2457516.7041667   4.613916562078  16.537384277093 1000000.0000000000
2457516.7048611   4.613916563204  16.537384276173 1000000.0000000000
2457516.7055556   4.613916564331  16.537384275257 1000000.0000000000
2457516.7062500   4.613916565458  16.537384274344 1000000.0000000000
2457516.7069444   4.613916566585  16.537384273434 1000000.0000000000
2457516.7076389   4.613916567713  16.537384272527 1000000.0000000000
2457516.7083333   4.613916568841  16.537384271622 1000000.0000000000
2457516.7090278   4.613916569970  16.537384270721 1000000.0000000000
2457516.7097222   4.613916571099  16.537384269822 1000000.0000000000
2457516.7104167   4.613916572228  16.537384268926 1000000.0000000000
2457516.7111111   4.613916573358  16.537384268034 1000000.0000000000
2457516.7118056   4.613916574488  16.537384267144 1000000.0000000000
2457516.7125000   4.613916575618  16.537384266257 1000000.0000000000
2457516.7131944   4.613916576749  16.537384265373 1000000.0000000000
2457516.7138889   4.613916577880  16.537384264492 1000000.0000000000
2457516.7145833   4.613916579011  16.537384263613 1000000.0000000000
2457516.7152778   4.613916580143  16.537384262738 1000000.0000000000
2457516.7159722   4.613916581275  16.537384261866 1000000.0000000000
2457516.7166667   4.613916582408  16.537384260996 1000000.0000000000
2457516.7173611   4.613916583541  16.537384260130 1000000.0000000000
2457516.7180556   4.613916584674  16.537384259266 1000000.0000000000
2457516.7187500   4.613916585808  16.537384258406 1000000.0000000000
2457516.7194444   4.613916586942  16.537384257548 1000000.0000000000
2457516.7201389   4.613916588076  16.537384256693 1000000.0000000000
2457516.7208333   4.613916589211  16.537384255841 1000000.0000000000
2457516.7215278   4.613916590346  16.537384254992 1000000.0000000000
2457516.7222222   4.613916591482  16.537384254146 1000000.0000000000
2457516.7229167   4.613916592618  16.537384253303 1000000.0000000000
2457516.7236111   4.613916593754  16.537384252463 1000000.0000000000
2457516.7243056   4.613916594891  16.537384251626 1000000.0000000000
2457516.7250000   4.613916596028  16.537384250791 1000000.0000000000
2457516.7256944   4.613916597165  16.537384249960 1000000.0000000000
2457516.7263889   4.613916598303  16.537384249131 1000000.0000000000
2457516.7270833   4.613916599441  16.537384248306 1000000.0000000000
2457516.7277778   4.613916600579  16.537384247483 1000000.0000000000
2457516.7284722   4.613916601718  16.537384246663 1000000.0000000000
2457516.7291667   4.613916602858  16.537384245847 1000000.0000000000
2457516.7298611   4.613916603997  16.537384245033 1000000.0000000000
2457516.7305556   4.613916605137  16.537384244222 1000000.0000000000
2457516.7312500   4.613916606277  16.537384243414 1000000.0000000000
2457516.7319444   4.613916607418  16.537384242609 1000000.0000000000
2457516.7326389   4.613916608559  16.537384241807 1000000.0000000000
2457516.7333333   4.613916609700  16.537384241007 1000000.0000000000
2457516.7340278   4.613916610842  16.537384240211 1000000.0000000000
2457516.7347222   4.613916611984  16.537384239418 1000000.0000000000
2457516.7354167   4.613916613127  16.537384238627 1000000.0000000000
2457516.7361111   4.613916614270  16.537384237840 1000000.0000000000
2457516.7368056   4.613916615413  16.537384237055 1000000.0000000000
2457516.7375000   4.613916616556  16.537384236273 1000000.0000000000
2457516.7381944   4.613916617700  16.537384235495 1000000.0000000000
2457516.7388889   4.613916618845  16.537384234719 1000000.0000000000
2457516.7395833   4.613916619989  16.537384233946 1000000.0000000000
2457516.7402778   4.613916621134  16.537384233176 1000000.0000000000
2457516.7409722   4.613916622280  16.537384232409 1000000.0000000000
2457516.7416667   4.613916623426  16.537384231645 1000000.0000000000
2457516.7423611   4.613916624572  16.537384230884 1000000.0000000000
2457516.7430556   4.613916625718  16.537384230126 1000000.0000000000
2457516.7437500   4.613916626865  16.537384229370 1000000.0000000000
2457516.7444444   4.613916628012  16.537384228618 1000000.0000000000
2457516.7451389   4.613916629160  16.537384227869 1000000.0000000000
2457516.7458333   4.613916630308  16.537384227122 1000000.0000000000
2457516.7465278   4.613916631456  16.537384226379 1000000.0000000000
2457516.7472222   4.613916632605  16.537384225638 1000000.0000000000
2457516.7479167   4.613916633754  16.537384224900 1000000.0000000000
2457516.7486111   4.613916634903  16.537384224166 1000000.0000000000
2457516.7493056   4.613916636053  16.537384223434 1000000.0000000000
2457516.7500000   4.613916637203  16.537384222705 1000000.0000000000
2457516.7506944   4.613916638353  16.537384221979 1000000.0000000000
2457516.7513889   4.613916639504  16.537384221256 1000000.0000000000
2457516.7520833   4.613916640655  16.537384220536 1000000.0000000000
2457516.7527778   4.613916641807  16.537384219819 1000000.0000000000
2457516.7534722   4.613916642959  16.537384219105 1000000.0000000000
2457516.7541667   4.613916644111  16.537384218394 1000000.0000000000
2457516.7548611   4.613916645264  16.537384217685 1000000.0000000000
2457516.7555556   4.613916646417  16.537384216980 1000000.0000000000
2457516.7562500   4.613916647570  16.537384216277 1000000.0000000000
2457516.7569444   4.613916648724  16.537384215578 1000000.0000000000
2457516.7576389   4.613916649878  16.537384214881 1000000.0000000000
2457516.7583333   4.613916651032  16.537384214188 1000000.0000000000
2457516.7590278   4.613916652187  16.537384213497 1000000.0000000000
2457516.7597222   4.613916653342  16.537384212809 1000000.0000000000
2457516.7604167   4.613916654498  16.537384212125 1000000.0000000000
2457516.7611111   4.613916655654  16.537384211443 1000000.0000000000
2457516.7618056   4.613916656810  16.537384210764 1000000.0000000000
2457516.7625000   4.613916657966  16.537384210088 1000000.0000000000
2457516.7631944   4.613916659123  16.537384209415 1000000.0000000000
2457516.7638889   4.613916660281  16.537384208745 1000000.0000000000
2457516.7645833   4.613916661438  16.537384208078 1000000.0000000000
2457516.7652778   4.613916662596  16.537384207414 1000000.0000000000
2457516.7659722   4.613916663755  16.537384206752 1000000.0000000000
2457516.7666667   4.613916664913  16.537384206094 1000000.0000000000
2457516.7673611   4.613916666072  16.537384205439 1000000.0000000000
2457516.7680556   4.613916667232  16.537384204786 1000000.0000000000
2457516.7687500   4.613916668392  16.537384204137 1000000.0000000000
2457516.7694444   4.613916669552  16.537384203490 1000000.0000000000
2457516.7701389   4.613916670712  16.537384202847 1000000.0000000000
2457516.7708333   4.613916671873  16.537384202206 1000000.0000000000
2457516.7715278   4.613916673034  16.537384201568 1000000.0000000000
2457516.7722222   4.613916674196  16.537384200934 1000000.0000000000
2457516.7729167   4.613916675358  16.537384200302 1000000.0000000000
2457516.7736111   4.613916676520  16.537384199673 1000000.0000000000
2457516.7743056   4.613916677683  16.537384199047 1000000.0000000000
2457516.7750000   4.613916678846  16.537384198424 1000000.0000000000
2457516.7756944   4.613916680009  16.537384197804 1000000.0000000000
2457516.7763889   4.613916681173  16.537384197187 1000000.0000000000
2457516.7770833   4.613916682337  16.537384196573 1000000.0000000000
2457516.7777778   4.613916683501  16.537384195962 1000000.0000000000
2457516.7784722   4.613916684666  16.537384195353 1000000.0000000000
2457516.7791667   4.613916685831  16.537384194748 1000000.0000000000
2457516.7798611   4.613916686997  16.537384194146 1000000.0000000000
2457516.7805556   4.613916688162  16.537384193546 1000000.0000000000
2457516.7812500   4.613916689329  16.537384192950 1000000.0000000000
2457516.7819444   4.613916690495  16.537384192356 1000000.0000000000
2457516.7826389   4.613916691662  16.537384191766 1000000.0000000000
2457516.7833333   4.613916692829  16.537384191178 1000000.0000000000
2457516.7840278   4.613916693997  16.537384190594 1000000.0000000000
2457516.7847222   4.613916695165  16.537384190012 1000000.0000000000
2457516.7854167   4.613916696333  16.537384189433 1000000.0000000000
2457516.7861111   4.613916697502  16.537384188858 1000000.0000000000
2457516.7868056   4.613916698671  16.537384188285 1000000.0000000000
2457516.7875000   4.613916699840  16.537384187715 1000000.0000000000
2457516.7881944   4.613916701010  16.537384187148 1000000.0000000000
2457516.7888889   4.613916702180  16.537384186584 1000000.0000000000
2457516.7895833   4.613916703350  16.537384186023 1000000.0000000000
2457516.7902778   4.613916704521  16.537384185465 1000000.0000000000
2457516.7909722   4.613916705692  16.537384184910 1000000.0000000000
2457516.7916667   4.613916706863  16.537384184358 1000000.0000000000
2457516.7923611   4.613916708035  16.537384183808 1000000.0000000000
2457516.7930556   4.613916709207  16.537384183262 1000000.0000000000
2457516.7937500   4.613916710380  16.537384182719 1000000.0000000000
2457516.7944444   4.613916711553  16.537384182178 1000000.0000000000
2457516.7951389   4.613916712726  16.537384181641 1000000.0000000000
2457516.7958333   4.613916713900  16.537384181107 1000000.0000000000
2457516.7965278   4.613916715073  16.537384180575 1000000.0000000000
2457516.7972222   4.613916716248  16.537384180047 1000000.0000000000
2457516.7979167   4.613916717422  16.537384179521 1000000.0000000000
2457516.7986111   4.613916718597  16.537384178999 1000000.0000000000
2457516.7993056   4.613916719773  16.537384178479 1000000.0000000000
2457516.8000000   4.613916720948  16.537384177962 1000000.0000000000
2457516.8006944   4.613916722124  16.537384177448 1000000.0000000000
2457516.8013889   4.613916723301  16.537384176938 1000000.0000000000
2457516.8020833   4.613916724477  16.537384176430 1000000.0000000000
2457516.8027778   4.613916725654  16.537384175925 1000000.0000000000
2457516.8034722   4.613916726832  16.537384175423 1000000.0000000000
2457516.8041667   4.613916728009  16.537384174924 1000000.0000000000
2457516.8048611   4.613916729188  16.537384174428 1000000.0000000000
2457516.8055556   4.613916730366  16.537384173935 1000000.0000000000
2457516.8062500   4.613916731545  16.537384173445 1000000.0000000000
2457516.8069444   4.613916732724  16.537384172958 1000000.0000000000
2457516.8076389   4.613916733903  16.537384172474 1000000.0000000000
2457516.8083333   4.613916735083  16.537384171993 1000000.0000000000
2457516.8090278   4.613916736263  16.537384171514 1000000.0000000000
2457516.8097222   4.613916737444  16.537384171039 1000000.0000000000
2457516.8104167   4.613916738625  16.537384170567 1000000.0000000000
2457516.8111111   4.613916739806  16.537384170097 1000000.0000000000
2457516.8118056   4.613916740987  16.537384169631 1000000.0000000000
2457516.8125000   4.613916742169  16.537384169168 1000000.0000000000
2457516.8131944   4.613916743352  16.537384168707 1000000.0000000000
2457516.8138889   4.613916744534  16.537384168250 1000000.0000000000
2457516.8145833   4.613916745717  16.537384167795 1000000.0000000000
2457516.8152778   4.613916746900  16.537384167344 1000000.0000000000
2457516.8159722   4.613916748084  16.537384166895 1000000.0000000000
2457516.8166667   4.613916749268  16.537384166449 1000000.0000000000
2457516.8173611   4.613916750452  16.537384166007 1000000.0000000000
2457516.8180556   4.613916751637  16.537384165567 1000000.0000000000
2457516.8187500   4.613916752822  16.537384165130 1000000.0000000000
2457516.8194444   4.613916754007  16.537384164696 1000000.0000000000
2457516.8201389   4.613916755193  16.537384164266 1000000.0000000000
2457516.8208333   4.613916756379  16.537384163838 1000000.0000000000
2457516.8215278   4.613916757565  16.537384163413 1000000.0000000000
2457516.8222222   4.613916758752  16.537384162991 1000000.0000000000
2457516.8229167   4.613916759939  16.537384162572 1000000.0000000000
2457516.8236111   4.613916761127  16.537384162156 1000000.0000000000
2457516.8243056   4.613916762314  16.537384161743 1000000.0000000000
2457516.8250000   4.613916763502  16.537384161333 1000000.0000000000
2457516.8256944   4.613916764691  16.537384160926 1000000.0000000000
2457516.8263889   4.613916765880  16.537384160522 1000000.0000000000
2457516.8270833   4.613916767069  16.537384160120 1000000.0000000000
2457516.8277778   4.613916768258  16.537384159722 1000000.0000000000
2457516.8284722   4.613916769448  16.537384159327 1000000.0000000000
2457516.8291667   4.613916770638  16.537384158935 1000000.0000000000
2457516.8298611   4.613916771829  16.537384158545 1000000.0000000000
2457516.8305556   4.613916773019  16.537384158159 1000000.0000000000
2457516.8312500   4.613916774211  16.537384157776 1000000.0000000000
2457516.8319444   4.613916775402  16.537384157395 1000000.0000000000
2457516.8326389   4.613916776594  16.537384157018 1000000.0000000000
2457516.8333333   4.613916777786  16.537384156644 1000000.0000000000
2457516.8340278   4.613916778979  16.537384156272 1000000.0000000000
2457516.8347222   4.613916780172  16.537384155904 1000000.0000000000
2457516.8354167   4.613916781365  16.537384155538 1000000.0000000000
2457516.8361111   4.613916782558  16.537384155176 1000000.0000000000
2457516.8368056   4.613916783752  16.537384154816 1000000.0000000000
2457516.8375000   4.613916784946  16.537384154459 1000000.0000000000
2457516.8381944   4.613916786141  16.537384154106 1000000.0000000000
2457516.8388889   4.613916787336  16.537384153755 1000000.0000000000
2457516.8395833   4.613916788531  16.537384153407 1000000.0000000000
2457516.8402778   4.613916789727  16.537384153063 1000000.0000000000
2457516.8409722   4.613916790923  16.537384152721 1000000.0000000000
2457516.8416667   4.613916792119  16.537384152382 1000000.0000000000
2457516.8423611   4.613916793316  16.537384152046 1000000.0000000000
2457516.8430556   4.613916794512  16.537384151713 1000000.0000000000
2457516.8437500   4.613916795710  16.537384151383 1000000.0000000000
2457516.8444444   4.613916796907  16.537384151057 1000000.0000000000
2457516.8451389   4.613916798105  16.537384150733 1000000.0000000000
2457516.8458333   4.613916799304  16.537384150412 1000000.0000000000
2457516.8465278   4.613916800502  16.537384150094 1000000.0000000000
2457516.8472222   4.613916801701  16.537384149779 1000000.0000000000
2457516.8479167   4.613916802901  16.537384149467 1000000.0000000000
2457516.8486111   4.613916804100  16.537384149158 1000000.0000000000
2457516.8493056   4.613916805300  16.537384148852 1000000.0000000000
2457516.8500000   4.613916806500  16.537384148549 1000000.0000000000
2457516.8506944   4.613916807701  16.537384148248 1000000.0000000000
2457516.8513889   4.613916808902  16.537384147951 1000000.0000000000
2457516.8520833   4.613916810103  16.537384147657 1000000.0000000000
2457516.8527778   4.613916811305  16.537384147366 1000000.0000000000
2457516.8534722   4.613916812507  16.537384147078 1000000.0000000000
2457516.8541667   4.613916813709  16.537384146792 1000000.0000000000
2457516.8548611   4.613916814912  16.537384146510 1000000.0000000000
2457516.8555556   4.613916816115  16.537384146231 1000000.0000000000
2457516.8562500   4.613916817318  16.537384145955 1000000.0000000000
2457516.8569444   4.613916818522  16.537384145681 1000000.0000000000
2457516.8576389   4.613916819726  16.537384145411 1000000.0000000000
2457516.8583333   4.613916820930  16.537384145144 1000000.0000000000
2457516.8590278   4.613916822135  16.537384144879 1000000.0000000000
2457516.8597222   4.613916823340  16.537384144618 1000000.0000000000
2457516.8604167   4.613916824545  16.537384144359 1000000.0000000000
2457516.8611111   4.613916825751  16.537384144104 1000000.0000000000
2457516.8618056   4.613916826957  16.537384143851 1000000.0000000000
2457516.8625000   4.613916828163  16.537384143602 1000000.0000000000
2457516.8631944   4.613916829370  16.537384143355 1000000.0000000000
2457516.8638889   4.613916830577  16.537384143112 1000000.0000000000
2457516.8645833   4.613916831784  16.537384142871 1000000.0000000000
2457516.8652778   4.613916832992  16.537384142634 1000000.0000000000
2457516.8659722   4.613916834200  16.537384142399 1000000.0000000000
2457516.8666667   4.613916835408  16.537384142168 1000000.0000000000
2457516.8673611   4.613916836617  16.537384141939 1000000.0000000000
2457516.8680556   4.613916837826  16.537384141713 1000000.0000000000
2457516.8687500   4.613916839035  16.537384141491 1000000.0000000000
2457516.8694444   4.613916840245  16.537384141271 1000000.0000000000
2457516.8701389   4.613916841455  16.537384141054 1000000.0000000000
2457516.8708333   4.613916842665  16.537384140841 1000000.0000000000
2457516.8715278   4.613916843876  16.537384140630 1000000.0000000000
2457516.8722222   4.613916845087  16.537384140422 1000000.0000000000
2457516.8729167   4.613916846298  16.537384140217 1000000.0000000000
2457516.8736111   4.613916847510  16.537384140015 1000000.0000000000
2457516.8743056   4.613916848722  16.537384139817 1000000.0000000000
2457516.8750000   4.613916849934  16.537384139621 1000000.0000000000
2457516.8756944   4.613916851147  16.537384139428 1000000.0000000000
2457516.8763889   4.613916852360  16.537384139238 1000000.0000000000
2457516.8770833   4.613916853573  16.537384139051 1000000.0000000000
2457516.8777778   4.613916854787  16.537384138867 1000000.0000000000
2457516.8784722   4.613916856001  16.537384138687 1000000.0000000000
2457516.8791667   4.613916857215  16.537384138509 1000000.0000000000
2457516.8798611   4.613916858430  16.537384138334 1000000.0000000000
2457516.8805556   4.613916859645  16.537384138162 1000000.0000000000
2457516.8812500   4.613916860860  16.537384137993 1000000.0000000000
2457516.8819444   4.613916862075  16.537384137827 1000000.0000000000
2457516.8826389   4.613916863291  16.537384137664 1000000.0000000000
2457516.8833333   4.613916864508  16.537384137504 1000000.0000000000
2457516.8840278   4.613916865724  16.537384137347 1000000.0000000000
2457516.8847222   4.613916866941  16.537384137193 1000000.0000000000
2457516.8854167   4.613916868158  16.537384137042 1000000.0000000000
2457516.8861111   4.613916869376  16.537384136894 1000000.0000000000
2457516.8868056   4.613916870594  16.537384136749 1000000.0000000000
2457516.8875000   4.613916871812  16.537384136607 1000000.0000000000
2457516.8881944   4.613916873031  16.537384136468 1000000.0000000000
2457516.8888889   4.613916874249  16.537384136332 1000000.0000000000
2457516.8895833   4.613916875469  16.537384136198 1000000.0000000000
2457516.8902778   4.613916876688  16.537384136068 1000000.0000000000
2457516.8909722   4.613916877908  16.537384135941 1000000.0000000000
2457516.8916667   4.613916879128  16.537384135817 1000000.0000000000
2457516.8923611   4.613916880349  16.537384135696 1000000.0000000000
2457516.8930556   4.613916881570  16.537384135578 1000000.0000000000
2457516.8937500   4.613916882791  16.537384135463 1000000.0000000000
2457516.8944444   4.613916884012  16.537384135350 1000000.0000000000
2457516.8951389   4.613916885234  16.537384135241 1000000.0000000000
2457516.8958333   4.613916886456  16.537384135135 1000000.0000000000
2457516.8965278   4.613916887679  16.537384135032 1000000.0000000000
2457516.8972222   4.613916888901  16.537384134932 1000000.0000000000
2457516.8979167   4.613916890124  16.537384134834 1000000.0000000000
2457516.8986111   4.613916891348  16.537384134740 1000000.0000000000
2457516.8993056   4.613916892572  16.537384134649 1000000.0000000000
2457516.9000000   4.613916893796  16.537384134561 1000000.0000000000
2457516.9006944   4.613916895020  16.537384134476 1000000.0000000000
2457516.9013889   4.613916896245  16.537384134393 1000000.0000000000
2457516.9020833   4.613916897470  16.537384134314 1000000.0000000000
2457516.9027778   4.613916898695  16.537384134238 1000000.0000000000
2457516.9034722   4.613916899921  16.537384134164 1000000.0000000000
2457516.9041667   4.613916901147  16.537384134094 1000000.0000000000
2457516.9048611   4.613916902373  16.537384134027 1000000.0000000000
2457516.9055556   4.613916903600  16.537384133963 1000000.0000000000
2457516.9062500   4.613916904827  16.537384133901 1000000.0000000000
2457516.9069444   4.613916906054  16.537384133843 1000000.0000000000
2457516.9076389   4.613916907282  16.537384133788 1000000.0000000000
2457516.9083333   4.613916908510  16.537384133735 1000000.0000000000
2457516.9090278   4.613916909738  16.537384133686 1000000.0000000000
2457516.9097222   4.613916910967  16.537384133640 1000000.0000000000
2457516.9104167   4.613916912196  16.537384133596 1000000.0000000000
2457516.9111111   4.613916913425  16.537384133556 1000000.0000000000
2457516.9118056   4.613916914654  16.537384133519 1000000.0000000000
2457516.9125000   4.613916915884  16.537384133484 1000000.0000000000
2457516.9131944   4.613916917115  16.537384133453 1000000.0000000000
2457516.9138889   4.613916918345  16.537384133425 1000000.0000000000
2457516.9145833   4.613916919576  16.537384133399 1000000.0000000000
2457516.9152778   4.613916920807  16.537384133377 1000000.0000000000
2457516.9159722   4.613916922039  16.537384133357 1000000.0000000000
2457516.9166667   4.613916923270  16.537384133341 1000000.0000000000
2457516.9173611   4.613916924502  16.537384133328 1000000.0000000000
2457516.9180556   4.613916925735  16.537384133317 1000000.0000000000
2457516.9187500   4.613916926968  16.537384133310 1000000.0000000000
2457516.9194444   4.613916928201  16.537384133306 1000000.0000000000
2457516.9201389   4.613916929434  16.537384133304 1000000.0000000000
2457516.9208333   4.613916930668  16.537384133306 1000000.0000000000
2457516.9215278   4.613916931902  16.537384133310 1000000.0000000000
2457516.9222222   4.613916933136  16.537384133318 1000000.0000000000
2457516.9229167   4.613916934371  16.537384133329 1000000.0000000000
2457516.9236111   4.613916935606  16.537384133342 1000000.0000000000
2457516.9243056   4.613916936841  16.537384133359 1000000.0000000000
2457516.9250000   4.613916938077  16.537384133378 1000000.0000000000
2457516.9256944   4.613916939313  16.537384133401 1000000.0000000000
2457516.9263889   4.613916940549  16.537384133427 1000000.0000000000
2457516.9270833   4.613916941786  16.537384133455 1000000.0000000000
2457516.9277778   4.613916943023  16.537384133487 1000000.0000000000
2457516.9284722   4.613916944260  16.537384133521 1000000.0000000000
2457516.9291667   4.613916945497  16.537384133559 1000000.0000000000
2457516.9298611   4.613916946735  16.537384133600 1000000.0000000000
2457516.9305556   4.613916947973  16.537384133643 1000000.0000000000
2457516.9312500   4.613916949212  16.537384133690 1000000.0000000000
2457516.9319444   4.613916950451  16.537384133739 1000000.0000000000
2457516.9326389   4.613916951690  16.537384133792 1000000.0000000000
2457516.9333333   4.613916952929  16.537384133848 1000000.0000000000
2457516.9340278   4.613916954169  16.537384133906 1000000.0000000000
2457516.9347222   4.613916955409  16.537384133968 1000000.0000000000
2457516.9354167   4.613916956649  16.537384134032 1000000.0000000000
2457516.9361111   4.613916957890  16.537384134100 1000000.0000000000
2457516.9368056   4.613916959131  16.537384134171 1000000.0000000000
2457516.9375000   4.613916960372  16.537384134244 1000000.0000000000
2457516.9381944   4.613916961614  16.537384134321 1000000.0000000000
2457516.9388889   4.613916962856  16.537384134401 1000000.0000000000
2457516.9395833   4.613916964098  16.537384134483 1000000.0000000000
2457516.9402778   4.613916965341  16.537384134569 1000000.0000000000
2457516.9409722   4.613916966584  16.537384134657 1000000.0000000000
2457516.9416667   4.613916967827  16.537384134749 1000000.0000000000
2457516.9423611   4.613916969070  16.537384134844 1000000.0000000000
2457516.9430556   4.613916970314  16.537384134941 1000000.0000000000
2457516.9437500   4.613916971558  16.537384135042 1000000.0000000000
2457516.9444444   4.613916972803  16.537384135146 1000000.0000000000
2457516.9451389   4.613916974047  16.537384135252 1000000.0000000000
2457516.9458333   4.613916975292  16.537384135362 1000000.0000000000
2457516.9465278   4.613916976538  16.537384135475 1000000.0000000000
2457516.9472222   4.613916977784  16.537384135590 1000000.0000000000
2457516.9479167   4.613916979030  16.537384135709 1000000.0000000000
2457516.9486111   4.613916980276  16.537384135831 1000000.0000000000
2457516.9493056   4.613916981523  16.537384135955 1000000.0000000000
2457516.9500000   4.613916982769  16.537384136083 1000000.0000000000
2457516.9506944   4.613916984017  16.537384136214 1000000.0000000000
2457516.9513889   4.613916985264  16.537384136348 1000000.0000000000
2457516.9520833   4.613916986512  16.537384136484 1000000.0000000000
2457516.9527778   4.613916987760  16.537384136624 1000000.0000000000
2457516.9534722   4.613916989009  16.537384136767 1000000.0000000000
2457516.9541667   4.613916990258  16.537384136912 1000000.0000000000
2457516.9548611   4.613916991507  16.537384137061 1000000.0000000000
2457516.9555556   4.613916992756  16.537384137213 1000000.0000000000
2457516.9562500   4.613916994006  16.537384137368 1000000.0000000000
2457516.9569444   4.613916995256  16.537384137525 1000000.0000000000
2457516.9576389   4.613916996506  16.537384137686 1000000.0000000000
2457516.9583333   4.613916997757  16.537384137850 1000000.0000000000
2457516.9590278   4.613916999008  16.537384138017 1000000.0000000000
2457516.9597222   4.613917000259  16.537384138187 1000000.0000000000
2457516.9604167   4.613917001511  16.537384138359 1000000.0000000000
2457516.9611111   4.613917002763  16.537384138535 1000000.0000000000
2457516.9618056   4.613917004015  16.537384138714 1000000.0000000000
2457516.9625000   4.613917005268  16.537384138896 1000000.0000000000
2457516.9631944   4.613917006520  16.537384139081 1000000.0000000000
2457516.9638889   4.613917007773  16.537384139268 1000000.0000000000
2457516.9645833   4.613917009027  16.537384139459 1000000.0000000000
2457516.9652778   4.613917010281  16.537384139653 1000000.0000000000
2457516.9659722   4.613917011535  16.537384139850 1000000.0000000000
2457516.9666667   4.613917012789  16.537384140050 1000000.0000000000
2457516.9673611   4.613917014044  16.537384140253 1000000.0000000000
2457516.9680556   4.613917015299  16.537384140459 1000000.0000000000
2457516.9687500   4.613917016554  16.537384140668 1000000.0000000000
2457516.9694444   4.613917017810  16.537384140880 1000000.0000000000
2457516.9701389   4.613917019066  16.537384141095 1000000.0000000000
2457516.9708333   4.613917020322  16.537384141312 1000000.0000000000
2457516.9715278   4.613917021578  16.537384141533 1000000.0000000000
2457516.9722222   4.613917022835  16.537384141757 1000000.0000000000
2457516.9729167   4.613917024092  16.537384141984 1000000.0000000000
2457516.9736111   4.613917025350  16.537384142214 1000000.0000000000
2457516.9743056   4.613917026607  16.537384142447 1000000.0000000000
2457516.9750000   4.613917027865  16.537384142683 1000000.0000000000
2457516.9756944   4.613917029124  16.537384142922 1000000.0000000000
2457516.9763889   4.613917030382  16.537384143164 1000000.0000000000
2457516.9770833   4.613917031641  16.537384143409 1000000.0000000000
2457516.9777778   4.613917032901  16.537384143658 1000000.0000000000
2457516.9784722   4.613917034160  16.537384143909 1000000.0000000000
2457516.9791667   4.613917035420  16.537384144163 1000000.0000000000
2457516.9798611   4.613917036680  16.537384144420 1000000.0000000000
2457516.9805556   4.613917037941  16.537384144680 1000000.0000000000
2457516.9812500   4.613917039201  16.537384144943 1000000.0000000000
2457516.9819444   4.613917040462  16.537384145209 1000000.0000000000
2457516.9826389   4.613917041724  16.537384145478 1000000.0000000000
2457516.9833333   4.613917042986  16.537384145750 1000000.0000000000
2457516.9840278   4.613917044248  16.537384146026 1000000.0000000000
2457516.9847222   4.613917045510  16.537384146304 1000000.0000000000
2457516.9854167   4.613917046772  16.537384146585 1000000.0000000000
2457516.9861111   4.613917048035  16.537384146869 1000000.0000000000
2457516.9868056   4.613917049299  16.537384147157 1000000.0000000000
2457516.9875000   4.613917050562  16.537384147447 1000000.0000000000
2457516.9881944   4.613917051826  16.537384147740 1000000.0000000000
2457516.9888889   4.613917053090  16.537384148036 1000000.0000000000
2457516.9895833   4.613917054354  16.537384148336 1000000.0000000000
2457516.9902778   4.613917055619  16.537384148638 1000000.0000000000
2457516.9909722   4.613917056884  16.537384148943 1000000.0000000000
2457516.9916667   4.613917058149  16.537384149252 1000000.0000000000
2457516.9923611   4.613917059415  16.537384149563 1000000.0000000000
2457516.9930556   4.613917060681  16.537384149877 1000000.0000000000
2457516.9937500   4.613917061947  16.537384150195 1000000.0000000000
2457516.9944444   4.613917063214  16.537384150515 1000000.0000000000
2457516.9951389   4.613917064480  16.537384150839 1000000.0000000000
2457516.9958333   4.613917065747  16.537384151165 1000000.0000000000
2457516.9965278   4.613917067015  16.537384151494 1000000.0000000000
2457516.9972222   4.613917068283  16.537384151827 1000000.0000000000
2457516.9979167   4.613917069551  16.537384152162 1000000.0000000000
2457516.9986111   4.613917070819  16.537384152501 1000000.0000000000
2457516.9993056   4.613917072087  16.537384152842 1000000.0000000000
2457517.0000000   4.613917073356  16.537384153187 1000000.0000000000
2457517.0006944   4.613917074626  16.537384153535 1000000.0000000000
2457517.0013889   4.613917075895  16.537384153885 1000000.0000000000
2457517.0020833   4.613917077165  16.537384154239 1000000.0000000000
2457517.0027778   4.613917078435  16.537384154595 1000000.0000000000
2457517.0034722   4.613917079705  16.537384154955 1000000.0000000000
2457517.0041667   4.613917080976  16.537384155318 1000000.0000000000
2457517.0048611   4.613917082247  16.537384155683 1000000.0000000000
2457517.0055556   4.613917083518  16.537384156052 1000000.0000000000
2457517.0062500   4.613917084790  16.537384156424 1000000.0000000000
2457517.0069444   4.613917086062  16.537384156798 1000000.0000000000
2457517.0076389   4.613917087334  16.537384157176 1000000.0000000000
2457517.0083333   4.613917088606  16.537384157557 1000000.0000000000
2457517.0090278   4.613917089879  16.537384157941 1000000.0000000000
2457517.0097222   4.613917091152  16.537384158327 1000000.0000000000
2457517.0104167   4.613917092426  16.537384158717 1000000.0000000000
2457517.0111111   4.613917093699  16.537384159110 1000000.0000000000
2457517.0118056   4.613917094973  16.537384159506 1000000.0000000000
2457517.0125000   4.613917096247  16.537384159905 1000000.0000000000
2457517.0131944   4.613917097522  16.537384160307 1000000.0000000000
2457517.0138889   4.613917098797  16.537384160712 1000000.0000000000
2457517.0145833   4.613917100072  16.537384161119 1000000.0000000000
2457517.0152778   4.613917101347  16.537384161530 1000000.0000000000
2457517.0159722   4.613917102623  16.537384161944 1000000.0000000000
2457517.0166667   4.613917103899  16.537384162361 1000000.0000000000
2457517.0173611   4.613917105175  16.537384162781 1000000.0000000000
2457517.0180556   4.613917106452  16.537384163204 1000000.0000000000
2457517.0187500   4.613917107729  16.537384163630 1000000.0000000000
2457517.0194444   4.613917109006  16.537384164060 1000000.0000000000
2457517.0201389   4.613917110284  16.537384164492 1000000.0000000000
2457517.0208333   4.613917111561  16.537384164927 1000000.0000000000
2457517.0215278   4.613917112839  16.537384165365 1000000.0000000000
2457517.0222222   4.613917114118  16.537384165806 1000000.0000000000
2457517.0229167   4.613917115396  16.537384166250 1000000.0000000000
2457517.0236111   4.613917116675  16.537384166697 1000000.0000000000
2457517.0243056   4.613917117955  16.537384167148 1000000.0000000000
2457517.0250000   4.613917119234  16.537384167601 1000000.0000000000
2457517.0256944   4.613917120514  16.537384168057 1000000.0000000000
2457517.0263889   4.613917121794  16.537384168516 1000000.0000000000
