263.947935879556
264.198620331078
264.449304779971
264.699989231491
264.950673683010
265.201358131902
265.452042583420
265.702727034938
265.953411486456
266.204095935346
266.454780386863
266.705464838378
266.956149287268
267.206833738784
267.457518190298
267.708202639187
267.958887090700
268.209571542213
268.460255991100
268.710940442613
268.961624894126
269.212309343010
269.462993794523
269.713678246034
269.964362697545
270.215047146429
270.465731597939
270.716416049447
270.967100498330
271.217784949839
271.468469401348
271.719153850230
271.969838301737
272.220522753245
272.471207202125
272.721891653632
272.972576105139
273.223260554019
273.473945005524
273.724629457029
273.975313908534
274.225998357412
274.476682808917
274.727367260420
274.978051709297
275.228736160800
275.479420612303
275.730105061180
275.980789512681
276.231473964183
276.482158413057
276.732842864559
276.983527316061
277.234211767561
277.484896216435
277.735580667934
277.986265119434
278.236949568308
278.487634019807
278.738318471305
278.989002920178
279.239687371675
279.490371823173
279.741056272045
279.991740723543
280.242425175039
280.493109623910
280.743794075405
280.994478526902
281.245162978399
281.495847427268
281.746531878763
281.997216330257
282.247900779126
282.498585230621
282.749269682115
282.999954130983
283.250638582476
283.501323033970
283.752007482837
284.002691934331
284.253376385823
284.504060834690
284.754745286181
285.005429737674
285.256114189167
285.506798638032
285.757483089523
286.008167541013
286.258851989878
286.509536441370
286.760220892861
287.010905341725
287.261589793215
287.512274244704
287.762958693567
288.013643145057
288.264327596547
288.515012048036
288.765696496898
289.016380948387
289.267065399877
289.517749848738
289.768434300226
290.019118751714
290.269803200575
290.520487652064
290.771172103552
291.021856552413
291.272541003899
291.523225455386
291.773909904246
292.024594355734
292.275278807221
292.525963258707
292.776647707567
293.027332159053
293.278016610539
293.528701059398
293.779385510885
294.030069962370
294.280754411227
294.531438862713
294.782123314199
295.032807763058
295.283492214542
295.534176666027
295.784861114885
296.035545566370
296.286230017855
296.536914469340
296.787598918197
297.038283369681
297.288967821165
297.539652270023
297.790336721508
298.041021172990
298.291705621848
298.542390073331
298.793074524815
299.043758973672
299.294443425156
299.545127876639
299.795812328122
300.046496776978
300.297181228462
300.547865679946
300.798550128801
301.049234580283
301.299919031766
301.550603480623
301.801287932106
302.051972383588
302.302656832445
302.553341283926
302.804025735409
303.054710184266
303.305394635749
303.556079087231
303.806763538712
304.057447987568
304.308132439051
304.558816890534
304.809501339390
305.060185790872
305.310870242353
305.561554691209
305.812239142692
306.062923594175
306.313608043029
306.564292494511
306.814976945993
307.065661394850
307.316345846333
307.567030297814
307.817714749295
308.068399198151
308.319083649634
308.569768101117
308.820452549972
309.071137001455
309.321821452936
309.572505901792
309.823190353275
310.073874804758
310.324559253614
310.575243705096
310.825928156578
311.076612608061
311.327297056917
311.577981508400
311.828665959883
312.079350408739
312.330034860222
312.580719311705
312.831403760561
313.082088212044
313.332772663526
313.583457112383
313.834141563867
314.084826015351
314.335510464208
314.586194915690
314.836879367174
315.087563818658
315.338248267515
315.588932718999
315.839617170483
316.090301619340
316.340986070824
316.591670522309
316.842354971167
317.093039422652
317.343723874136
317.594408322994
317.845092774478
318.095777225963
318.346461674822
318.597146126308
318.847830577792
319.098515029278
319.349199478136
319.599883929623
319.850568381108
320.101252829967
320.351937281453
320.602621732940
320.853306181800
321.103990633287
321.354675084772
321.605359533633
321.856043985119
322.106728436607
322.357412888095
322.608097336956
322.858781788443
323.109466239931
323.360150688792
323.610835140281
323.861519591770
324.112204040632
324.362888492120
324.613572943609
324.864257392470
325.114941843960
325.365626295450
325.616310744313
325.866995195803
326.117679647293
326.368364098784
326.619048547648
326.869732999138
327.120417450630
327.371101899494
327.621786350985
327.872470802477
328.123155251342
328.373839702833
328.624524154326
328.875208603193
329.125893054684
329.376577506178
329.627261955045
329.877946406538
330.128630858032
330.379315309526
330.629999758393
330.880684209888
331.131368661382
331.382053110251
331.632737561745
331.883422013241
332.134106462111
332.384790913606
332.635475365103
332.886159813973
333.136844265469
333.387528716967
333.638213168464
333.888897617335
334.139582068833
334.390266520331
334.640950969203
334.891635420703
335.142319872201
335.393004321074
335.643688772575
335.894373224074
336.145057672948
336.395742124449
336.646426575949
336.897111024825
337.147795476325
337.398479927828
337.649164379331
337.899848828206
338.150533279709
338.401217731211
338.651902180089
338.902586631594
339.153271083097
339.403955531975
339.654639983481
339.905324434985
340.156008883865
340.406693335372
340.657377786877
340.908062235758
341.158746687265
341.409431138772
341.660115590280
341.910800039162
342.161484490670
342.412168942180
342.662853391062
342.913537842572
343.164222294082
343.414906742965
343.665591194476
343.916275645987
344.166960094872
344.417644546385
344.668328997896
344.919013449410
345.169697898296
345.420382349810
345.671066801324
345.921751250212
346.172435701726
346.423120153242
346.673804602131
346.924489053647
347.175173505164
347.425857954054
347.676542405572
347.927226857089
348.177911305982
348.428595757499
348.679280209019
348.929964660538
349.180649109431
349.431333560953
349.682018012473
349.932702461368
350.183386912890
350.434071364412
350.684755813308
350.935440264831
351.186124716355
351.436809165253
351.687493616777
351.938178068302
352.188862517202
352.439546968727
352.690231420254
352.940915871781
353.191600320682
353.442284772210
353.692969223739
353.943653672641
354.194338124171
354.445022575700
354.695707024604
354.946391476136
355.197075927666
355.447760376572
355.698444828104
355.949129279638
356.199813731172
356.450498180078
356.701182631613
356.951867083148
357.202551532057
357.453235983594
357.703920435130
357.954604884041
358.205289335579
358.455973787117
358.706658236030
358.957342687570
359.208027139109
359.458711588023
359.709396039565
359.960080491106
  0.210764942648
  0.461449391565
  0.712133843107
  0.962818294652
  1.213502743570
  1.464187195115
  1.714871646661
  1.965556095579
  2.216240547127
  2.466924998673
  2.717609447595
  2.968293899144
  3.218978350692
  3.469662799616
  3.720347251167
  3.971031702717
  4.221716154269
  4.472400603195
  4.723085054747
  4.973769506301
  5.224453955228
  5.475138406783
  5.725822858338
  5.976507307267
  6.227191758824
  6.477876210381
  6.728560659312
  6.979245110870
  7.229929562430
  7.480614013989
  7.731298462923
  7.981982914484
  8.232667366045
  8.483351814980
  8.734036266543
  8.984720718107
  9.235405167044
  9.486089618609
  9.736774070175
  9.987458519114
 10.238142970681
 10.488827422249
 10.739511871190
 10.990196322759
 11.240880774329
 11.491565225898
 11.742249674842
 11.992934126414
 12.243618577986
 12.494303026932
 12.744987478507
 12.995671930081
 13.246356379029
 13.497040830605
 13.747725282181
 13.998409731132
 14.249094182709
 14.499778634288
 14.750463083241
 15.001147534820
 15.251831986401
 15.502516437982
 15.753200886937
 16.003885338521
 16.254569790104
 16.505254239062
 16.755938690647
 17.006623142233
 17.257307591192
 17.507992042780
 17.758676494367
 18.009360943330
 18.260045394920
 18.510729846509
 18.761414298101
 19.012098747066
 19.262783198658
 19.513467650252
 19.764152099220
 20.014836550813
 20.265521002410
 20.516205451378
 20.766889902976
 21.017574354573
 21.268258803545
 21.518943255146
 21.769627706745
 22.020312155720
 22.270996607322
 22.521681058924
 22.772365510528
 23.023049959506
 23.273734411110
 23.524418862716
 23.775103311697
 24.025787763303
 24.276472214912
 68.0
