 2460309.5  -0.0000026941   0.0000000047  -0.0023212476  -0.0000000804  -0.0000000005  -0.0000326043   0.0023212476   0.0000326044  -0.0000026946
 2460310.5  -0.0000026947   0.0000000047  -0.0023215118  -0.0000000809  -0.0000000005  -0.0000328471   0.0023215118   0.0000328472  -0.0000026953
 2460311.5  -0.0000026952   0.0000000047  -0.0023217114  -0.0000000814  -0.0000000005  -0.0000330361   0.0023217114   0.0000330362  -0.0000026957
 2460312.5  -0.0000026955   0.0000000046  -0.0023218724  -0.0000000816  -0.0000000005  -0.0000331489   0.0023218724   0.0000331490  -0.0000026961
 2460313.5  -0.0000026959   0.0000000046  -0.0023220262  -0.0000000817  -0.0000000006  -0.0000331739   0.0023220262   0.0000331740  -0.0000026965
 2460314.5  -0.0000026963   0.0000000046  -0.0023222072  -0.0000000815  -0.0000000005  -0.0000331113   0.0023222072   0.0000331114  -0.0000026969
 2460315.5  -0.0000026969   0.0000000046  -0.0023224491  -0.0000000812  -0.0000000005  -0.0000329751   0.0023224491   0.0000329752  -0.0000026974
 2460316.5  -0.0000026977   0.0000000046  -0.0023227812  -0.0000000808  -0.0000000005  -0.0000327944   0.0023227812   0.0000327945  -0.0000026982
 2460317.5  -0.0000026987   0.0000000046  -0.0023232217  -0.0000000804  -0.0000000005  -0.0000326126   0.0023232217   0.0000326127  -0.0000026992
 2460318.5  -0.0000027000   0.0000000046  -0.0023237697  -0.0000000801  -0.0000000005  -0.0000324835   0.0023237697   0.0000324836  -0.0000027005
 2460319.5  -0.0000027014   0.0000000046  -0.0023243989  -0.0000000800  -0.0000000005  -0.0000324608   0.0023243989   0.0000324609  -0.0000027019
 2460320.5  -0.0000027029   0.0000000045  -0.0023250562  -0.0000000803  -0.0000000005  -0.0000325811   0.0023250562   0.0000325812  -0.0000027035
 2460321.5  -0.0000027044   0.0000000045  -0.0023256720  -0.0000000809  -0.0000000005  -0.0000328460   0.0023256720   0.0000328461  -0.0000027049
 2460322.5  -0.0000027056   0.0000000045  -0.0023261814  -0.0000000818  -0.0000000006  -0.0000332138   0.0023261814   0.0000332139  -0.0000027061
 2460323.5  -0.0000027064   0.0000000045  -0.0023265488  -0.0000000827  -0.0000000006  -0.0000336081   0.0023265488   0.0000336082  -0.0000027070
 2460324.5  -0.0000027070   0.0000000045  -0.0023267814  -0.0000000835  -0.0000000006  -0.0000339441   0.0023267814   0.0000339442  -0.0000027075
 2460325.5  -0.0000027073   0.0000000045  -0.0023269254  -0.0000000840  -0.0000000006  -0.0000341577   0.0023269254   0.0000341578  -0.0000027079
 2460326.5  -0.0000027076   0.0000000045  -0.0023270469  -0.0000000841  -0.0000000006  -0.0000342244   0.0023270469   0.0000342245  -0.0000027082
 2460327.5  -0.0000027080   0.0000000045  -0.0023272092  -0.0000000840  -0.0000000006  -0.0000341609   0.0023272092   0.0000341610  -0.0000027085
 2460328.5  -0.0000027085   0.0000000045  -0.0023274563  -0.0000000836  -0.0000000006  -0.0000340135   0.0023274563   0.0000340136  -0.0000027091
 2460329.5  -0.0000027093   0.0000000045  -0.0023278059  -0.0000000832  -0.0000000006  -0.0000338418   0.0023278059   0.0000338419  -0.0000027099
 2460330.5  -0.0000027104   0.0000000044  -0.0023282502  -0.0000000829  -0.0000000006  -0.0000337035   0.0023282502   0.0000337036  -0.0000027109
 2460331.5  -0.0000027116   0.0000000044  -0.0023287617  -0.0000000828  -0.0000000006  -0.0000336430   0.0023287617   0.0000336432  -0.0000027121
 2460332.5  -0.0000027128   0.0000000044  -0.0023293019  -0.0000000829  -0.0000000006  -0.0000336855   0.0023293019   0.0000336856  -0.0000027134
 2460333.5  -0.0000027141   0.0000000044  -0.0023298291  -0.0000000832  -0.0000000006  -0.0000338351   0.0023298291   0.0000338352  -0.0000027146
 2460334.5  -0.0000027152   0.0000000044  -0.0023303062  -0.0000000838  -0.0000000006  -0.0000340765   0.0023303062   0.0000340766  -0.0000027157
 2460335.5  -0.0000027161   0.0000000044  -0.0023307070  -0.0000000845  -0.0000000006  -0.0000343804   0.0023307070   0.0000343805  -0.0000027167
 2460336.5  -0.0000027168   0.0000000043  -0.0023310188  -0.0000000853  -0.0000000006  -0.0000347092   0.0023310188   0.0000347093  -0.0000027174
 2460337.5  -0.0000027174   0.0000000043  -0.0023312431  -0.0000000860  -0.0000000006  -0.0000350240   0.0023312431   0.0000350241  -0.0000027180
 2460338.5  -0.0000027177   0.0000000043  -0.0023313945  -0.0000000866  -0.0000000006  -0.0000352907   0.0023313945   0.0000352908  -0.0000027183
 2460339.5  -0.0000027179   0.0000000043  -0.0023314973  -0.0000000871  -0.0000000006  -0.0000354837   0.0023314973   0.0000354838  -0.0000027186
 2460340.5  -0.0000027181   0.0000000043  -0.0023315817  -0.0000000873  -0.0000000006  -0.0000355889   0.0023315817   0.0000355890  -0.0000027188
 2460341.5  -0.0000027184   0.0000000043  -0.0023316811  -0.0000000873  -0.0000000006  -0.0000356045   0.0023316811   0.0000356047  -0.0000027190
 2460342.5  -0.0000027187   0.0000000043  -0.0023318278  -0.0000000872  -0.0000000006  -0.0000355417   0.0023318278   0.0000355418  -0.0000027193
 2460343.5  -0.0000027192   0.0000000043  -0.0023320502  -0.0000000869  -0.0000000006  -0.0000354244   0.0023320502   0.0000354245  -0.0000027199
 2460344.5  -0.0000027200   0.0000000043  -0.0023323684  -0.0000000866  -0.0000000006  -0.0000352886   0.0023323684   0.0000352887  -0.0000027206
 2460345.5  -0.0000027210   0.0000000043  -0.0023327892  -0.0000000863  -0.0000000006  -0.0000351804   0.0023327892   0.0000351805  -0.0000027216
 2460346.5  -0.0000027221   0.0000000043  -0.0023333000  -0.0000000863  -0.0000000006  -0.0000351500   0.0023333000   0.0000351502  -0.0000027228
 2460347.5  -0.0000027235   0.0000000042  -0.0023338645  -0.0000000865  -0.0000000006  -0.0000352412   0.0023338645   0.0000352413  -0.0000027241
 2460348.5  -0.0000027248   0.0000000042  -0.0023344246  -0.0000000870  -0.0000000006  -0.0000354753   0.0023344246   0.0000354754  -0.0000027254
 2460349.5  -0.0000027259   0.0000000042  -0.0023349112  -0.0000000879  -0.0000000006  -0.0000358360   0.0023349112   0.0000358361  -0.0000027266
 2460350.5  -0.0000027267   0.0000000042  -0.0023352681  -0.0000000889  -0.0000000007  -0.0000362633   0.0023352681   0.0000362634  -0.0000027274
 2460351.5  -0.0000027272   0.0000000042  -0.0023354761  -0.0000000898  -0.0000000007  -0.0000366676   0.0023354761   0.0000366677  -0.0000027279
 2460352.5  -0.0000027274   0.0000000042  -0.0023355645  -0.0000000905  -0.0000000007  -0.0000369626   0.0023355645   0.0000369627  -0.0000027281
 2460353.5  -0.0000027275   0.0000000042  -0.0023356001  -0.0000000908  -0.0000000007  -0.0000370983   0.0023356001   0.0000370984  -0.0000027282
 2460354.5  -0.0000027277   0.0000000042  -0.0023356589  -0.0000000908  -0.0000000007  -0.0000370768   0.0023356589   0.0000370770  -0.0000027283
 2460355.5  -0.0000027280   0.0000000042  -0.0023357987  -0.0000000905  -0.0000000007  -0.0000369442   0.0023357987   0.0000369444  -0.0000027287
 2460356.5  -0.0000027286   0.0000000042  -0.0023360455  -0.0000000901  -0.0000000007  -0.0000367675   0.0023360455   0.0000367676  -0.0000027292
 2460357.5  -0.0000027294   0.0000000042  -0.0023363935  -0.0000000897  -0.0000000007  -0.0000366122   0.0023363934   0.0000366124  -0.0000027300
 2460358.5  -0.0000027304   0.0000000041  -0.0023368148  -0.0000000895  -0.0000000007  -0.0000365281   0.0023368148   0.0000365282  -0.0000027310
 2460359.5  -0.0000027314   0.0000000041  -0.0023372704  -0.0000000895  -0.0000000007  -0.0000365429   0.0023372704   0.0000365430  -0.0000027321
 2460360.5  -0.0000027325   0.0000000041  -0.0023377189  -0.0000000898  -0.0000000007  -0.0000366625   0.0023377189   0.0000366626  -0.0000027331
 2460361.5  -0.0000027334   0.0000000041  -0.0023381241  -0.0000000903  -0.0000000007  -0.0000368744   0.0023381241   0.0000368745  -0.0000027341
 2460362.5  -0.0000027342   0.0000000041  -0.0023384587  -0.0000000910  -0.0000000007  -0.0000371522   0.0023384587   0.0000371523  -0.0000027349
 2460363.5  -0.0000027348   0.0000000041  -0.0023387078  -0.0000000917  -0.0000000007  -0.0000374610   0.0023387078   0.0000374611  -0.0000027355
 2460364.5  -0.0000027352   0.0000000041  -0.0023388696  -0.0000000924  -0.0000000007  -0.0000377627   0.0023388696   0.0000377628  -0.0000027359
 2460365.5  -0.0000027354   0.0000000041  -0.0023389548  -0.0000000930  -0.0000000007  -0.0000380217   0.0023389548   0.0000380218  -0.0000027361
 2460366.5  -0.0000027354   0.0000000041  -0.0023389851  -0.0000000934  -0.0000000007  -0.0000382096   0.0023389850   0.0000382097  -0.0000027362
 2460367.5  -0.0000027354   0.0000000041  -0.0023389896  -0.0000000937  -0.0000000007  -0.0000383088   0.0023389896   0.0000383090  -0.0000027362
 2460368.5  -0.0000027355   0.0000000041  -0.0023390015  -0.0000000937  -0.0000000007  -0.0000383147   0.0023390015   0.0000383148  -0.0000027362
 2460369.5  -0.0000027356   0.0000000041  -0.0023390532  -0.0000000935  -0.0000000007  -0.0000382363   0.0023390532   0.0000382364  -0.0000027363
 2460370.5  -0.0000027359   0.0000000040  -0.0023391730  -0.0000000932  -0.0000000007  -0.0000380955   0.0023391730   0.0000380957  -0.0000027366
 2460371.5  -0.0000027364   0.0000000040  -0.0023393810  -0.0000000928  -0.0000000007  -0.0000379254   0.0023393810   0.0000379255  -0.0000027371
 2460372.5  -0.0000027371   0.0000000040  -0.0023396854  -0.0000000924  -0.0000000007  -0.0000377671   0.0023396854   0.0000377672  -0.0000027378
 2460373.5  -0.0000027380   0.0000000040  -0.0023400793  -0.0000000922  -0.0000000007  -0.0000376654   0.0023400793   0.0000376655  -0.0000027387
 2460374.5  -0.0000027391   0.0000000040  -0.0023405375  -0.0000000921  -0.0000000007  -0.0000376617   0.0023405375   0.0000376618  -0.0000027398
 2460375.5  -0.0000027402   0.0000000040  -0.0023410160  -0.0000000924  -0.0000000007  -0.0000377838   0.0023410160   0.0000377840  -0.0000027409
 2460376.5  -0.0000027412   0.0000000040  -0.0023414572  -0.0000000930  -0.0000000007  -0.0000380336   0.0023414572   0.0000380338  -0.0000027419
 2460377.5  -0.0000027420   0.0000000039  -0.0023418020  -0.0000000938  -0.0000000007  -0.0000383764   0.0023418020   0.0000383766  -0.0000027428
 2460378.5  -0.0000027425   0.0000000039  -0.0023420114  -0.0000000947  -0.0000000008  -0.0000387409   0.0023420114   0.0000387410  -0.0000027433
 2460379.5  -0.0000027427   0.0000000039  -0.0023420864  -0.0000000954  -0.0000000008  -0.0000390366   0.0023420864   0.0000390367  -0.0000027434
 2460380.5  -0.0000027427   0.0000000039  -0.0023420745  -0.0000000957  -0.0000000008  -0.0000391871   0.0023420745   0.0000391872  -0.0000027434
 2460381.5  -0.0000027426   0.0000000039  -0.0023420538  -0.0000000957  -0.0000000008  -0.0000391622   0.0023420538   0.0000391623  -0.0000027434
 2460382.5  -0.0000027427   0.0000000039  -0.0023421004  -0.0000000953  -0.0000000008  -0.0000389887   0.0023421004   0.0000389889  -0.0000027435
 2460383.5  -0.0000027431   0.0000000039  -0.0023422603  -0.0000000947  -0.0000000008  -0.0000387347   0.0023422603   0.0000387348  -0.0000027438
 2460384.5  -0.0000027437   0.0000000039  -0.0023425391  -0.0000000941  -0.0000000007  -0.0000384788   0.0023425391   0.0000384789  -0.0000027445
 2460385.5  -0.0000027446   0.0000000039  -0.0023429103  -0.0000000936  -0.0000000007  -0.0000382856   0.0023429103   0.0000382857  -0.0000027454
 2460386.5  -0.0000027456   0.0000000039  -0.0023433300  -0.0000000934  -0.0000000007  -0.0000381924   0.0023433300   0.0000381925  -0.0000027463
 2460387.5  -0.0000027466   0.0000000039  -0.0023437519  -0.0000000934  -0.0000000007  -0.0000382094   0.0023437519   0.0000382096  -0.0000027473
 2460388.5  -0.0000027475   0.0000000039  -0.0023441360  -0.0000000937  -0.0000000007  -0.0000383250   0.0023441360   0.0000383251  -0.0000027482
 2460389.5  -0.0000027482   0.0000000038  -0.0023444535  -0.0000000941  -0.0000000007  -0.0000385129   0.0023444535   0.0000385130  -0.0000027490
 2460390.5  -0.0000027488   0.0000000038  -0.0023446882  -0.0000000947  -0.0000000008  -0.0000387384   0.0023446882   0.0000387385  -0.0000027495
 2460391.5  -0.0000027491   0.0000000038  -0.0023448367  -0.0000000952  -0.0000000008  -0.0000389642   0.0023448367   0.0000389643  -0.0000027499
 2460392.5  -0.0000027493   0.0000000038  -0.0023449076  -0.0000000956  -0.0000000008  -0.0000391543   0.0023449076   0.0000391545  -0.0000027501
 2460393.5  -0.0000027493   0.0000000038  -0.0023449198  -0.0000000959  -0.0000000008  -0.0000392787   0.0023449198   0.0000392789  -0.0000027501
 2460394.5  -0.0000027493   0.0000000038  -0.0023449011  -0.0000000960  -0.0000000008  -0.0000393166   0.0023449011   0.0000393168  -0.0000027501
 2460395.5  -0.0000027492   0.0000000038  -0.0023448838  -0.0000000959  -0.0000000008  -0.0000392597   0.0023448838   0.0000392598  -0.0000027500
 2460396.5  -0.0000027493   0.0000000038  -0.0023449016  -0.0000000955  -0.0000000008  -0.0000391136   0.0023449016   0.0000391137  -0.0000027501
 2460397.5  -0.0000027495   0.0000000038  -0.0023449841  -0.0000000950  -0.0000000008  -0.0000388980   0.0023449841   0.0000388982  -0.0000027502
 2460398.5  -0.0000027499   0.0000000038  -0.0023451531  -0.0000000944  -0.0000000007  -0.0000386450   0.0023451531   0.0000386451  -0.0000027506
 2460399.5  -0.0000027505   0.0000000038  -0.0023454178  -0.0000000939  -0.0000000007  -0.0000383948   0.0023454178   0.0000383949  -0.0000027512
 2460400.5  -0.0000027513   0.0000000038  -0.0023457726  -0.0000000934  -0.0000000007  -0.0000381905   0.0023457726   0.0000381906  -0.0000027521
 2460401.5  -0.0000027523   0.0000000038  -0.0023461958  -0.0000000931  -0.0000000007  -0.0000380717   0.0023461958   0.0000380718  -0.0000027530
 2460402.5  -0.0000027534   0.0000000038  -0.0023466503  -0.0000000931  -0.0000000007  -0.0000380661   0.0023466503   0.0000380662  -0.0000027541
 2460403.5  -0.0000027544   0.0000000037  -0.0023470872  -0.0000000934  -0.0000000007  -0.0000381809   0.0023470872   0.0000381810  -0.0000027551
 2460404.5  -0.0000027553   0.0000000037  -0.0023474548  -0.0000000939  -0.0000000007  -0.0000383956   0.0023474548   0.0000383957  -0.0000027560
 2460405.5  -0.0000027559   0.0000000037  -0.0023477116  -0.0000000945  -0.0000000007  -0.0000386590   0.0023477115   0.0000386591  -0.0000027566
 2460406.5  -0.0000027562   0.0000000037  -0.0023478421  -0.0000000950  -0.0000000008  -0.0000388956   0.0023478421   0.0000388957  -0.0000027569
 2460407.5  -0.0000027562   0.0000000037  -0.0023478696  -0.0000000953  -0.0000000008  -0.0000390260   0.0023478696   0.0000390261  -0.0000027570
 2460408.5  -0.0000027562   0.0000000037  -0.0023478549  -0.0000000953  -0.0000000008  -0.0000389951   0.0023478549   0.0000389953  -0.0000027570
 2460409.5  -0.0000027563   0.0000000037  -0.0023478766  -0.0000000948  -0.0000000008  -0.0000387973   0.0023478766   0.0000387974  -0.0000027570
 2460410.5  -0.0000027566   0.0000000037  -0.0023480010  -0.0000000941  -0.0000000007  -0.0000384794   0.0023480010   0.0000384796  -0.0000027573
 2460411.5  -0.0000027572   0.0000000037  -0.0023482574  -0.0000000932  -0.0000000007  -0.0000381212   0.0023482574   0.0000381213  -0.0000027579
 2460412.5  -0.0000027580   0.0000000037  -0.0023486326  -0.0000000925  -0.0000000007  -0.0000378030   0.0023486326   0.0000378031  -0.0000027588
 2460413.5  -0.0000027591   0.0000000037  -0.0023490836  -0.0000000920  -0.0000000007  -0.0000375814   0.0023490836   0.0000375815  -0.0000027598
 2460414.5  -0.0000027602   0.0000000037  -0.0023495563  -0.0000000917  -0.0000000007  -0.0000374793   0.0023495563   0.0000374794  -0.0000027609
 2460415.5  -0.0000027613   0.0000000036  -0.0023500018  -0.0000000917  -0.0000000007  -0.0000374903   0.0023500018   0.0000374904  -0.0000027620
 2460416.5  -0.0000027622   0.0000000036  -0.0023503844  -0.0000000920  -0.0000000007  -0.0000375879   0.0023503844   0.0000375880  -0.0000027629
 2460417.5  -0.0000027629   0.0000000036  -0.0023506841  -0.0000000923  -0.0000000007  -0.0000377356   0.0023506841   0.0000377357  -0.0000027636
 2460418.5  -0.0000027634   0.0000000036  -0.0023508957  -0.0000000927  -0.0000000007  -0.0000378941   0.0023508957   0.0000378942  -0.0000027641
 2460419.5  -0.0000027637   0.0000000036  -0.0023510265  -0.0000000930  -0.0000000007  -0.0000380263   0.0023510265   0.0000380264  -0.0000027644
 2460420.5  -0.0000027638   0.0000000036  -0.0023510942  -0.0000000932  -0.0000000007  -0.0000381007   0.0023510942   0.0000381008  -0.0000027646
 2460421.5  -0.0000027639   0.0000000036  -0.0023511247  -0.0000000932  -0.0000000007  -0.0000380945   0.0023511247   0.0000380946  -0.0000027646
 2460422.5  -0.0000027640   0.0000000036  -0.0023511496  -0.0000000929  -0.0000000007  -0.0000379957   0.0023511496   0.0000379959  -0.0000027647
 2460423.5  -0.0000027641   0.0000000036  -0.0023512029  -0.0000000925  -0.0000000007  -0.0000378059   0.0023512029   0.0000378061  -0.0000027648
 2460424.5  -0.0000027643   0.0000000036  -0.0023513165  -0.0000000919  -0.0000000007  -0.0000375410   0.0023513165   0.0000375411  -0.0000027651
 2460425.5  -0.0000027648   0.0000000036  -0.0023515153  -0.0000000911  -0.0000000007  -0.0000372305   0.0023515153   0.0000372307  -0.0000027655
 2460426.5  -0.0000027655   0.0000000036  -0.0023518120  -0.0000000904  -0.0000000007  -0.0000369147   0.0023518120   0.0000369148  -0.0000027662
 2460427.5  -0.0000027664   0.0000000036  -0.0023522037  -0.0000000897  -0.0000000007  -0.0000366383   0.0023522037   0.0000366384  -0.0000027671
 2460428.5  -0.0000027675   0.0000000035  -0.0023526697  -0.0000000893  -0.0000000007  -0.0000364427   0.0023526697   0.0000364428  -0.0000027682
 2460429.5  -0.0000027687   0.0000000035  -0.0023531740  -0.0000000891  -0.0000000007  -0.0000363573   0.0023531739   0.0000363574  -0.0000027694
 2460430.5  -0.0000027699   0.0000000035  -0.0023536696  -0.0000000892  -0.0000000007  -0.0000363914   0.0023536696   0.0000363915  -0.0000027705
 2460431.5  -0.0000027709   0.0000000035  -0.0023541080  -0.0000000895  -0.0000000007  -0.0000365289   0.0023541080   0.0000365290  -0.0000027716
 2460432.5  -0.0000027717   0.0000000035  -0.0023544493  -0.0000000899  -0.0000000007  -0.0000367273   0.0023544493   0.0000367274  -0.0000027724
 2460433.5  -0.0000027723   0.0000000035  -0.0023546748  -0.0000000904  -0.0000000007  -0.0000369233   0.0023546748   0.0000369234  -0.0000027729
 2460434.5  -0.0000027725   0.0000000035  -0.0023547958  -0.0000000907  -0.0000000007  -0.0000370459   0.0023547958   0.0000370460  -0.0000027732
 2460435.5  -0.0000027727   0.0000000035  -0.0023548559  -0.0000000907  -0.0000000007  -0.0000370365   0.0023548559   0.0000370366  -0.0000027734
 2460436.5  -0.0000027728   0.0000000035  -0.0023549223  -0.0000000903  -0.0000000007  -0.0000368699   0.0023549223   0.0000368700  -0.0000027735
 2460437.5  -0.0000027732   0.0000000034  -0.0023550646  -0.0000000896  -0.0000000007  -0.0000365667   0.0023550646   0.0000365668  -0.0000027738
 2460438.5  -0.0000027738   0.0000000034  -0.0023553305  -0.0000000887  -0.0000000007  -0.0000361885   0.0023553305   0.0000361886  -0.0000027744
 2460439.5  -0.0000027747   0.0000000034  -0.0023557291  -0.0000000878  -0.0000000006  -0.0000358160   0.0023557291   0.0000358161  -0.0000027754
 2460440.5  -0.0000027759   0.0000000034  -0.0023562313  -0.0000000871  -0.0000000006  -0.0000355209   0.0023562313   0.0000355210  -0.0000027765
 2460441.5  -0.0000027772   0.0000000034  -0.0023567842  -0.0000000867  -0.0000000006  -0.0000353456   0.0023567842   0.0000353457  -0.0000027778
 2460442.5  -0.0000027785   0.0000000034  -0.0023573303  -0.0000000866  -0.0000000006  -0.0000352975   0.0023573303   0.0000352976  -0.0000027791
 2460443.5  -0.0000027797   0.0000000034  -0.0023578230  -0.0000000867  -0.0000000006  -0.0000353558   0.0023578230   0.0000353559  -0.0000027803
 2460444.5  -0.0000027806   0.0000000033  -0.0023582335  -0.0000000870  -0.0000000006  -0.0000354831   0.0023582335   0.0000354832  -0.0000027813
 2460445.5  -0.0000027814   0.0000000033  -0.0023585511  -0.0000000874  -0.0000000006  -0.0000356368   0.0023585511   0.0000356369  -0.0000027820
 2460446.5  -0.0000027819   0.0000000033  -0.0023587810  -0.0000000877  -0.0000000006  -0.0000357762   0.0023587810   0.0000357763  -0.0000027826
 2460447.5  -0.0000027823   0.0000000033  -0.0023589396  -0.0000000879  -0.0000000006  -0.0000358672   0.0023589396   0.0000358673  -0.0000027829
 2460448.5  -0.0000027826   0.0000000033  -0.0023590521  -0.0000000880  -0.0000000006  -0.0000358847   0.0023590521   0.0000358848  -0.0000027832
 2460449.5  -0.0000027828   0.0000000033  -0.0023591491  -0.0000000878  -0.0000000006  -0.0000358141   0.0023591491   0.0000358142  -0.0000027834
 2460450.5  -0.0000027831   0.0000000033  -0.0023592644  -0.0000000874  -0.0000000006  -0.0000356533   0.0023592644   0.0000356534  -0.0000027837
 2460451.5  -0.0000027835   0.0000000033  -0.0023594308  -0.0000000868  -0.0000000006  -0.0000354133   0.0023594308   0.0000354134  -0.0000027841
 2460452.5  -0.0000027840   0.0000000033  -0.0023596769  -0.0000000862  -0.0000000006  -0.0000351194   0.0023596769   0.0000351195  -0.0000027847
 2460453.5  -0.0000027849   0.0000000033  -0.0023600205  -0.0000000854  -0.0000000006  -0.0000348094   0.0023600205   0.0000348095  -0.0000027855
 2460454.5  -0.0000027859   0.0000000033  -0.0023604645  -0.0000000848  -0.0000000006  -0.0000345289   0.0023604645   0.0000345290  -0.0000027865
 2460455.5  -0.0000027871   0.0000000032  -0.0023609924  -0.0000000843  -0.0000000006  -0.0000343235   0.0023609924   0.0000343236  -0.0000027877
 2460456.5  -0.0000027885   0.0000000032  -0.0023615690  -0.0000000841  -0.0000000006  -0.0000342287   0.0023615690   0.0000342288  -0.0000027891
 2460457.5  -0.0000027899   0.0000000032  -0.0023621460  -0.0000000841  -0.0000000006  -0.0000342589   0.0023621460   0.0000342590  -0.0000027905
 2460458.5  -0.0000027911   0.0000000032  -0.0023626714  -0.0000000845  -0.0000000006  -0.0000344015   0.0023626714   0.0000344016  -0.0000027917
 2460459.5  -0.0000027921   0.0000000032  -0.0023631026  -0.0000000850  -0.0000000006  -0.0000346163   0.0023631026   0.0000346164  -0.0000027927
 2460460.5  -0.0000027929   0.0000000032  -0.0023634183  -0.0000000855  -0.0000000006  -0.0000348427   0.0023634183   0.0000348428  -0.0000027935
 2460461.5  -0.0000027934   0.0000000031  -0.0023636259  -0.0000000859  -0.0000000006  -0.0000350132   0.0023636259   0.0000350133  -0.0000027940
 2460462.5  -0.0000027937   0.0000000031  -0.0023637621  -0.0000000860  -0.0000000006  -0.0000350712   0.0023637621   0.0000350713  -0.0000027943
 2460463.5  -0.0000027940   0.0000000031  -0.0023638852  -0.0000000858  -0.0000000006  -0.0000349868   0.0023638852   0.0000349869  -0.0000027946
 2460464.5  -0.0000027944   0.0000000031  -0.0023640595  -0.0000000853  -0.0000000006  -0.0000347676   0.0023640595   0.0000347677  -0.0000027950
 2460465.5  -0.0000027950   0.0000000031  -0.0023643371  -0.0000000846  -0.0000000006  -0.0000344579   0.0023643371   0.0000344580  -0.0000027956
 2460466.5  -0.0000027960   0.0000000031  -0.0023647414  -0.0000000838  -0.0000000006  -0.0000341266   0.0023647414   0.0000341267  -0.0000027966
 2460467.5  -0.0000027972   0.0000000031  -0.0023652609  -0.0000000831  -0.0000000006  -0.0000338461   0.0023652609   0.0000338462  -0.0000027978
 2460468.5  -0.0000027986   0.0000000031  -0.0023658544  -0.0000000827  -0.0000000006  -0.0000336708   0.0023658544   0.0000336709  -0.0000027992
 2460469.5  -0.0000028001   0.0000000031  -0.0023664661  -0.0000000826  -0.0000000006  -0.0000336247   0.0023664660   0.0000336248  -0.0000028007
 2460470.5  -0.0000028014   0.0000000030  -0.0023670419  -0.0000000828  -0.0000000006  -0.0000336994   0.0023670419   0.0000336995  -0.0000028020
 2460471.5  -0.0000028026   0.0000000030  -0.0023675426  -0.0000000832  -0.0000000006  -0.0000338630   0.0023675426   0.0000338631  -0.0000028032
 2460472.5  -0.0000028036   0.0000000030  -0.0023679484  -0.0000000837  -0.0000000006  -0.0000340718   0.0023679484   0.0000340719  -0.0000028042
 2460473.5  -0.0000028043   0.0000000030  -0.0023682583  -0.0000000842  -0.0000000006  -0.0000342810   0.0023682583   0.0000342811  -0.0000028049
 2460474.5  -0.0000028049   0.0000000030  -0.0023684863  -0.0000000846  -0.0000000006  -0.0000344522   0.0023684863   0.0000344523  -0.0000028055
 2460475.5  -0.0000028053   0.0000000030  -0.0023686566  -0.0000000848  -0.0000000006  -0.0000345566   0.0023686566   0.0000345567  -0.0000028059
 2460476.5  -0.0000028056   0.0000000030  -0.0023687992  -0.0000000849  -0.0000000006  -0.0000345769   0.0023687992   0.0000345770  -0.0000028062
 2460477.5  -0.0000028060   0.0000000030  -0.0023689474  -0.0000000847  -0.0000000006  -0.0000345081   0.0023689474   0.0000345082  -0.0000028066
 2460478.5  -0.0000028064   0.0000000030  -0.0023691344  -0.0000000844  -0.0000000006  -0.0000343573   0.0023691344   0.0000343574  -0.0000028070
 2460479.5  -0.0000028070   0.0000000030  -0.0023693901  -0.0000000839  -0.0000000006  -0.0000341448   0.0023693901   0.0000341449  -0.0000028076
 2460480.5  -0.0000028078   0.0000000029  -0.0023697371  -0.0000000833  -0.0000000006  -0.0000339035   0.0023697371   0.0000339036  -0.0000028084
 2460481.5  -0.0000028089   0.0000000029  -0.0023701850  -0.0000000827  -0.0000000006  -0.0000336763   0.0023701850   0.0000336764  -0.0000028095
 2460482.5  -0.0000028102   0.0000000029  -0.0023707258  -0.0000000824  -0.0000000006  -0.0000335110   0.0023707258   0.0000335111  -0.0000028107
 2460483.5  -0.0000028116   0.0000000029  -0.0023713306  -0.0000000822  -0.0000000006  -0.0000334499   0.0023713306   0.0000334500  -0.0000028122
 2460484.5  -0.0000028131   0.0000000029  -0.0023719520  -0.0000000824  -0.0000000006  -0.0000335180   0.0023719520   0.0000335181  -0.0000028136
 2460485.5  -0.0000028145   0.0000000028  -0.0023725329  -0.0000000828  -0.0000000006  -0.0000337117   0.0023725329   0.0000337118  -0.0000028150
 2460486.5  -0.0000028156   0.0000000028  -0.0023730222  -0.0000000835  -0.0000000006  -0.0000339949   0.0023730222   0.0000339950  -0.0000028162
 2460487.5  -0.0000028165   0.0000000028  -0.0023733900  -0.0000000842  -0.0000000006  -0.0000343057   0.0023733900   0.0000343058  -0.0000028171
 2460488.5  -0.0000028171   0.0000000028  -0.0023736382  -0.0000000849  -0.0000000006  -0.0000345722   0.0023736382   0.0000345723  -0.0000028177
 2460489.5  -0.0000028175   0.0000000028  -0.0023738010  -0.0000000853  -0.0000000006  -0.0000347334   0.0023738010   0.0000347336  -0.0000028181
 2460490.5  -0.0000028178   0.0000000028  -0.0023739353  -0.0000000853  -0.0000000006  -0.0000347562   0.0023739353   0.0000347563  -0.0000028184
 2460491.5  -0.0000028182   0.0000000028  -0.0023741042  -0.0000000850  -0.0000000006  -0.0000346439   0.0023741042   0.0000346440  -0.0000028188
 2460492.5  -0.0000028188   0.0000000028  -0.0023743598  -0.0000000845  -0.0000000006  -0.0000344342   0.0023743598   0.0000344343  -0.0000028194
 2460493.5  -0.0000028197   0.0000000028  -0.0023747303  -0.0000000840  -0.0000000006  -0.0000341880   0.0023747303   0.0000341881  -0.0000028203
 2460494.5  -0.0000028208   0.0000000028  -0.0023752136  -0.0000000834  -0.0000000006  -0.0000339725   0.0023752136   0.0000339726  -0.0000028214
 2460495.5  -0.0000028222   0.0000000027  -0.0023757799  -0.0000000831  -0.0000000006  -0.0000338441   0.0023757799   0.0000338442  -0.0000028227
 2460496.5  -0.0000028236   0.0000000027  -0.0023763814  -0.0000000831  -0.0000000006  -0.0000338352   0.0023763814   0.0000338353  -0.0000028242
 2460497.5  -0.0000028250   0.0000000027  -0.0023769653  -0.0000000834  -0.0000000006  -0.0000339496   0.0023769653   0.0000339497  -0.0000028256
 2460498.5  -0.0000028262   0.0000000027  -0.0023774870  -0.0000000839  -0.0000000006  -0.0000341648   0.0023774870   0.0000341649  -0.0000028268
 2460499.5  -0.0000028273   0.0000000027  -0.0023779182  -0.0000000846  -0.0000000006  -0.0000344414   0.0023779182   0.0000344415  -0.0000028278
 2460500.5  -0.0000028280   0.0000000027  -0.0023782500  -0.0000000853  -0.0000000006  -0.0000347338   0.0023782500   0.0000347339  -0.0000028286
 2460501.5  -0.0000028286   0.0000000026  -0.0023784907  -0.0000000859  -0.0000000006  -0.0000349994   0.0023784907   0.0000349995  -0.0000028292
 2460502.5  -0.0000028290   0.0000000026  -0.0023786618  -0.0000000864  -0.0000000006  -0.0000352047   0.0023786618   0.0000352048  -0.0000028296
 2460503.5  -0.0000028293   0.0000000026  -0.0023787927  -0.0000000867  -0.0000000006  -0.0000353286   0.0023787927   0.0000353287  -0.0000028300
 2460504.5  -0.0000028296   0.0000000026  -0.0023789165  -0.0000000868  -0.0000000006  -0.0000353629   0.0023789165   0.0000353630  -0.0000028303
 2460505.5  -0.0000028300   0.0000000026  -0.0023790662  -0.0000000866  -0.0000000006  -0.0000353120   0.0023790662   0.0000353121  -0.0000028306
 2460506.5  -0.0000028305   0.0000000026  -0.0023792721  -0.0000000863  -0.0000000006  -0.0000351925   0.0023792721   0.0000351926  -0.0000028311
 2460507.5  -0.0000028312   0.0000000026  -0.0023795587  -0.0000000860  -0.0000000006  -0.0000350322   0.0023795587   0.0000350323  -0.0000028318
 2460508.5  -0.0000028321   0.0000000026  -0.0023799405  -0.0000000856  -0.0000000006  -0.0000348692   0.0023799405   0.0000348694  -0.0000028327
 2460509.5  -0.0000028332   0.0000000026  -0.0023804179  -0.0000000853  -0.0000000006  -0.0000347484   0.0023804179   0.0000347485  -0.0000028338
 2460510.5  -0.0000028345   0.0000000026  -0.0023809724  -0.0000000852  -0.0000000006  -0.0000347150   0.0023809724   0.0000347151  -0.0000028351
 2460511.5  -0.0000028359   0.0000000025  -0.0023815650  -0.0000000854  -0.0000000006  -0.0000348036   0.0023815650   0.0000348037  -0.0000028365
 2460512.5  -0.0000028373   0.0000000025  -0.0023821402  -0.0000000859  -0.0000000006  -0.0000350255   0.0023821402   0.0000350256  -0.0000028379
 2460513.5  -0.0000028385   0.0000000025  -0.0023826386  -0.0000000867  -0.0000000006  -0.0000353579   0.0023826386   0.0000353580  -0.0000028391
 2460514.5  -0.0000028394   0.0000000025  -0.0023830156  -0.0000000877  -0.0000000006  -0.0000357434   0.0023830155   0.0000357435  -0.0000028400
 2460515.5  -0.0000028400   0.0000000025  -0.0023832590  -0.0000000885  -0.0000000007  -0.0000361038   0.0023832590   0.0000361039  -0.0000028406
 2460516.5  -0.0000028403   0.0000000025  -0.0023833961  -0.0000000891  -0.0000000007  -0.0000363653   0.0023833961   0.0000363654  -0.0000028410
 2460517.5  -0.0000028405   0.0000000025  -0.0023834845  -0.0000000894  -0.0000000007  -0.0000364827   0.0023834845   0.0000364828  -0.0000028412
 2460518.5  -0.0000028408   0.0000000025  -0.0023835926  -0.0000000894  -0.0000000007  -0.0000364530   0.0023835926   0.0000364531  -0.0000028414
 2460519.5  -0.0000028412   0.0000000025  -0.0023837780  -0.0000000890  -0.0000000007  -0.0000363124   0.0023837780   0.0000363125  -0.0000028419
 2460520.5  -0.0000028419   0.0000000024  -0.0023840725  -0.0000000886  -0.0000000007  -0.0000361222   0.0023840725   0.0000361223  -0.0000028426
 2460521.5  -0.0000028429   0.0000000024  -0.0023844775  -0.0000000882  -0.0000000006  -0.0000359494   0.0023844775   0.0000359495  -0.0000028435
 2460522.5  -0.0000028440   0.0000000024  -0.0023849680  -0.0000000879  -0.0000000006  -0.0000358508   0.0023849680   0.0000358509  -0.0000028447
 2460523.5  -0.0000028453   0.0000000024  -0.0023855013  -0.0000000879  -0.0000000006  -0.0000358615   0.0023855013   0.0000358616  -0.0000028460
 2460524.5  -0.0000028466   0.0000000024  -0.0023860288  -0.0000000883  -0.0000000006  -0.0000359910   0.0023860288   0.0000359911  -0.0000028472
 2460525.5  -0.0000028477   0.0000000024  -0.0023865060  -0.0000000888  -0.0000000007  -0.0000362243   0.0023865060   0.0000362244  -0.0000028484
 2460526.5  -0.0000028487   0.0000000023  -0.0023869011  -0.0000000895  -0.0000000007  -0.0000365281   0.0023869011   0.0000365282  -0.0000028493
 2460527.5  -0.0000028494   0.0000000023  -0.0023871989  -0.0000000903  -0.0000000007  -0.0000368594   0.0023871989   0.0000368596  -0.0000028500
 2460528.5  -0.0000028498   0.0000000023  -0.0023874018  -0.0000000911  -0.0000000007  -0.0000371747   0.0023874018   0.0000371748  -0.0000028505
 2460529.5  -0.0000028501   0.0000000023  -0.0023875268  -0.0000000917  -0.0000000007  -0.0000374366   0.0023875268   0.0000374367  -0.0000028508
 2460530.5  -0.0000028503   0.0000000023  -0.0023876011  -0.0000000921  -0.0000000007  -0.0000376197   0.0023876011   0.0000376198  -0.0000028510
 2460531.5  -0.0000028505   0.0000000023  -0.0023876573  -0.0000000924  -0.0000000007  -0.0000377118   0.0023876573   0.0000377119  -0.0000028512
 2460532.5  -0.0000028506   0.0000000023  -0.0023877287  -0.0000000924  -0.0000000007  -0.0000377143   0.0023877287   0.0000377144  -0.0000028513
 2460533.5  -0.0000028509   0.0000000023  -0.0023878461  -0.0000000922  -0.0000000007  -0.0000376414   0.0023878461   0.0000376415  -0.0000028516
 2460534.5  -0.0000028514   0.0000000023  -0.0023880342  -0.0000000919  -0.0000000007  -0.0000375178   0.0023880342   0.0000375179  -0.0000028521
 2460535.5  -0.0000028520   0.0000000023  -0.0023883096  -0.0000000916  -0.0000000007  -0.0000373774   0.0023883096   0.0000373775  -0.0000028527
 2460536.5  -0.0000028529   0.0000000023  -0.0023886773  -0.0000000913  -0.0000000007  -0.0000372603   0.0023886773   0.0000372604  -0.0000028536
 2460537.5  -0.0000028540   0.0000000023  -0.0023891273  -0.0000000912  -0.0000000007  -0.0000372093   0.0023891273   0.0000372094  -0.0000028547
 2460538.5  -0.0000028552   0.0000000022  -0.0023896319  -0.0000000913  -0.0000000007  -0.0000372622   0.0023896319   0.0000372623  -0.0000028559
 2460539.5  -0.0000028564   0.0000000022  -0.0023901459  -0.0000000917  -0.0000000007  -0.0000374417   0.0023901459   0.0000374418  -0.0000028571
 2460540.5  -0.0000028575   0.0000000022  -0.0023906117  -0.0000000924  -0.0000000007  -0.0000377434   0.0023906117   0.0000377435  -0.0000028582
 2460541.5  -0.0000028584   0.0000000022  -0.0023909748  -0.0000000934  -0.0000000007  -0.0000381268   0.0023909748   0.0000381270  -0.0000028591
 2460542.5  -0.0000028589   0.0000000022  -0.0023912029  -0.0000000943  -0.0000000007  -0.0000385191   0.0023912029   0.0000385192  -0.0000028597
 2460543.5  -0.0000028592   0.0000000022  -0.0023913041  -0.0000000950  -0.0000000008  -0.0000388347   0.0023913041   0.0000388348  -0.0000028599
 2460544.5  -0.0000028592   0.0000000022  -0.0023913281  -0.0000000955  -0.0000000008  -0.0000390066   0.0023913281   0.0000390067  -0.0000028600
 2460545.5  -0.0000028593   0.0000000022  -0.0023913494  -0.0000000955  -0.0000000008  -0.0000390123   0.0023913494   0.0000390124  -0.0000028600
 2460546.5  -0.0000028595   0.0000000022  -0.0023914385  -0.0000000952  -0.0000000008  -0.0000388803   0.0023914385   0.0000388804  -0.0000028602
 2460547.5  -0.0000028600   0.0000000022  -0.0023916384  -0.0000000947  -0.0000000007  -0.0000386750   0.0023916384   0.0000386751  -0.0000028607
 2460548.5  -0.0000028607   0.0000000022  -0.0023919559  -0.0000000942  -0.0000000007  -0.0000384714   0.0023919559   0.0000384715  -0.0000028615
 2460549.5  -0.0000028617   0.0000000021  -0.0023923668  -0.0000000938  -0.0000000007  -0.0000383333   0.0023923668   0.0000383334  -0.0000028624
 2460550.5  -0.0000028628   0.0000000021  -0.0023928280  -0.0000000938  -0.0000000007  -0.0000383000   0.0023928280   0.0000383002  -0.0000028636
 2460551.5  -0.0000028639   0.0000000021  -0.0023932908  -0.0000000940  -0.0000000007  -0.0000383837   0.0023932908   0.0000383839  -0.0000028647
 2460552.5  -0.0000028649   0.0000000021  -0.0023937110  -0.0000000944  -0.0000000007  -0.0000385723   0.0023937110   0.0000385725  -0.0000028657
 2460553.5  -0.0000028658   0.0000000021  -0.0023940560  -0.0000000950  -0.0000000008  -0.0000388360   0.0023940560   0.0000388362  -0.0000028665
 2460554.5  -0.0000028664   0.0000000021  -0.0023943083  -0.0000000958  -0.0000000008  -0.0000391349   0.0023943083   0.0000391350  -0.0000028671
 2460555.5  -0.0000028667   0.0000000021  -0.0023944662  -0.0000000965  -0.0000000008  -0.0000394262   0.0023944662   0.0000394263  -0.0000028675
 2460556.5  -0.0000028669   0.0000000021  -0.0023945427  -0.0000000970  -0.0000000008  -0.0000396716   0.0023945427   0.0000396717  -0.0000028677
 2460557.5  -0.0000028670   0.0000000021  -0.0023945618  -0.0000000975  -0.0000000008  -0.0000398419   0.0023945618   0.0000398421  -0.0000028678
 2460558.5  -0.0000028670   0.0000000021  -0.0023945548  -0.0000000976  -0.0000000008  -0.0000399211   0.0023945548   0.0000399212  -0.0000028677
 2460559.5  -0.0000028670   0.0000000021  -0.0023945553  -0.0000000976  -0.0000000008  -0.0000399068   0.0023945553   0.0000399070  -0.0000028677
 2460560.5  -0.0000028670   0.0000000021  -0.0023945947  -0.0000000974  -0.0000000008  -0.0000398105   0.0023945947   0.0000398106  -0.0000028678
 2460561.5  -0.0000028673   0.0000000020  -0.0023946988  -0.0000000970  -0.0000000008  -0.0000396550   0.0023946988   0.0000396551  -0.0000028681
 2460562.5  -0.0000028677   0.0000000020  -0.0023948851  -0.0000000966  -0.0000000008  -0.0000394721   0.0023948851   0.0000394723  -0.0000028685
 2460563.5  -0.0000028684   0.0000000020  -0.0023951600  -0.0000000962  -0.0000000008  -0.0000392993   0.0023951600   0.0000392994  -0.0000028692
 2460564.5  -0.0000028693   0.0000000020  -0.0023955174  -0.0000000959  -0.0000000008  -0.0000391758   0.0023955174   0.0000391759  -0.0000028700
 2460565.5  -0.0000028703   0.0000000020  -0.0023959370  -0.0000000958  -0.0000000008  -0.0000391378   0.0023959370   0.0000391379  -0.0000028710
 2460566.5  -0.0000028713   0.0000000020  -0.0023963837  -0.0000000959  -0.0000000008  -0.0000392112   0.0023963837   0.0000392113  -0.0000028721
 2460567.5  -0.0000028724   0.0000000020  -0.0023968100  -0.0000000964  -0.0000000008  -0.0000394031   0.0023968100   0.0000394033  -0.0000028731
 2460568.5  -0.0000028732   0.0000000019  -0.0023971635  -0.0000000971  -0.0000000008  -0.0000396924   0.0023971635   0.0000396925  -0.0000028740
 2460569.5  -0.0000028738   0.0000000019  -0.0023974016  -0.0000000979  -0.0000000008  -0.0000400251   0.0023974016   0.0000400252  -0.0000028746
 2460570.5  -0.0000028740   0.0000000019  -0.0023975097  -0.0000000986  -0.0000000008  -0.0000403216   0.0023975097   0.0000403217  -0.0000028748
 2460571.5  -0.0000028740   0.0000000019  -0.0023975152  -0.0000000990  -0.0000000008  -0.0000404999   0.0023975152   0.0000405000  -0.0000028749
 2460572.5  -0.0000028740   0.0000000019  -0.0023974845  -0.0000000991  -0.0000000008  -0.0000405081   0.0023974845   0.0000405082  -0.0000028748
 2460573.5  -0.0000028740   0.0000000019  -0.0023974991  -0.0000000987  -0.0000000008  -0.0000403484   0.0023974991   0.0000403485  -0.0000028748
 2460574.5  -0.0000028743   0.0000000019  -0.0023976229  -0.0000000980  -0.0000000008  -0.0000400766   0.0023976229   0.0000400767  -0.0000028751
 2460575.5  -0.0000028749   0.0000000019  -0.0023978795  -0.0000000973  -0.0000000008  -0.0000397764   0.0023978795   0.0000397766  -0.0000028757
 2460576.5  -0.0000028758   0.0000000019  -0.0023982503  -0.0000000967  -0.0000000008  -0.0000395277   0.0023982503   0.0000395278  -0.0000028766
 2460577.5  -0.0000028769   0.0000000019  -0.0023986891  -0.0000000964  -0.0000000008  -0.0000393829   0.0023986891   0.0000393830  -0.0000028776
 2460578.5  -0.0000028779   0.0000000019  -0.0023991411  -0.0000000963  -0.0000000008  -0.0000393610   0.0023991411   0.0000393611  -0.0000028787
 2460579.5  -0.0000028789   0.0000000019  -0.0023995571  -0.0000000965  -0.0000000008  -0.0000394518   0.0023995571   0.0000394519  -0.0000028797
 2460580.5  -0.0000028798   0.0000000018  -0.0023999017  -0.0000000969  -0.0000000008  -0.0000396254   0.0023999017   0.0000396255  -0.0000028806
 2460581.5  -0.0000028804   0.0000000018  -0.0024001557  -0.0000000975  -0.0000000008  -0.0000398417   0.0024001557   0.0000398418  -0.0000028812
 2460582.5  -0.0000028808   0.0000000018  -0.0024003160  -0.0000000980  -0.0000000008  -0.0000400583   0.0024003160   0.0000400584  -0.0000028816
 2460583.5  -0.0000028809   0.0000000018  -0.0024003934  -0.0000000984  -0.0000000008  -0.0000402364   0.0024003934   0.0000402365  -0.0000028818
 2460584.5  -0.0000028810   0.0000000018  -0.0024004096  -0.0000000987  -0.0000000008  -0.0000403453   0.0024004096   0.0000403454  -0.0000028818
 2460585.5  -0.0000028810   0.0000000018  -0.0024003941  -0.0000000987  -0.0000000008  -0.0000403656   0.0024003941   0.0000403657  -0.0000028818
 2460586.5  -0.0000028809   0.0000000018  -0.0024003802  -0.0000000985  -0.0000000008  -0.0000402913   0.0024003801   0.0000402914  -0.0000028817
 2460587.5  -0.0000028810   0.0000000018  -0.0024004001  -0.0000000982  -0.0000000008  -0.0000401304   0.0024004001   0.0000401305  -0.0000028818
 2460588.5  -0.0000028812   0.0000000018  -0.0024004814  -0.0000000976  -0.0000000008  -0.0000399035   0.0024004814   0.0000399036  -0.0000028820
 2460589.5  -0.0000028815   0.0000000018  -0.0024006434  -0.0000000970  -0.0000000008  -0.0000396411   0.0024006434   0.0000396413  -0.0000028823
 2460590.5  -0.0000028821   0.0000000018  -0.0024008938  -0.0000000964  -0.0000000008  -0.0000393803   0.0024008938   0.0000393804  -0.0000028829
 2460591.5  -0.0000028830   0.0000000018  -0.0024012280  -0.0000000958  -0.0000000008  -0.0000391593   0.0024012280   0.0000391594  -0.0000028837
 2460592.5  -0.0000028839   0.0000000018  -0.0024016280  -0.0000000955  -0.0000000008  -0.0000390130   0.0024016280   0.0000390131  -0.0000028847
 2460593.5  -0.0000028850   0.0000000018  -0.0024020635  -0.0000000954  -0.0000000008  -0.0000389670   0.0024020635   0.0000389671  -0.0000028857
 2460594.5  -0.0000028860   0.0000000017  -0.0024024942  -0.0000000955  -0.0000000008  -0.0000390316   0.0024024942   0.0000390317  -0.0000028868
 2460595.5  -0.0000028869   0.0000000017  -0.0024028752  -0.0000000959  -0.0000000008  -0.0000391955   0.0024028752   0.0000391956  -0.0000028877
 2460596.5  -0.0000028876   0.0000000017  -0.0024031652  -0.0000000964  -0.0000000008  -0.0000394215   0.0024031652   0.0000394216  -0.0000028884
 2460597.5  -0.0000028880   0.0000000017  -0.0024033401  -0.0000000970  -0.0000000008  -0.0000396473   0.0024033401   0.0000396474  -0.0000028888
 2460598.5  -0.0000028882   0.0000000017  -0.0024034061  -0.0000000974  -0.0000000008  -0.0000397967   0.0024034061   0.0000397968  -0.0000028890
 2460599.5  -0.0000028882   0.0000000017  -0.0024034076  -0.0000000974  -0.0000000008  -0.0000398026   0.0024034076   0.0000398027  -0.0000028890
 2460600.5  -0.0000028882   0.0000000017  -0.0024034187  -0.0000000970  -0.0000000008  -0.0000396352   0.0024034187   0.0000396353  -0.0000028890
 2460601.5  -0.0000028885   0.0000000017  -0.0024035175  -0.0000000962  -0.0000000008  -0.0000393203   0.0024035175   0.0000393204  -0.0000028892
 2460602.5  -0.0000028890   0.0000000017  -0.0024037540  -0.0000000953  -0.0000000008  -0.0000389320   0.0024037540   0.0000389321  -0.0000028898
 2460603.5  -0.0000028899   0.0000000017  -0.0024041310  -0.0000000944  -0.0000000007  -0.0000385626   0.0024041310   0.0000385628  -0.0000028907
 2460604.5  -0.0000028911   0.0000000017  -0.0024046085  -0.0000000937  -0.0000000007  -0.0000382874   0.0024046085   0.0000382875  -0.0000028918
 2460605.5  -0.0000028923   0.0000000016  -0.0024051246  -0.0000000934  -0.0000000007  -0.0000381435   0.0024051246   0.0000381436  -0.0000028930
 2460606.5  -0.0000028935   0.0000000016  -0.0024056185  -0.0000000933  -0.0000000007  -0.0000381295   0.0024056185   0.0000381296  -0.0000028942
 2460607.5  -0.0000028945   0.0000000016  -0.0024060450  -0.0000000936  -0.0000000007  -0.0000382158   0.0024060450   0.0000382159  -0.0000028953
 2460608.5  -0.0000028953   0.0000000016  -0.0024063795  -0.0000000939  -0.0000000007  -0.0000383593   0.0024063795   0.0000383594  -0.0000028961
 2460609.5  -0.0000028959   0.0000000016  -0.0024066166  -0.0000000943  -0.0000000007  -0.0000385140   0.0024066166   0.0000385142  -0.0000028966
 2460610.5  -0.0000028963   0.0000000016  -0.0024067662  -0.0000000946  -0.0000000007  -0.0000386390   0.0024067662   0.0000386392  -0.0000028970
 2460611.5  -0.0000028965   0.0000000016  -0.0024068496  -0.0000000947  -0.0000000007  -0.0000387019   0.0024068496   0.0000387020  -0.0000028972
 2460612.5  -0.0000028966   0.0000000016  -0.0024068955  -0.0000000947  -0.0000000007  -0.0000386813   0.0024068955   0.0000386814  -0.0000028973
 2460613.5  -0.0000028967   0.0000000016  -0.0024069363  -0.0000000944  -0.0000000007  -0.0000385684   0.0024069363   0.0000385685  -0.0000028974
 2460614.5  -0.0000028968   0.0000000016  -0.0024070051  -0.0000000939  -0.0000000007  -0.0000383675   0.0024070051   0.0000383676  -0.0000028976
 2460615.5  -0.0000028971   0.0000000016  -0.0024071312  -0.0000000933  -0.0000000007  -0.0000380960   0.0024071312   0.0000380961  -0.0000028979
 2460616.5  -0.0000028976   0.0000000016  -0.0024073365  -0.0000000925  -0.0000000007  -0.0000377825   0.0024073365   0.0000377827  -0.0000028984
 2460617.5  -0.0000028984   0.0000000015  -0.0024076320  -0.0000000917  -0.0000000007  -0.0000374637   0.0024076320   0.0000374638  -0.0000028991
 2460618.5  -0.0000028993   0.0000000015  -0.0024080150  -0.0000000911  -0.0000000007  -0.0000371789   0.0024080150   0.0000371790  -0.0000029000
 2460619.5  -0.0000029004   0.0000000015  -0.0024084689  -0.0000000905  -0.0000000007  -0.0000369648   0.0024084689   0.0000369649  -0.0000029010
 2460620.5  -0.0000029016   0.0000000015  -0.0024089640  -0.0000000903  -0.0000000007  -0.0000368481   0.0024089640   0.0000368482  -0.0000029022
 2460621.5  -0.0000029028   0.0000000015  -0.0024094615  -0.0000000902  -0.0000000007  -0.0000368404   0.0024094615   0.0000368405  -0.0000029034
 2460622.5  -0.0000029039   0.0000000015  -0.0024099194  -0.0000000905  -0.0000000007  -0.0000369332   0.0024099194   0.0000369333  -0.0000029045
 2460623.5  -0.0000029048   0.0000000014  -0.0024102996  -0.0000000909  -0.0000000007  -0.0000370960   0.0024102996   0.0000370962  -0.0000029055
 2460624.5  -0.0000029054   0.0000000014  -0.0024105776  -0.0000000913  -0.0000000007  -0.0000372780   0.0024105776   0.0000372781  -0.0000029061
 2460625.5  -0.0000029059   0.0000000014  -0.0024107515  -0.0000000916  -0.0000000007  -0.0000374148   0.0024107515   0.0000374149  -0.0000029066
 2460626.5  -0.0000029061   0.0000000014  -0.0024108494  -0.0000000917  -0.0000000007  -0.0000374432   0.0024108494   0.0000374433  -0.0000029068
 2460627.5  -0.0000029063   0.0000000014  -0.0024109281  -0.0000000914  -0.0000000007  -0.0000373206   0.0024109281   0.0000373207  -0.0000029070
 2460628.5  -0.0000029066   0.0000000014  -0.0024110600  -0.0000000907  -0.0000000007  -0.0000370448   0.0024110600   0.0000370449  -0.0000029073
 2460629.5  -0.0000029072   0.0000000014  -0.0024113092  -0.0000000898  -0.0000000007  -0.0000366620   0.0024113092   0.0000366621  -0.0000029079
 2460630.5  -0.0000029082   0.0000000014  -0.0024117059  -0.0000000888  -0.0000000007  -0.0000362543   0.0024117059   0.0000362544  -0.0000029088
 2460631.5  -0.0000029094   0.0000000014  -0.0024122332  -0.0000000880  -0.0000000006  -0.0000359097   0.0024122332   0.0000359098  -0.0000029101
 2460632.5  -0.0000029109   0.0000000014  -0.0024128367  -0.0000000875  -0.0000000006  -0.0000356906   0.0024128367   0.0000356907  -0.0000029115
 2460633.5  -0.0000029124   0.0000000013  -0.0024134472  -0.0000000873  -0.0000000006  -0.0000356167   0.0024134472   0.0000356168  -0.0000029130
 2460634.5  -0.0000029137   0.0000000013  -0.0024140039  -0.0000000874  -0.0000000006  -0.0000356685   0.0024140039   0.0000356686  -0.0000029143
 2460635.5  -0.0000029148   0.0000000013  -0.0024144689  -0.0000000877  -0.0000000006  -0.0000358020   0.0024144689   0.0000358021  -0.0000029155
 2460636.5  -0.0000029157   0.0000000013  -0.0024148288  -0.0000000881  -0.0000000006  -0.0000359657   0.0024148288   0.0000359658  -0.0000029164
 2460637.5  -0.0000029163   0.0000000013  -0.0024150906  -0.0000000885  -0.0000000007  -0.0000361122   0.0024150906   0.0000361123  -0.0000029170
 2460638.5  -0.0000029168   0.0000000013  -0.0024152756  -0.0000000887  -0.0000000007  -0.0000362046   0.0024152756   0.0000362047  -0.0000029174
 2460639.5  -0.0000029171   0.0000000013  -0.0024154130  -0.0000000887  -0.0000000007  -0.0000362188   0.0024154130   0.0000362189  -0.0000029178
 2460640.5  -0.0000029174   0.0000000013  -0.0024155357  -0.0000000886  -0.0000000007  -0.0000361437   0.0024155357   0.0000361438  -0.0000029181
 2460641.5  -0.0000029178   0.0000000012  -0.0024156771  -0.0000000882  -0.0000000006  -0.0000359812   0.0024156771   0.0000359813  -0.0000029184
 2460642.5  -0.0000029182   0.0000000012  -0.0024158678  -0.0000000876  -0.0000000006  -0.0000357452   0.0024158678   0.0000357454  -0.0000029189
 2460643.5  -0.0000029189   0.0000000012  -0.0024161324  -0.0000000869  -0.0000000006  -0.0000354611   0.0024161324   0.0000354612  -0.0000029195
 2460644.5  -0.0000029197   0.0000000012  -0.0024164859  -0.0000000862  -0.0000000006  -0.0000351634   0.0024164859   0.0000351635  -0.0000029203
 2460645.5  -0.0000029208   0.0000000012  -0.0024169303  -0.0000000855  -0.0000000006  -0.0000348923   0.0024169303   0.0000348924  -0.0000029214
 2460646.5  -0.0000029220   0.0000000012  -0.0024174524  -0.0000000850  -0.0000000006  -0.0000346871   0.0024174524   0.0000346872  -0.0000029226
 2460647.5  -0.0000029234   0.0000000012  -0.0024180239  -0.0000000848  -0.0000000006  -0.0000345793   0.0024180239   0.0000345794  -0.0000029240
 2460648.5  -0.0000029248   0.0000000011  -0.0024186050  -0.0000000848  -0.0000000006  -0.0000345848   0.0024186050   0.0000345849  -0.0000029254
 2460649.5  -0.0000029261   0.0000000011  -0.0024191510  -0.0000000851  -0.0000000006  -0.0000346978   0.0024191510   0.0000346979  -0.0000029268
 2460650.5  -0.0000029273   0.0000000011  -0.0024196218  -0.0000000855  -0.0000000006  -0.0000348897   0.0024196218   0.0000348898  -0.0000029279
 2460651.5  -0.0000029282   0.0000000011  -0.0024199917  -0.0000000861  -0.0000000006  -0.0000351120   0.0024199917   0.0000351121  -0.0000029288
 2460652.5  -0.0000029288   0.0000000011  -0.0024202566  -0.0000000865  -0.0000000006  -0.0000353049   0.0024202566   0.0000353050  -0.0000029294
 2460653.5  -0.0000029293   0.0000000011  -0.0024204391  -0.0000000868  -0.0000000006  -0.0000354097   0.0024204391   0.0000354098  -0.0000029299
 2460654.5  -0.0000029296   0.0000000011  -0.0024205860  -0.0000000867  -0.0000000006  -0.0000353846   0.0024205860   0.0000353847  -0.0000029302
 2460655.5  -0.0000029300   0.0000000011  -0.0024207596  -0.0000000863  -0.0000000006  -0.0000352179   0.0024207596   0.0000352180  -0.0000029307
 2460656.5  -0.0000029307   0.0000000011  -0.0024210217  -0.0000000856  -0.0000000006  -0.0000349364   0.0024210217   0.0000349365  -0.0000029313
 2460657.5  -0.0000029316   0.0000000010  -0.0024214137  -0.0000000848  -0.0000000006  -0.0000346019   0.0024214137   0.0000346020  -0.0000029322
 2460658.5  -0.0000029329   0.0000000010  -0.0024219413  -0.0000000841  -0.0000000006  -0.0000342943   0.0024219413   0.0000342944  -0.0000029335
 2460659.5  -0.0000029344   0.0000000010  -0.0024225710  -0.0000000836  -0.0000000006  -0.0000340858   0.0024225710   0.0000340859  -0.0000029350
 2460660.5  -0.0000029361   0.0000000010  -0.0024232418  -0.0000000834  -0.0000000006  -0.0000340181   0.0024232418   0.0000340183  -0.0000029366
 2460661.5  -0.0000029376   0.0000000010  -0.0024238862  -0.0000000836  -0.0000000006  -0.0000340924   0.0024238862   0.0000340925  -0.0000029382
 2460662.5  -0.0000029390   0.0000000009  -0.0024244510  -0.0000000840  -0.0000000006  -0.0000342751   0.0024244510   0.0000342752  -0.0000029396
 2460663.5  -0.0000029401   0.0000000009  -0.0024249079  -0.0000000846  -0.0000000006  -0.0000345138   0.0024249079   0.0000345139  -0.0000029407
 2460664.5  -0.0000029409   0.0000000009  -0.0024252546  -0.0000000852  -0.0000000006  -0.0000347539   0.0024252546   0.0000347540  -0.0000029415
 2460665.5  -0.0000029416   0.0000000009  -0.0024255088  -0.0000000857  -0.0000000006  -0.0000349506   0.0024255088   0.0000349507  -0.0000029422
 2460666.5  -0.0000029420   0.0000000009  -0.0024256997  -0.0000000860  -0.0000000006  -0.0000350735   0.0024256997   0.0000350736  -0.0000029426
 2460667.5  -0.0000029424   0.0000000009  -0.0024258619  -0.0000000861  -0.0000000006  -0.0000351078   0.0024258619   0.0000351080  -0.0000029430
 2460668.5  -0.0000029428   0.0000000009  -0.0024260302  -0.0000000859  -0.0000000006  -0.0000350530   0.0024260302   0.0000350531  -0.0000029434
 2460669.5  -0.0000029433   0.0000000009  -0.0024262363  -0.0000000856  -0.0000000006  -0.0000349205   0.0024262363   0.0000349206  -0.0000029439
 2460670.5  -0.0000029440   0.0000000009  -0.0024265064  -0.0000000852  -0.0000000006  -0.0000347328   0.0024265064   0.0000347330  -0.0000029446
 2460671.5  -0.0000029448   0.0000000009  -0.0024268590  -0.0000000846  -0.0000000006  -0.0000345214   0.0024268590   0.0000345215  -0.0000029454
 2460672.5  -0.0000029459   0.0000000008  -0.0024273011  -0.0000000842  -0.0000000006  -0.0000343240   0.0024273011   0.0000343241  -0.0000029465
 2460673.5  -0.0000029472   0.0000000008  -0.0024278261  -0.0000000838  -0.0000000006  -0.0000341812   0.0024278261   0.0000341813  -0.0000029478
 2460674.5  -0.0000029486   0.0000000008  -0.0024284111  -0.0000000837  -0.0000000006  -0.0000341292   0.0024284111   0.0000341293  -0.0000029492
 2460675.5  -0.0000029501   0.0000000008  -0.0024290185  -0.0000000838  -0.0000000006  -0.0000341916   0.0024290184   0.0000341917  -0.0000029507
