347.526448484981
347.777132950944
348.027817414280
348.278501880238
348.529186346198
348.779870809531
349.030555275489
349.281239741447
349.531924207400
349.782608670729
350.033293136684
350.283977602637
350.534662065963
350.785346531915
351.036030997862
351.286715461186
351.537399927134
351.788084393082
352.038768856403
352.289453322349
352.540137788290
352.790822251608
353.041506717551
353.292191183493
353.542875649435
353.793560112745
354.044244578685
354.294929044623
354.545613507934
354.796297973871
355.046982439804
355.297666903112
355.548351369046
355.799035834979
356.049720298285
356.300404764217
356.551089230144
356.801773693447
357.052458159375
357.303142625303
357.553827091230
357.804511554530
358.055196020452
358.305880486376
358.556564949673
358.807249415596
359.057933881517
359.308618344808
359.559302810728
359.809987276648
  0.060671739939
  0.311356205857
  0.562040671770
  0.812725137686
  1.063409600974
  1.314094066889
  1.564778532802
  1.815462996088
  2.066147461996
  2.316831927907
  2.567516391190
  2.818200857100
  3.068885323008
  3.319569786287
  3.570254252192
  3.820938718098
  4.071623181377
  4.322307647281
  4.572992113185
  4.823676579084
  5.074361042360
  5.325045508261
  5.575729974161
  5.826414437433
  6.077098903330
  6.327783369228
  6.578467832499
  6.829152298395
  7.079836764291
  7.330521227558
  7.581205693450
  7.831890159344
  8.082574622610
  8.333259088502
  8.583943554393
  8.834628020280
  9.085312483543
  9.335996949432
  9.586681415320
  9.837365878580
 10.088050344466
 10.338734810351
 10.589419273609
 10.840103739494
 11.090788205378
 11.341472668633
 11.592157134515
 11.842841600395
 12.093526066276
 12.344210529528
 12.594894995408
 12.845579461285
 13.096263924537
 13.346948390414
 13.597632856291
 13.848317319539
 14.099001785414
 14.349686251288
 14.600370714535
 14.851055180408
 15.101739646280
 15.352424109525
 15.603108575396
 15.853793041265
 16.104477507135
 16.355161970377
 16.605846436245
 16.856530902113
 17.107215365354
 17.357899831219
 17.608584297085
 17.859268760323
 18.109953226187
 18.360637692052
 18.611322155285
 18.862006621148
 19.112691087011
 19.363375550246
 19.614060016107
 19.864744481966
 20.115428947825
 20.366113411056
 20.616797876915
 20.867482342773
 21.118166806004
 21.368851271859
 21.619535737713
 21.870220200942
 22.120904666797
 22.371589132652
 22.622273595879
 22.872958061729
 23.123642527582
 23.374326993434
 23.625011456658
 23.875695922509
 24.126380388358
 24.377064851580
 24.627749317429
 24.878433783277
 25.129118246499
 25.379802712343
 25.630487178190
 25.881171641410
 26.131856107256
 26.382540573101
 26.633225036319
 26.883909502160
 27.134593968004
 27.385278433847
 27.635962897063
 27.886647362905
 28.137331828744
 28.388016291958
 28.638700757799
 28.889385223639
 29.140069686852
 29.390754152691
 29.641438618526
 29.892123081738
 30.142807547575
 30.393492013412
 30.644176476622
 30.894860942455
 31.145545408290
 31.396229874125
 31.646914337333
 31.897598803167
 32.148283268998
 32.398967732204
 32.649652198037
 32.900336663869
 33.151021127074
 33.401705592906
 33.652390058733
 33.903074521937
 34.153758987767
 34.404443453596
 34.655127919425
 34.905812382627
 35.156496848452
 35.407181314280
 35.657865777480
 35.908550243307
 36.159234709133
 36.409919172329
 36.660603638155
 36.911288103980
 37.161972567178
 37.412657033002
 37.663341498823
 37.914025962020
 38.164710427843
 38.415394893665
 38.666079359488
 38.916763822683
 39.167448288501
 39.418132754322
 39.668817217516
 39.919501683336
 40.170186149156
 40.420870612349
 40.671555078165
 40.922239543984
 41.172924007175
 41.423608472993
 41.674292938811
 41.924977402001
 42.175661867815
 42.426346333632
 42.677030799448
 42.927715262637
 43.178399728449
 43.429084194264
 43.679768657453
 43.930453123267
 44.181137589081
 44.431822052268
 44.682506518078
 44.933190983891
 45.183875447078
 45.434559912890
 45.685244378702
 45.935928844511
 46.186613307696
 46.437297773507
 46.687982239318
 46.938666702502
 47.189351168312
 47.440035634119
 47.690720097302
 47.941404563112
 48.192089028920
 48.442773492102
 48.693457957910
 48.944142423717
 49.194826886898
 49.445511352704
 49.696195818512
 49.946880284317
 50.197564747497
 50.448249213304
 50.698933679109
 50.949618142288
 51.200302608094
 51.450987073898
 51.701671537076
 51.952356002881
 52.203040468685
 52.453724931863
 52.704409397667
 52.955093863469
 53.205778326647
 53.456462792450
 53.707147258252
 53.957831724055
 54.208516187231
 54.459200653033
 54.709885118835
 54.960569582009
 55.211254047811
 55.461938513613
 55.712622976786
 55.963307442588
 56.213991908388
 56.464676371562
 56.715360837363
 56.966045303162
 57.216729768962
 57.467414232136
 57.718098697935
 57.968783163735
 58.219467626908
 58.470152092706
 58.720836558505
 58.971521021678
 59.222205487475
 59.472889953274
 59.723574416445
 59.974258882243
 60.224943348042
 60.475627811212
 60.726312277010
 60.976996742808
 61.227681208604
 61.478365671775
 61.729050137571
 61.979734603369
 62.230419066540
 62.481103532335
 62.731787998132
 62.982472461301
 63.233156927098
 63.483841392895
 63.734525856063
 63.985210321860
 64.235894787656
 64.486579250824
 64.737263716620
 64.987948182416
 65.238632648211
 65.489317111380
 65.740001577174
 65.990686042970
 66.241370506138
 66.492054971933
 66.742739437729
 66.993423900896
 67.244108366691
 67.494792832487
 67.745477295653
 67.996161761449
 68.246846227244
 68.497530693037
 68.748215156206
 68.998899621999
 69.249584087794
 69.500268550960
 69.750953016755
 70.001637482550
 70.252321945716
 70.503006411511
 70.753690877306
 71.004375340472
 71.255059806267
 71.505744272062
 71.756428735228
 72.007113201022
 72.257797666815
 72.508482132610
 72.759166595778
 73.009851061571
 73.260535527365
 73.511219990531
 73.761904456326
 74.012588922121
 74.263273385287
 74.513957851081
 74.764642316876
 75.015326780042
 75.266011245837
 75.516695711630
 75.767380174798
 76.018064640593
 76.268749106386
 76.519433572180
 76.770118035349
 77.020802501142
 77.271486966937
 77.522171430105
 77.772855895898
 78.023540361693
 78.274224824862
 78.524909290655
 78.775593756451
 79.026278219619
 79.276962685413
 79.527647151208
 79.778331617002
 80.029016080171
 80.279700545965
 80.530385011761
 80.781069474930
 81.031753940724
 81.282438406520
 81.533122869690
 81.783807335484
 82.034491801281
 82.285176264450
 82.535860730245
 82.786545196042
 83.037229659212
 83.287914125007
 83.538598590804
 83.789283056600
 84.039967519770
 84.290651985567
 84.541336451363
 84.792020914534
 85.042705380332
 85.293389846128
 85.544074309299
 85.794758775098
 86.045443240894
 86.296127704066
 86.546812169863
 86.797496635662
 87.048181098834
 87.298865564631
 87.549550030430
 87.800234496228
 88.050918959401
 88.301603425201
 88.552287890999
 88.802972354172
 89.053656819973
 89.304341285771
 89.555025748945
 89.805710214746
 90.056394680546
 90.307079143720
 90.557763609522
 90.808448075322
 91.059132541123
 91.309817004299
 91.560501470099
 91.811185935902
 92.061870399076
 92.312554864879
 92.563239330680
 92.813923793857
 93.064608259660
 93.315292725463
 93.565977188640
 93.816661654444
 94.067346120247
 94.318030583425
 94.568715049230
 94.819399515034
 95.070083980839
 95.320768444018
 95.571452909822
 95.822137375629
 96.072821838808
 96.323506304614
 96.574190770421
 96.824875233601
 97.075559699407
 97.326244165215
 97.576928628396
 97.827613094203
 98.078297560012
 98.328982023192
 98.579666489002
 98.830350954810
 99.081035420619
 99.331719883803
 99.582404349612
 99.833088815422
100.083773278607
100.334457744417
100.585142210228
100.835826673414
101.086511139224
101.337195605037
101.587880068223
101.838564534035
102.089248999848
102.339933465661
102.590617928848
102.841302394663
103.091986860476
103.342671323665
103.593355789481
103.844040255295
104.094724718485
104.345409184300
104.596093650117
104.846778113308
105.097462579124
105.348147044942
105.598831508134
105.849515973951
106.100200439771
106.350884905589
106.601569368782
106.852253834603
107.102938300422
107.353622763616
107.604307229438
107.854991695258
 69.0
24622.0
