2460308.35841265
2460309.35561762
2460310.35282462
2460311.35003366
2460312.34724479
2460313.34445802
2460314.34167339
2460315.33889091
2460316.33611062
2460317.33333254
2460318.33055669
2460319.32778309
2460320.32501176
2460321.32224272
2460322.31947598
2460323.31671156
2460324.31394948
2460325.31118977
2460326.30843242
2460327.30567747
2460328.30292490
2460329.30017473
2460330.29742697
2460331.29468162
2460332.29193868
2460333.28919814
2460334.28646003
2460335.28372434
2460336.28099107
2460337.27826023
2460338.27553182
2460339.27280586
2460340.27008233
2460341.26736125
2460342.26464262
2460343.26192643
2460344.25921270
2460345.25650141
2460346.25379256
2460347.25108616
2460348.24838219
2460349.24568064
2460350.24298153
2460351.24028483
2460352.23759055
2460353.23489868
2460354.23220920
2460355.22952212
2460356.22683741
2460357.22415506
2460358.22147505
2460359.21879736
2460360.21612197
2460361.21344887
2460362.21077804
2460363.20810947
2460364.20544314
2460365.20277903
2460366.20011714
2460367.19745744
2460368.19479993
2460369.19214459
2460370.18949139
2460371.18684033
2460372.18419138
2460373.18154453
2460374.17889976
2460375.17625705
2460376.17361637
2460377.17097770
2460378.16834103
2460379.16570633
2460380.16307358
2460381.16044277
2460382.15781387
2460383.15518686
2460384.15256169
2460385.14993835
2460386.14731681
2460387.14469702
2460388.14207897
2460389.13946262
2460390.13684794
2460391.13423492
2460392.13162353
2460393.12901373
2460394.12640552
2460395.12379885
2460396.12119371
2460397.11859007
2460398.11598791
2460399.11338719
2460400.11078790
2460401.10819000
2460402.10559347
2460403.10299827
2460404.10040437
2460405.09781176
2460406.09522040
2460407.09263026
2460408.09004132
2460409.08745356
2460410.08486693
2460411.08228141
2460412.07969696
2460413.07711354
2460414.07453111
2460415.07194965
2460416.06936911
2460417.06678946
2460418.06421068
2460419.06163274
2460420.05905560
2460421.05647923
2460422.05390361
2460423.05132871
2460424.04875450
2460425.04618096
2460426.04360804
2460427.04103573
2460428.03846398
2460429.03589278
2460430.03332208
2460431.03075186
2460432.02818209
2460433.02561273
2460434.02304377
2460435.02047516
2460436.01790688
2460437.01533891
2460438.01277120
2460439.01020373
2460440.00763646
2460441.00506936
2460442.00250240
2460442.99993567
2460443.99736821
2460444.99480117
2460445.99223440
2460446.98966751
2460447.98710051
2460448.98453340
2460449.98196615
2460450.97939873
2460451.97683113
2460452.97426330
2460453.97169522
2460454.96912685
2460455.96655818
2460456.96398917
2460457.96141978
2460458.95884999
2460459.95627976
2460460.95370908
2460461.95113791
2460462.94856622
2460463.94599399
2460464.94342118
2460465.94084777
2460466.93827370
2460467.93569896
2460468.93312350
2460469.93054728
2460470.92797027
2460471.92539245
2460472.92281378
2460473.92023423
2460474.91765377
2460475.91507238
2460476.91249004
2460477.90990671
2460478.90732236
2460479.90473698
2460480.90215054
2460481.89956300
2460482.89697434
2460483.89438453
2460484.89179355
2460485.88920136
2460486.88660794
2460487.88401326
2460488.88141731
2460489.87882005
2460490.87622146
2460491.87362151
2460492.87102017
2460493.86841742
2460494.86581322
2460495.86320753
2460496.86060033
2460497.85799159
2460498.85538127
2460499.85276936
2460500.85015582
2460501.84754063
2460502.84492378
2460503.84230523
2460504.83968497
2460505.83706298
2460506.83443923
2460507.83181371
2460508.82918639
2460509.82655725
2460510.82392626
2460511.82129342
2460512.81865869
2460513.81602206
2460514.81338350
2460515.81074300
2460516.80810054
2460517.80545610
2460518.80280967
2460519.80016123
2460520.79751075
2460521.79485820
2460522.79220356
2460523.78954682
2460524.78688794
2460525.78422691
2460526.78156371
2460527.77889831
2460528.77623072
2460529.77356092
2460530.77088888
2460531.76821461
2460532.76553809
2460533.76285931
2460534.76017826
2460535.75749493
2460536.75480932
2460537.75212140
2460538.74943117
2460539.74673862
2460540.74404375
2460541.74134654
2460542.73864699
2460543.73594509
2460544.73324086
2460545.73053427
2460546.72782532
2460547.72511401
2460548.72240032
2460549.71968425
2460550.71696578
2460551.71424491
2460552.71152163
2460553.70879595
2460554.70606785
2460555.70333735
2460556.70060444
2460557.69786912
2460558.69513142
2460559.69239133
2460560.68964885
2460561.68690401
2460562.68415679
2460563.68140722
2460564.67865531
2460565.67590105
2460566.67314447
2460567.67038557
2460568.66762436
2460569.66486086
2460570.66209509
2460571.65932706
2460572.65655678
2460573.65378429
2460574.65100958
2460575.64823268
2460576.64545358
2460577.64267231
2460578.63988888
2460579.63710329
2460580.63431558
2460581.63152577
2460582.62873387
2460583.62593991
2460584.62314392
2460585.62034592
2460586.61754596
2460587.61474405
2460588.61194023
2460589.60913453
2460590.60632698
2460591.60351761
2460592.60070645
2460593.59789355
2460594.59507892
2460595.59226261
2460596.58944466
2460597.58662510
2460598.58380396
2460599.58098130
2460600.57815716
2460601.57533156
2460602.57250455
2460603.56967616
2460604.56684642
2460605.56401536
2460606.56118303
2460607.55834946
2460608.55551470
2460609.55267878
2460610.54984175
2460611.54700367
2460612.54416458
2460613.54132453
2460614.53848357
2460615.53564174
2460616.53279911
2460617.52995571
2460618.52711161
2460619.52426684
2460620.52142146
2460621.51857553
2460622.51572908
2460623.51288218
2460624.51003487
2460625.50718721
2460626.50433926
2460627.50149107
2460628.49864268
2460629.49579416
2460630.49294555
2460631.49009688
2460632.48724822
2460633.48439959
2460634.48155105
2460635.47870265
2460636.47585444
2460637.47300648
2460638.47015881
2460639.46731149
2460640.46446458
2460641.46161813
2460642.45877220
2460643.45592684
2460644.45308209
2460645.45023802
2460646.44739468
2460647.44455211
2460648.44171037
2460649.43886950
2460650.43602956
2460651.43319059
2460652.43035265
2460653.42751579
2460654.42468005
2460655.42184549
2460656.41901214
2460657.41618006
2460658.41334927
2460659.41051982
2460660.40769174
2460661.40486507
2460662.40203984
2460663.39921610
2460664.39639389
2460665.39357325
2460666.39075421
2460667.38793684
2460668.38512115
2460669.38230720
2460670.37949502
2460671.37668465
2460672.37387612
2460673.37106947
2460674.36826474
2460675.36546195
2460676.36266114
2460677.35986234
