189.635485441304
189.886169898939
190.136854353952
190.387538811595
190.638223269240
190.888907724264
191.139592181917
191.390276639573
191.640961097234
191.891645552272
192.142330009938
192.393014467610
192.643698922658
192.894383380335
193.145067838017
193.395752293075
193.646436750764
193.897121208455
194.147805663525
194.398490121225
194.649174578927
194.899859034007
195.150543491718
195.401227949430
195.651912407148
195.902596862243
196.153281319966
196.403965777694
196.654650232799
196.905334690533
197.156019148272
197.406703603388
197.657388061133
197.908072518883
198.158756974010
198.409441431765
198.660125889525
198.910810344663
199.161494802429
199.412179260200
199.662863717973
199.913548173125
200.164232630905
200.414917088691
200.665601543853
200.916286001645
201.166970459441
201.417654914614
201.668339372416
201.919023830223
202.169708285407
202.420392743220
202.671077201038
202.921761658857
203.172446114056
203.423130571884
203.673815029715
203.924499484924
204.175183942764
204.425868400605
204.676552855825
204.927237313675
205.177921771527
205.428606226758
205.679290684619
205.929975142482
206.180659597724
206.431344055594
206.682028513469
206.932712971347
207.183397426603
207.434081884489
207.684766342377
207.935450797644
208.186135255541
208.436819713440
208.687504168718
208.938188626626
209.188873084536
209.439557539825
209.690241997742
209.940926455664
210.191610910962
210.442295368892
210.692979826825
210.943664284762
211.194348740075
211.445033198019
211.695717655967
211.946402111290
212.197086569245
212.447771027202
212.698455482538
212.949139940502
213.199824398472
213.450508853817
213.701193311794
213.951877769775
214.202562227759
214.453246683118
214.703931141110
214.954615599105
215.205300054476
215.455984512478
215.706668970484
215.957353425866
216.208037883878
216.458722341895
216.709406797289
216.960091255311
217.210775713339
217.461460168744
217.712144626778
217.962829084817
218.213513542860
218.464197998278
218.714882456328
218.965566914382
219.216251369811
219.466935827870
219.717620285935
219.968304741376
220.218989199447
220.469673657522
220.720358112975
220.971042571056
221.221727029143
221.472411484607
221.723095942699
221.973780400797
222.224464858898
222.475149314375
222.725833772484
222.976518230595
223.227202686084
223.477887144204
223.728571602326
223.979256057826
224.229940515955
224.480624974090
224.731309429601
224.981993887742
225.232678345887
225.483362804037
225.734047259561
225.984731717718
226.235416175877
226.486100631414
226.736785089582
226.987469547752
227.238154003300
227.488838461479
227.739522919660
227.990207375220
228.240891833410
228.491576291602
228.742260747172
228.992945205373
229.243629663577
229.494314121785
229.744998577371
229.995683035585
230.246367493805
230.497051949400
230.747736407627
230.998420865856
231.249105321464
231.499789779702
231.750474237942
232.001158693561
232.251843151811
232.502527610062
232.753212065692
233.003896523953
233.254580982216
233.505265440484
233.755949896129
234.006634354403
234.257318812682
234.508003268338
234.758687726623
235.009372184914
235.260056640581
235.510741098877
235.761425557179
236.012110012856
236.262794471165
236.513478929478
236.764163387793
237.014847843486
237.265532301809
237.516216760137
237.766901215842
238.017585674175
238.268270132514
238.518954588230
238.769639046575
239.020323504926
239.271007960653
239.521692419009
239.772376877371
240.023061333109
240.273745791477
240.524430249850
240.775114708224
241.025799163978
241.276483622362
241.527168080748
241.777852536513
242.028536994909
242.279221453306
242.529905909083
242.780590367488
243.031274825898
243.281959281686
243.532643740102
243.783328198524
244.034012654323
244.284697112750
244.535381571183
244.786066029619
245.036750485433
245.287434943877
245.538119402324
245.788803858149
246.039488316603
246.290172775063
246.540857230899
246.791541689366
247.042226147834
247.292910603682
247.543595062160
247.794279520643
248.044963979129
248.295648434992
248.546332893482
248.797017351980
249.047701807854
249.298386266359
249.549070724865
249.799755180751
250.050439639268
250.301124097787
250.551808553684
250.802493012212
251.053177470742
251.303861926651
251.554546385190
251.805230843731
252.055915302278
252.306599758202
252.557284216755
252.807968675313
253.058653131249
253.309337589813
253.560022048383
253.810706504329
254.061390962905
254.312075421486
254.562759877443
254.813444336032
255.064128794624
255.314813250592
255.565497709193
255.816182167795
256.066866626403
256.317551082388
256.568235541002
256.818919999621
257.069604455618
257.320288914243
257.570973372874
257.821657828882
258.072342287519
258.323026746161
258.573711202181
258.824395660829
259.075080119483
259.325764578139
259.576449034174
259.827133492839
260.077817951507
260.328502407553
260.579186866230
260.829871324909
261.080555780967
261.331240239654
261.581924698346
261.832609154416
262.083293613114
262.333978071818
262.584662527899
262.835346986609
263.086031445324
263.336715904042
263.587400360138
263.838084818865
264.088769277595
264.339453733703
264.590138192441
264.840822651182
265.091507107302
265.342191566052
265.592876024804
265.843560480935
266.094244939697
266.344929398461
266.595613854604
266.846298313375
267.096982772153
267.347667230934
267.598351687090
267.849036145879
268.099720604670
268.350405060840
268.601089519641
268.851773978443
269.102458434625
269.353142893437
269.603827352251
269.854511808444
270.105196267267
270.355880726094
270.606565184926
270.857249641133
271.107934099972
271.358618558815
271.609303015034
271.859987473885
272.110671932740
272.361356388970
272.612040847833
272.862725306699
273.113409762940
273.364094221814
273.614778680692
273.865463136946
274.116147595832
274.366832054722
274.617516513616
274.868200969886
275.118885428787
275.369569887693
275.620254343974
275.870938802887
276.121623261804
276.372307718097
276.622992177021
276.873676635950
277.124361092256
277.375045551191
277.625730010132
277.876414466450
278.127098925397
278.377783384349
278.628467843306
278.879152299638
279.129836758602
279.380521217570
279.631205673914
279.881890132888
280.132574591868
280.383259048226
280.633943507212
280.884627966203
281.135312422572
281.385996881570
281.636681340574
281.887365799581
282.138050255964
282.388734714980
282.639419173997
282.890103630394
283.140788089421
283.391472548451
283.642157004859
283.892841463898
284.143525922939
284.394210379359
284.644894838410
284.895579297463
285.146263753895
285.396948212958
285.647632672023
285.898317131093
286.149001587539
286.399686046618
286.650370505699
286.901054962158
287.151739421249
287.402423880341
287.653108336813
287.903792795915
288.154477255019
288.405161711503
288.655846170617
288.906530629733
289.157215086228
289.407899545354
289.658584004483
289.909268463617
290.159952920128
290.410637379268
290.661321838414
290.912006294937
291.162690754089
291.413375213246
291.664059669780
291.914744128945
292.165428588115
292.416113044660
292.666797503838
292.917481963018
293.168166422203
293.418850878766
293.669535337958
293.920219797155
294.170904253730
294.421588712934
294.672273172143
294.922957628730
295.173642087946
295.424326547167
295.675011003766
295.925695462994
296.176379922227
296.427064378838
296.677748838077
296.928433297323
297.179117756570
297.429802213197
297.680486672454
297.931171131714
298.181855588353
298.432540047620
298.683224506894
298.933908963544
299.184593422824
299.435277882109
299.685962338772
299.936646798064
300.187331257361
300.438015714036
300.688700173340
300.939384632649
301.190069091961
301.440753548652
301.691438007973
301.942122467297
302.192806924000
302.443491383333
302.694175842669
302.944860299384
303.195544758729
303.446229218077
303.696913674804
303.947598134162
304.198282593522
304.448967052887
304.699651509629
304.950335969002
305.201020428379
305.451704885134
305.702389344519
305.953073803908
306.203758260675
306.454442720073
306.705127179473
306.955811636252
307.206496095662
307.457180555075
307.707865011866
307.958549471288
308.209233930713
308.459918390143
308.710602846951
308.961287306387
309.211971765830
309.462656222649
309.713340682098
309.964025141553
 69.0
    0.0
