 2460309.5   5.746167879506   5.751962408849  -0.406086167725  -0.404144739902  3.845751 12.4 2460310.13880697      99.00000000
 2460310.5   5.751714908692   5.757501902346  -0.404148919383  -0.402200908808  3.854021 12.4 2460311.13695672      99.00000000
 2460311.5   5.757287324646   5.763066611732  -0.402199211000  -0.400244670329  3.862162 12.4 2460312.13511042      99.00000000
 2460312.5   5.762884674778   5.768656144363  -0.400237154156  -0.398276105042  3.870175 12.4 2460313.13326803      99.00000000
 2460313.5   5.768506418192   5.774270036496  -0.398262876068  -0.396295309949  3.878057 12.4 2460314.13142944      99.00000000
 2460314.5   5.774152108673   5.779907929814  -0.396276496860  -0.394302378223  3.885808 12.4 2460315.12959460      99.00000000
 2460315.5   5.779821209642   5.785569379278  -0.394278153683  -0.392297426636  3.893426 12.4 2460316.12776341      99.00000000
 2460316.5   5.785513275575   5.791254023842  -0.392267977830  -0.390280576585  3.900909 12.4 2460317.12593581      99.00000000
 2460317.5   5.791227765810   5.796961384508  -0.390246120192  -0.388251984861  3.908258 12.4 2460318.12411172      99.00000000
 2460318.5   5.796964223632   5.802691022279  -0.388212728349  -0.386211825261  3.915470 12.4 2460319.12229108      99.00000000
 2460319.5   5.802722089164   5.808442330815  -0.386167972990  -0.384160316365  3.922545 12.4 2460320.12047378      99.00000000
 2460320.5   5.808500878072   5.814214707306  -0.384112023897  -0.382097690798  3.929480 12.4 2460321.11865975      99.00000000
 2460321.5   5.814299997482   5.820007387891  -0.382045075461  -0.380024204722  3.936276 12.4 2460322.11684889      99.00000000
 2460322.5   5.820118929755   5.825819681537  -0.379967319318  -0.377940088454  3.942930 12.4 2460323.11504112      99.00000000
 2460323.5   5.825957056435   5.831650857547  -0.377878967249  -0.375845552919  3.949442 12.4 2460324.11323633      99.00000000
 2460324.5   5.831813849056   5.837500379466  -0.375780220321  -0.373740757684  3.955810 12.4 2460325.11143444      99.00000000
 2460325.5   5.837688698113   5.843367733220  -0.373671291152  -0.371625849616  3.962036 12.4 2460326.10963534      99.00000000
 2460326.5   5.843581103665   5.849252576252  -0.371552373063  -0.369500955929  3.968117 12.4 2460327.10783898      99.00000000
 2460327.5   5.849490500919   5.855154507476  -0.369423665198  -0.367366229404  3.974053 12.4 2460328.10604526      99.00000000
 2460328.5   5.855416444597   5.861073206650  -0.367285343802  -0.365221828738  3.979845 12.4 2460329.10425412      99.00000000
 2460329.5   5.861358429082   5.867008231911  -0.365137590491  -0.363067946111  3.985491 12.4 2460330.10246549      99.00000000
 2460330.5   5.867316067951   5.872959196774  -0.362980564616  -0.360904772276  3.990992 12.4 2460331.10067931      99.00000000
 2460331.5   5.873288911626   5.878925599181  -0.360814433197  -0.358732517197  3.996347 12.4 2460332.09889551      99.00000000
 2460332.5   5.879276625004   5.884907017229  -0.358639343110  -0.356551372738  4.001557 12.3 2460333.09711405      99.00000000
 2460333.5   5.885278804631   5.890902947032  -0.356455451895  -0.354361535753  4.006620 12.3 2460334.09533485      99.00000000
 2460334.5   5.891295155595   5.896912998929  -0.354262899354  -0.352163173814  4.011537 12.3 2460335.09355788      99.00000000
 2460335.5   5.897325308791   5.902936730639  -0.352061839043  -0.349956453783  4.016307 12.3 2460336.09178306      99.00000000
 2460336.5   5.903368997481   5.908973833651  -0.349852409147  -0.347741512163  4.020930 12.3 2460337.09001038      99.00000000
 2460337.5   5.909425875078   5.915023954715  -0.347634764456  -0.345518489178  4.025406 12.3 2460338.08823975      99.00000000
 2460338.5   5.915495691938   5.921086870262  -0.345409046289  -0.343287502014  4.029734 12.3 2460339.08647115      99.00000000
 2460339.5   5.921578114163   5.927162299157  -0.343175414759  -0.341048681302  4.033914 12.3 2460340.08470451      99.00000000
 2460340.5   5.927672900973   5.933250071881  -0.340934017657  -0.338802143715  4.037945 12.3 2460341.08293982      99.00000000
 2460341.5   5.933779724514   5.939349942167  -0.338685023076  -0.336548028076  4.041827 12.3 2460342.08117701      99.00000000
 2460342.5   5.939898347467   5.945461756313  -0.336428587493  -0.334286466226  4.045560 12.3 2460343.07941605      99.00000000
 2460343.5   5.946028443100   5.951585264925  -0.334164889148  -0.332017619414  4.049143 12.3 2460344.07765688      99.00000000
 2460344.5   5.952169772107   5.957720289461  -0.331894095808  -0.329741649263  4.052575 12.3 2460345.07589948      99.00000000
 2460345.5   5.958322001716   5.963866528224  -0.329616399373  -0.327458756455  4.055856 12.3 2460346.07414379      99.00000000
 2460346.5   5.964484880730   5.970023715486  -0.327331983668  -0.325169152027  4.058986 12.3 2460347.07238978      99.00000000
 2460347.5   5.970658057176   5.976191425848  -0.325041060245  -0.322873094157  4.061963 12.3 2460348.07063738      99.00000000
 2460348.5   5.976841252279   5.982369247031  -0.322743835499  -0.320570849492  4.064787 12.2 2460349.06888656      99.00000000
 2460349.5   5.983034079287   5.988556622891  -0.320440546032  -0.318262713588  4.067459 12.2 2460350.06713724      99.00000000
 2460350.5   5.989236221276   5.994753084374  -0.318131422558  -0.315948952529  4.069976 12.2 2460351.06538937      99.00000000
 2460351.5   5.995447257216   6.000958139742  -0.315816722148  -0.313629816690  4.072340 12.2 2460352.06364288      99.00000000
 2460352.5   6.001666848265   6.007171497510  -0.313496687485  -0.311305498385  4.074549 12.2 2460353.06189772      99.00000000
 2460353.5   6.007894570955   6.013392881597  -0.311171577174  -0.308976181955  4.076605 12.2 2460354.06015381      99.00000000
 2460354.5   6.014130105745   6.019622156652  -0.308841624379  -0.306642031952  4.078506 12.2 2460355.05841111      99.00000000
 2460355.5   6.020373067175   6.025859089862  -0.306507070405  -0.304303249468  4.080253 12.2 2460356.05666957      99.00000000
 2460356.5   6.026623185494   6.032103492577  -0.304168126653  -0.301960040536  4.081847 12.2 2460357.05492914      99.00000000
 2460357.5   6.032880129371   6.038355038704  -0.301825012623  -0.299612647556  4.083288 12.2 2460358.05318979      99.00000000
 2460358.5   6.039143681631   6.044613458177  -0.299477919753  -0.297261300981  4.084576 12.2 2460359.05145148      99.00000000
 2460359.5   6.045413558716   6.050878381380  -0.297127051260  -0.294906247862  4.085711 12.2 2460360.04971417      99.00000000
 2460360.5   6.051689585210   6.057149536106  -0.294772585482  -0.292547706763  4.086695 12.2 2460361.04797783      99.00000000
 2460361.5   6.057971513450   6.063426584554  -0.292414716045  -0.290185902798  4.087527 12.2 2460362.04624242      99.00000000
 2460362.5   6.064259198631   6.069709310447  -0.290053614096  -0.287821026889  4.088208 12.1 2460363.04450792      99.00000000
 2460363.5   6.070552419048   6.075997447332  -0.287689468755  -0.285453275122  4.088738 12.1 2460364.04277429      99.00000000
 2460364.5   6.076851051636   6.082290858083  -0.285322448466  -0.283082810230  4.089117 12.1 2460365.04104152      99.00000000
 2460365.5   6.083154892421   6.088589355760  -0.282952741990  -0.280709804205  4.089345 12.1 2460366.03930956      99.00000000
 2460366.5   6.089463832201   6.094892875709  -0.280580519029  -0.278334401498  4.089423 12.1 2460367.03757840      99.00000000
 2460367.5   6.095777677068   6.101201289576  -0.278205971805  -0.275956764189  4.089352 12.1 2460368.03584802      99.00000000
 2460368.5   6.102096324306   6.107514572265  -0.275829274916  -0.273577035602  4.089130 12.1 2460369.03411839      99.00000000
 2460369.5   6.108419583093   6.113832613079  -0.273450627441  -0.271195386244  4.088758 12.1 2460370.03238949      99.00000000
 2460370.5   6.114747350675   6.120155382040  -0.271070212036  -0.268811976234  4.088237 12.1 2460371.03066131      99.00000000
 2460371.5   6.121079433060   6.126482741305  -0.268688237697  -0.266427001196  4.087565 12.1 2460372.02893380      99.00000000
 2460372.5   6.127415721053   6.132814611866  -0.266304898343  -0.264040653570  4.086745 12.1 2460373.02720696      99.00000000
 2460373.5   6.133756010211   6.139150784214  -0.263920416580  -0.261653169089  4.085774 12.1 2460374.02548076      99.00000000
 2460374.5   6.140100175951   6.145491084862  -0.261535002095  -0.259264786954  4.084654 12.1 2460375.02375517      99.00000000
 2460375.5   6.146447992080   6.151835191539  -0.259148896539  -0.256875794063  4.083384 12.1 2460376.02203016      99.00000000
 2460376.5   6.152799305023   6.158182815794  -0.256762331362  -0.254486476930  4.081964 12.1 2460377.02030571      99.00000000
 2460377.5   6.159153852318   6.164533549645  -0.254375572648  -0.252097153385  4.080395 12.1 2460378.01858176      99.00000000
 2460378.5   6.165511439357   6.170887090696  -0.251988876268  -0.249708108325  4.078675 12.1 2460379.01685828      99.00000000
 2460379.5   6.171871763067   6.177243118253  -0.249602529920  -0.247319618443  4.076807 12.1 2460380.01513522      99.00000000
 2460380.5   6.178234596704   6.183601500716  -0.247216803341  -0.244931899910  4.074789 12.1 2460381.01341255      99.00000000
 2460381.5   6.184599621441   6.189962095825  -0.244831987409  -0.242545166464  4.072622 12.1 2460382.01169020      99.00000000
 2460382.5   6.190966616300   6.196324867540  -0.242448342510  -0.240159609064  4.070308 12.1 2460383.00996816      99.00000000
 2460383.5   6.197335288942   6.202689646692  -0.240066140278  -0.237775462724  4.067846 12.1 2460384.00824637      99.00000000
 2460384.5   6.203705460044   6.209056284869  -0.237685615634  -0.235392964927  4.065237 12.1 2460385.00652482      99.00000000
 2460385.5   6.210076885709   6.215424489541  -0.235307014008  -0.233012392986  4.062482 12.1 2460386.00480347      99.00000000
 2460386.5   6.216449434759   6.221794035119  -0.232930546363  -0.230634003209  4.059583 12.1 2460387.00308231      99.00000000
 2460387.5   6.222822906281   6.228164613955  -0.230556438900  -0.228258067291  4.056539 12.1 2460388.00136129      99.00000000
 2460388.5   6.229197205363   6.234536034950  -0.228184887696  -0.225884818854  4.053352 12.1 2460388.99964042      99.00000000
 2460389.5   6.235572160535   6.240908053415  -0.225816108456  -0.223514499679  4.050023 12.1 2460389.99791964      99.00000000
 2460390.5   6.241947700836   6.247280553111  -0.223450289600  -0.221147311909  4.046552 12.1 2460390.99619897      99.00000000
 2460391.5   6.248323674198   6.253653366009  -0.221087641905  -0.218783468065  4.042939 12.1 2460391.99447837      99.00000000
 2460392.5   6.254700025755   6.260026449718  -0.218728350411  -0.216423143856  4.039187 12.1 2460392.99275784      99.00000000
 2460393.5   6.261076616445   6.266399703657  -0.216372624492  -0.214066529720  4.035295 12.1 2460393.99103734      99.00000000
 2460394.5   6.267453401782   6.272773143113  -0.214020649088  -0.211713784162  4.031264 12.1 2460394.98931688      99.00000000
 2460395.5   6.273830249964   6.279146710386  -0.211672635569  -0.209365087624  4.027094 12.1 2460395.98759643      99.00000000
 2460396.5   6.280207120688   0.002335136915  -0.209328772455  -0.207020596957  4.022787 12.1 2460396.98587599      99.00000000
 2460397.5   0.003398575373   0.008708978641  -0.206989277107  -0.204680501326  4.018342 12.1 2460397.98415553      99.00000000
 2460398.5   0.009775184790   0.015082940741  -0.204654345852  -0.202344976469  4.013760 12.1 2460398.98243506      99.00000000
 2460399.5   0.016151502768   0.021456913385  -0.202324206396  -0.200014240719  4.009042 12.1 2460399.98071454      99.00000000
 2460400.5   0.022527474011   0.027830836152  -0.199999067294  -0.197688507096  4.004188 12.1 2460400.97899398      99.00000000
 2460401.5   0.028902942956   0.034204510060  -0.197679171120  -0.195368037832  3.999199 12.1 2460401.97727334      99.00000000
 2460402.5   0.035277832829   0.040577777082  -0.195364743343  -0.193053092830  3.994074 12.1 2460402.97555263      99.00000000
 2460403.5   0.041651960603   0.046950342884  -0.193056046280  -0.190743980386  3.988814 12.1 2460403.97383179      99.00000000
 2460404.5   0.048025216036   0.053321973994  -0.190753327100  -0.188440997829  3.983419 12.1 2460404.97211082      99.00000000
 2460405.5   0.054397376304   0.059692342847  -0.188456871768  -0.186144473212  3.977890 12.1 2460405.97038967      99.00000000
 2460406.5   0.060768287173   0.066061247190  -0.186166950680  -0.183854695526  3.972228 12.1 2460406.96866832      99.00000000
 2460407.5   0.067137680951   0.072428459789  -0.183883870498  -0.181571953753  3.966431 12.1 2460407.96694672      99.00000000
 2460408.5   0.073505364338   0.078793918404  -0.181607915391  -0.179296477316  3.960503 12.1 2460408.96522484      99.00000000
 2460409.5   0.079871043115   0.085157509371  -0.179339396062  -0.177028501901  3.954442 12.1 2460409.96350263      99.00000000
 2460410.5   0.086234516429   0.091519191859  -0.177078588403  -0.174768236709  3.948250 12.1 2460410.96178007      99.00000000
 2460411.5   0.092595502757   0.097878764061  -0.174825784188  -0.172515939636  3.941929 12.1 2460411.96005710      99.00000000
 2460412.5   0.098953831515   0.104236037047  -0.172581232633  -0.170271866264  3.935478 12.2 2460412.95833372      99.00000000
 2460413.5   0.105309261463   0.110590678090  -0.170345196749  -0.168036316231  3.928899 12.2 2460413.95660988      99.00000000
 2460414.5   0.111661665188   0.116942438090  -0.168117898553  -0.165809561057  3.922194 12.2 2460414.95488556      99.00000000
 2460415.5   0.118010840923   0.123291000438  -0.165899578837  -0.163591888801  3.915364 12.2 2460415.95316074      99.00000000
 2460416.5   0.124356694524   0.129636183948  -0.163690442445  -0.161383540783  3.908409 12.2 2460416.95143540      99.00000000
 2460417.5   0.130699050010   0.135977760410  -0.161490718295  -0.159184768629  3.901330 12.2 2460417.94970950      99.00000000
 2460418.5   0.137037833085   0.142315636890  -0.159300602845  -0.156995778148  3.894130 12.2 2460418.94798305      99.00000000
 2460419.5   0.143372882434   0.148649662934  -0.157120319774  -0.154816790484  3.886808 12.2 2460419.94625600      99.00000000
 2460420.5   0.149704135305   0.154979811482  -0.154950061864  -0.152647985700  3.879366 12.2 2460420.94452836      99.00000000
 2460421.5   0.156031439039   0.161305985733  -0.152790050991  -0.150489564308  3.871805 12.2 2460421.94280009      99.00000000
 2460422.5   0.162354737781   0.167628200230  -0.150640479151  -0.148341690224  3.864125 12.2 2460422.94107119      99.00000000
 2460423.5   0.168673883172   0.173946384192  -0.148501569417  -0.146204554250  3.856328 12.2 2460423.93934163      99.00000000
 2460424.5   0.174988821254   0.180260558512  -0.146373516565  -0.144078318430  3.848414 12.2 2460424.93761142      99.00000000
 2460425.5   0.181299401574   0.186570633105  -0.144256549267  -0.141963182837  3.840384 12.2 2460425.93588051      99.00000000
 2460426.5   0.187605563951   0.192876581648  -0.142150870326  -0.139859330966  3.832239 12.2 2460426.93414891      99.00000000
 2460427.5   0.193907145929   0.199178239516  -0.140056719908  -0.137766997407  3.823980 12.2 2460427.93241658      99.00000000
 2460428.5   0.200204069727   0.205475486295  -0.137974315024  -0.135686410218  3.815606 12.2 2460428.93068352      99.00000000
 2460429.5   0.206496148527   0.211768055059  -0.135903913391  -0.133617854831  3.807120 12.2 2460429.92894970      99.00000000
 2460430.5   0.212783274198   0.218055731158  -0.133845751733  -0.131561609279  3.798520 12.2 2460430.92721509      99.00000000
 2460431.5   0.219065222905   0.224338176821  -0.131800109917  -0.129518001675  3.789809 12.2 2460431.92547966      99.00000000
 2460432.5   0.225341844202   0.230615145441  -0.129767247642  -0.127487337233  3.780986 12.2 2460432.92374339      99.00000000
 2460433.5   0.231612866757   0.236886315117  -0.127747468270  -0.125469950098  3.772052 12.2 2460433.92200622      99.00000000
 2460434.5   0.237878090261   0.243151503459  -0.125741053016  -0.123466126172  3.763008 12.2 2460434.92026813      99.00000000
 2460435.5   0.244137193475   0.249410482866  -0.123748323324  -0.121476158874  3.753854 12.2 2460435.91852906      99.00000000
 2460436.5   0.250389931792   0.255663159047  -0.121769571450  -0.119500283432  3.744592 12.2 2460436.91678896      99.00000000
 2460437.5   0.256635949931   0.261909337608  -0.119805121108  -0.117538753424  3.735222 12.2 2460437.91504779      99.00000000
 2460438.5   0.262874985519   0.268148870598  -0.117855255689  -0.115591792779  3.725745 12.2 2460438.91330550      99.00000000
 2460439.5   0.269106683372   0.274381430896  -0.115920280288  -0.113659677935  3.716163 12.2 2460439.91156204      99.00000000
 2460440.5   0.275330798858   0.280606712861  -0.114000451746  -0.111742674687  3.706476 12.2 2460440.90981737      99.00000000
 2460441.5   0.281547006344   0.286824272262  -0.112096045732  -0.109841096734  3.696687 12.2 2460441.90807144      99.00000000
 2460442.5   0.287755096936   0.293033768162  -0.110207290123  -0.107955222738  3.686796 12.2 2460442.90632423      99.00000000
 2460443.5   0.293954779605   0.299234799354  -0.108334436087  -0.106085351896  3.676805 12.2 2460443.90457568      99.00000000
 2460444.5   0.300145875759   0.305427116392  -0.106477691957  -0.104231728591  3.666715 12.2 2460444.90282576      99.00000000
 2460445.5   0.306328117421   0.311610422060  -0.104637295207  -0.102394611067  3.656527 12.2 2460445.90107444      99.00000000
 2460446.5   0.312501343020   0.317784561260  -0.102813444467  -0.100574204315  3.646244 12.2 2460446.89932168      99.00000000
 2460447.5   0.318665295591   0.323949311069  -0.101006371265  -0.098770733901  3.635865 12.2 2460447.89756745      99.00000000
 2460448.5   0.324819821206   0.330104571735  -0.099216270047  -0.096984378415  3.625392 12.2 2460448.89581173      99.00000000
 2460449.5   0.330964667281   0.336250158659  -0.097443370208  -0.095215343285  3.614827 12.2 2460449.89405446      99.00000000
 2460450.5   0.337099682994   0.342385996581  -0.095687864880  -0.093463791548  3.604169 12.2 2460450.89229563      99.00000000
 2460451.5   0.343224616517   0.348511909211  -0.093949984116  -0.091729919261  3.593422 12.2 2460451.89053519      99.00000000
 2460452.5   0.349339316158   0.354627810323  -0.092229923167  -0.090013887483  3.582584 12.2 2460452.88877314      99.00000000
 2460453.5   0.355443525184   0.360733486267  -0.090527917414  -0.088315902100  3.571658 12.1 2460453.88700941      99.00000000
 2460454.5   0.361537082651   0.366828784323  -0.088844170385  -0.086636148119  3.560645 12.1 2460454.88524399      99.00000000
 2460455.5   0.367619715164   0.372913395821  -0.087178930345  -0.084974871880  3.549545 12.1 2460455.88347684      99.00000000
 2460456.5   0.373691237506   0.378987056666  -0.085532417479  -0.083332311772  3.538358 12.1 2460456.88170792      99.00000000
 2460457.5   0.379751342141   0.385049348398  -0.083904901239  -0.081708774336  3.527087 12.1 2460457.87993718      99.00000000
 2460458.5   0.385799801241   0.391099922943  -0.082296625524  -0.080104553217  3.515730 12.1 2460458.87816459      99.00000000
 2460459.5   0.391836255826   0.397138320758  -0.080707885683  -0.078519995116  3.504291 12.1 2460459.87639008      99.00000000
 2460460.5   0.397860421165   0.403164203880  -0.079138950803  -0.076955409400  3.492768 12.1 2460460.87461362      99.00000000
 2460461.5   0.403871877107   0.409177164375  -0.077590139895  -0.075411132588  3.481163 12.1 2460461.87283512      99.00000000
 2460462.5   0.409870278125   0.415176936556  -0.076061741055  -0.073887440871  3.469476 12.1 2460462.87105454      99.00000000
 2460463.5   0.415855145737   0.421163172433  -0.074554086901  -0.072384625926  3.457710 12.1 2460463.86927179      99.00000000
 2460464.5   0.421826083997   0.427135622947  -0.073067470839  -0.070902920538  3.445863 12.1 2460464.86748682      99.00000000
 2460465.5   0.427782574300   0.433093889617  -0.071602222434  -0.069442590092  3.433939 12.1 2460465.86569953      99.00000000
 2460466.5   0.433724195748   0.439037607567  -0.070158622083  -0.068003866090  3.421937 12.1 2460466.86390987      99.00000000
 2460467.5   0.439650420064   0.444966224127  -0.068736978475  -0.066587037325  3.409860 12.1 2460467.86211775      99.00000000
 2460468.5   0.445560832924   0.450879231934  -0.067337544258  -0.065192369326  3.397709 12.1 2460468.86032310      99.00000000
 2460469.5   0.451454924017   0.456775992168  -0.065960597984  -0.063820178569  3.385485 12.1 2460469.85852585      99.00000000
 2460470.5   0.457332305074   0.462655991223  -0.064606361954  -0.062470736550  3.373190 12.1 2460470.85672594      99.00000000
 2460471.5   0.463192492838   0.468518652456  -0.063275088271  -0.061144341702  3.360826 12.1 2460471.85492328      99.00000000
 2460472.5   0.469035124378   0.474363564081  -0.061966977019  -0.059841228544  3.348393 12.1 2460472.85311783      99.00000000
 2460473.5   0.474859735602   0.480190256294  -0.060682264021  -0.058561651586  3.335893 12.1 2460473.85130951      99.00000000
 2460474.5   0.480665977466   0.485998408720  -0.059421137124  -0.057305802334  3.323329 12.1 2460474.84949826      99.00000000
 2460475.5   0.486453393155   0.491787617019  -0.058183824278  -0.056073899546  3.310700 12.1 2460475.84768400      99.00000000
 2460476.5   0.492221637330   0.497557602948  -0.056970507392  -0.054866106037  3.298010 12.0 2460476.84586670      99.00000000
 2460477.5   0.497970252823   0.503307983603  -0.055781410979  -0.053682619422  3.285258 12.0 2460477.84404626      99.00000000
 2460478.5   0.503698892862   0.509038487069  -0.054616714186  -0.052523586423  3.272447 12.0 2460478.84222264      99.00000000
 2460479.5   0.509407096365   0.514748720139  -0.053476640940  -0.051389195110  3.259577 12.0 2460479.84039577      99.00000000
 2460480.5   0.515094511807   0.520438382490  -0.052361371044  -0.050279589740  3.246650 12.0 2460480.83856558      99.00000000
 2460481.5   0.520760669337   0.526107026697  -0.051271132724  -0.049194968300  3.233667 12.0 2460481.83673201      99.00000000
 2460482.5   0.526405204524   0.531754269979  -0.050206113367  -0.048135500449  3.220630 12.0 2460482.83489500      99.00000000
 2460483.5   0.532027625622   0.537379554441  -0.049166554668  -0.047101429505  3.207539 12.0 2460483.83305446      99.00000000
 2460484.5   0.537627536472   0.542982374822  -0.048152662408  -0.046092986745  3.194395 12.0 2460484.83121034      99.00000000
 2460485.5   0.543204399445   0.548562062165  -0.047164702866  -0.045110485458  3.181199 12.0 2460485.82936254      99.00000000
 2460486.5   0.548757759945   0.554118042523  -0.046202909497  -0.044154217827  3.167953 12.0 2460486.82751100      99.00000000
 2460487.5   0.554287008849   0.559649635875  -0.045267578361  -0.043224534001  3.154657 12.0 2460487.82565561      99.00000000
 2460488.5   0.559791613145   0.565156311067  -0.044358969862  -0.042321727613  3.141313 12.0 2460488.82379629      99.00000000
 2460489.5   0.565270881449   0.570637452684  -0.043477402623  -0.041446118750  3.127920 12.0 2460489.82193292      99.00000000
 2460490.5   0.570724202615   0.576092577775  -0.042623150946  -0.040597950809  3.114481 12.0 2460490.82006541      99.00000000
 2460491.5   0.576150813857   0.581521066965  -0.041796538915  -0.039777492899  3.100997 11.9 2460491.81819364      99.00000000
 2460492.5   0.581550045480   0.586922369795  -0.040997835615  -0.038984950144  3.087469 11.9 2460492.81631750      99.00000000
 2460493.5   0.586921088889   0.592295741927  -0.040227351477  -0.038220576101  3.073898 11.9 2460493.81443685      99.00000000
 2460494.5   0.592263244885   0.597640479327  -0.039485332798  -0.037484581074  3.060286 11.9 2460494.81255160      99.00000000
 2460495.5   0.597575688968   0.602955688710  -0.038772061675  -0.036777238860  3.046634 11.9 2460495.81066160      99.00000000
 2460496.5   0.602857720784   0.608240558931  -0.038087750825  -0.036098781094  3.032945 11.9 2460496.80876675      99.00000000
 2460497.5   0.608108524134   0.613494151490  -0.037432647965  -0.035449493533  3.019220 11.9 2460497.80686693      99.00000000
 2460498.5   0.613327415438   0.618715678301  -0.036806931168  -0.034829600180  3.005461 11.9 2460498.80496201      99.00000000
 2460499.5   0.618513596949   0.623904274423  -0.036210817361  -0.034239360064  2.991669 11.9 2460499.80305188      99.00000000
 2460500.5   0.623666404237   0.629059252419  -0.035644457044  -0.033678954271  2.977847 11.9 2460500.80113644      99.00000000
 2460501.5   0.628785053779   0.634179845807  -0.035108045386  -0.033148593077  2.963997 11.9 2460501.79921555      99.00000000
 2460502.5   0.633868891787   0.639265447899  -0.034601714610  -0.032648408805  2.950120 11.9 2460502.79728912      99.00000000
 2460503.5   0.638917138604   0.644315344633  -0.034125646492  -0.032178570210  2.936217 11.8 2460503.79535701      99.00000000
 2460504.5   0.643929141137   0.649328957053  -0.033679961640  -0.031739175062  2.922291 11.8 2460504.79341914      99.00000000
 2460505.5   0.648904115371   0.654305575691  -0.033264833378  -0.031330366401  2.908344 11.8 2460505.79147536      99.00000000
 2460506.5   0.653841403038   0.659244610573  -0.032880374285  -0.030952221881  2.894377 11.8 2460506.78952559      99.00000000
 2460507.5   0.658740211785   0.664145324177  -0.032526752307  -0.030604872074  2.880391 11.8 2460507.78756969      99.00000000
 2460508.5   0.663599875065   0.669007082710  -0.032204075476  -0.030288389074  2.866389 11.8 2460508.78560756      99.00000000
 2460509.5   0.668419588015   0.673829081273  -0.031912511396  -0.030002910870  2.852372 11.8 2460509.78363907      99.00000000
 2460510.5   0.673198668285   0.678610594612  -0.031652170990  -0.029748532711  2.838342 11.8 2460510.78166411      99.00000000
 2460511.5   0.677936284874   0.683350701576  -0.031423231941  -0.029525438003  2.824300 11.8 2460511.77968255      99.00000000
 2460512.5   0.682631717869   0.688048554467  -0.031225821011  -0.029333785990  2.810247 11.8 2460512.77769428      99.00000000
 2460513.5   0.687284079632   0.692703128575  -0.031060139845  -0.029173834360  2.796185 11.7 2460513.77569915      99.00000000
 2460514.5   0.691892575983   0.697313526544  -0.030926342695  -0.029045803821  2.782116 11.7 2460514.77369704      99.00000000
 2460515.5   0.696456225447   0.701878737829  -0.030824660786  -0.028949980495  2.768040 11.7 2460515.77168779      99.00000000
 2460516.5   0.700974130144   0.706397925466  -0.030755272036  -0.028886565695  2.753960 11.7 2460516.76967125      99.00000000
 2460517.5   0.705445200586   0.710870131090  -0.030718422901  -0.028855788374  2.739876 11.7 2460517.76764725      99.00000000
 2460518.5   0.709868440299   0.715294514092  -0.030714291827  -0.028857775488  2.725790 11.7 2460518.76561564      99.00000000
 2460519.5   0.714242674591   0.719670030798  -0.030743112846  -0.028892692641  2.711704 11.7 2460519.76357622      99.00000000
 2460520.5   0.718566843334   0.723995693533  -0.030805037481  -0.028960626274  2.697621 11.7 2460520.76152883      99.00000000
 2460521.5   0.722839726357   0.728270284827  -0.030900263905  -0.029061727596  2.683541 11.6 2460521.75947326      99.00000000
 2460522.5   0.727060238543   0.732492661400  -0.031028899016  -0.029196082741  2.669467 11.6 2460522.75740937      99.00000000
 2460523.5   0.731227148128   0.736661493240  -0.031191093430  -0.029363847590  2.655402 11.6 2460523.75533693      99.00000000
 2460524.5   0.735339372858   0.740775585529  -0.031386902907  -0.029565104450  2.641347 11.6 2460524.75325580      99.00000000
 2460525.5   0.739395690868   0.744833613591  -0.031616428348  -0.029799993057  2.627304 11.6 2460525.75116577      99.00000000
 2460526.5   0.743395038275   0.748834439193  -0.031879675665  -0.030068561336  2.613277 11.6 2460526.74906669      99.00000000
 2460527.5   0.747336212729   0.752776824066  -0.032176700179  -0.030370900666  2.599268 11.6 2460527.74695835      99.00000000
 2460528.5   0.751218172946   0.756659730872  -0.032507464129  -0.030706997751  2.585278 11.6 2460528.74484059      99.00000000
 2460529.5   0.755039735392   0.760482013723  -0.032871984746  -0.031076879287  2.571311 11.5 2460529.74271323      99.00000000
 2460530.5   0.758799877006   0.764242710875  -0.033270188370  -0.031480466602  2.557369 11.5 2460530.74057612      99.00000000
 2460531.5   0.762497426323   0.767940724325  -0.033702061458  -0.031917728218  2.543454 11.5 2460531.73842905      99.00000000
 2460532.5   0.766131371158   0.771575117500  -0.034167500591  -0.032388533434  2.529569 11.5 2460532.73627187      99.00000000
 2460533.5   0.769700545372   0.775144793604  -0.034666466264  -0.032892808794  2.515715 11.5 2460533.73410441      99.00000000
 2460534.5   0.773203942600   0.778648802824  -0.035198828868  -0.033430387614  2.501897 11.5 2460534.73192649      99.00000000
 2460535.5   0.776640398636   0.782086018230  -0.035764525963  -0.034001169803  2.488115 11.5 2460535.72973795      99.00000000
 2460536.5   0.780008910713   0.785455448364  -0.036363405031  -0.034604968860  2.474372 11.4 2460536.72753861      99.00000000
 2460537.5   0.783308313711   0.788755905509  -0.036995385473  -0.035241678443  2.460671 11.4 2460537.72532830      99.00000000
 2460538.5   0.786537602626   0.791986321826  -0.037660299142  -0.035911120246  2.447014 11.4 2460538.72310685      99.00000000
 2460539.5   0.789695599112   0.795145415461  -0.038358057941  -0.036613218379  2.433402 11.4 2460539.72087409      99.00000000
 2460540.5   0.792781273987   0.798232026812  -0.039088491872  -0.037347842466  2.419839 11.4 2460540.71862985      99.00000000
 2460541.5   0.795793401910   0.801244805482  -0.039851520555  -0.038114974822  2.406327 11.4 2460541.71637393      99.00000000
 2460542.5   0.798730885645   0.804182581036  -0.040646984792  -0.038914526508  2.392867 11.4 2460542.71410617      99.00000000
 2460543.5   0.801592405473   0.807044051311  -0.041474816544  -0.039746481052  2.379461 11.3 2460543.71182635      99.00000000
 2460544.5   0.804376757293   0.809828125620  -0.042334858523  -0.040610691426  2.366113 11.3 2460544.70953428      99.00000000
 2460545.5   0.807082509766   0.812533541973  -0.043227030405  -0.041507039152  2.352824 11.3 2460545.70722972      99.00000000
 2460546.5   0.809708364871   0.815159163517  -0.044151139155  -0.042435259910  2.339596 11.3 2460546.70491249      99.00000000
 2460547.5   0.812252821439   0.817703588060  -0.045107049009  -0.043395139456  2.326434 11.3 2460547.70258234      99.00000000
 2460548.5   0.814714548213   0.820165501034  -0.046094491218  -0.044386347804  2.313338 11.3 2460548.70023906      99.00000000
 2460549.5   0.817092039596   0.822543342558  -0.047113244297  -0.045408631140  2.300312 11.2 2460549.69788241      99.00000000
 2460550.5   0.819383989974   0.824835709976  -0.048162945175  -0.046461624306  2.287360 11.2 2460550.69551220      99.00000000
 2460551.5   0.821588935696   0.827041029252  -0.049243278283  -0.047545032756  2.274484 11.2 2460551.69312818      99.00000000
 2460552.5   0.823705630499   0.829157954259  -0.050353784841  -0.048658433297  2.261687 11.2 2460552.69073018      99.00000000
 2460553.5   0.825732676017   0.831185012546  -0.051494057838  -0.049801459336  2.248973 11.2 2460553.68831796      99.00000000
 2460554.5   0.827668901729   0.833120993730  -0.052663547249  -0.050973599008  2.236345 11.2 2460554.68589136      99.00000000
 2460555.5   0.829512986241   0.834964572552  -0.053861759955  -0.052174388420  2.223807 11.1 2460555.68345014      99.00000000
 2460556.5   0.831263843451   0.836714692192  -0.055088060399  -0.053403209051  2.211361 11.1 2460556.68099417      99.00000000
 2460557.5   0.832920235024   0.838370169276  -0.056341875407  -0.054659490171  2.199011 11.1 2460557.67852322      99.00000000
 2460558.5   0.834481163367   0.839930077460  -0.057622490085  -0.055942505832  2.186760 11.1 2460558.67603717      99.00000000
 2460559.5   0.835945475420   0.841393340362  -0.058929257370  -0.057251585833  2.174612 11.1 2460559.67353581      99.00000000
 2460560.5   0.837312263291   0.842759122624  -0.060261388788  -0.058585910461  2.162570 11.1 2460560.67101901      99.00000000
 2460561.5   0.838580459915   0.844026417059  -0.061618168592  -0.059944727687  2.150637 11.0 2460561.66848661      99.00000000
 2460562.5   0.839749248335   0.845194447822  -0.062998739291  -0.061327143252  2.138817 11.0 2460562.66593847      99.00000000
 2460563.5   0.840817649387   0.846262252665  -0.064402320770  -0.062732342875  2.127113 11.0 2460563.66337445      99.00000000
 2460564.5   0.841784939602   0.847229096828  -0.065827991221  -0.064159378004  2.115528 11.0 2460564.66079444      99.00000000
 2460565.5   0.842650229507   0.848094047428  -0.067274912275  -0.065607394928  2.104066 11.0 2460565.65819829      99.00000000
 2460566.5   0.843412888113   0.848856396990  -0.068742106362  -0.067075418383  2.092729 11.0 2460566.65558592      99.00000000
 2460567.5   0.844072108349   0.849515233601  -0.070228688689  -0.068562587912  2.081521 10.9 2460567.65295718      99.00000000
 2460568.5   0.844627334670   0.850069885719  -0.071733640863  -0.070067934121  2.070445 10.9 2460568.65031202      99.00000000
 2460569.5   0.845077812658   0.850519503585  -0.073256047915  -0.071590608864  2.059504 10.9 2460569.64765029      99.00000000
 2460570.5   0.845423020634   0.850863533082  -0.074794863806  -0.073129633939  2.048700 10.9 2460570.64497192      99.00000000
 2460571.5   0.845662209976   0.851101287245  -0.076349146867  -0.074684109362  2.038038 10.9 2460571.64227680      99.00000000
 2460572.5   0.845794854925   0.851232390480  -0.077917810112  -0.076252942150  2.027520 10.8 2460572.63956484      99.00000000
 2460573.5   0.845820201219   0.851256274212  -0.079499851473  -0.077835073426  2.017148 10.8 2460573.63683592      99.00000000
 2460574.5   0.845737747982   0.851172585295  -0.081094092255  -0.079429240046  2.006928 10.8 2460574.63408998      99.00000000
 2460575.5   0.845546805421   0.850980691790  -0.082699412880  -0.081034243311  1.996861 10.8 2460575.63132689      99.00000000
 2460576.5   0.845246995171   0.850680178830  -0.084314493130  -0.082648715669  1.986952 10.8 2460576.62854661      99.00000000
 2460577.5   0.844837794952   0.850270424822  -0.085938063563  -0.084271378630  1.977204 10.7 2460577.62574905      99.00000000
 2460578.5   0.844319038376   0.849751143558  -0.087568650383  -0.085900781164  1.967622 10.7 2460578.62293420      99.00000000
 2460579.5   0.843690436834   0.849121938420  -0.089204838789  -0.087535549056  1.958208 10.7 2460579.62010201      99.00000000
 2460580.5   0.842952079240   0.848382820546  -0.090845015928  -0.089174116434  1.948966 10.7 2460580.61725251      99.00000000
 2460581.5   0.842103936846   0.847533719524  -0.092487640166  -0.090814985203  1.939901 10.7 2460581.61438569      99.00000000
 2460582.5   0.841146370022   0.846574989704  -0.094130978461  -0.092456457748  1.931016 10.6 2460582.61150161      99.00000000
 2460583.5   0.840079621166   0.845506898467  -0.095773380019  -0.094096906499  1.922315 10.6 2460583.60860032      99.00000000
 2460584.5   0.838904331651   0.844330137434  -0.097413008168  -0.095734505151  1.913802 10.6 2460584.60568191      99.00000000
 2460585.5   0.837621023702   0.843045296361  -0.099048119017  -0.097367506228  1.905480 10.6 2460585.60274647      99.00000000
 2460586.5   0.836230627415   0.841653381707  -0.100676788710  -0.098993970472  1.897353 10.6 2460586.59979416      99.00000000
 2460587.5   0.834733950767   0.840155276763  -0.102297197513  -0.100612052516  1.889424 10.6 2460587.59682510      99.00000000
 2460588.5   0.833132216092   0.838552269153  -0.103907352778  -0.102219728506  1.881698 10.5 2460588.59383948      99.00000000
 2460589.5   0.831426517777   0.836845500026  -0.105505378265  -0.103815088964  1.874176 10.5 2460589.59083749      99.00000000
 2460590.5   0.829618368228   0.835036504352  -0.107089232756  -0.105396063110  1.866863 10.5 2460590.58781937      99.00000000
 2460591.5   0.827709143351   0.833126652339  -0.108657004347  -0.106960716772  1.859761 10.5 2460591.58478533      99.00000000
 2460592.5   0.825700638012   0.831117704074  -0.110206624987  -0.108506972106  1.852874 10.5 2460592.58173566      99.00000000
 2460593.5   0.823594498731   0.829011243265  -0.111736169952  -0.110032909768  1.846204 10.4 2460593.57867063      99.00000000
 2460594.5   0.821392787220   0.826809246181  -0.113243569011  -0.111536483957  1.839754 10.4 2460594.57559056      99.00000000
 2460595.5   0.819097398103   0.824513509801  -0.114726911189  -0.113015827209  1.833527 10.4 2460595.57249575      99.00000000
 2460596.5   0.816710627904   0.822126240527  -0.116184152299  -0.114468955974  1.827526 10.4 2460596.56938656      99.00000000
 2460597.5   0.814234576159   0.819649483211  -0.117613422794  -0.115894067721  1.821752 10.4 2460597.56626333      99.00000000
 2460598.5   0.811671721000   0.817085728270  -0.119012727727  -0.117289224055  1.816207 10.4 2460598.56312645      99.00000000
 2460599.5   0.809024310497   0.814437320457  -0.120380251208  -0.118652631964  1.810895 10.3 2460599.55997627      99.00000000
 2460600.5   0.806294958136   0.811707038470  -0.121714042389  -0.119982315646  1.805817 10.3 2460600.55681321      99.00000000
 2460601.5   0.803486042285   0.808897437779  -0.123012312783  -0.121276417931  1.800976 10.3 2460601.55363763      99.00000000
 2460602.5   0.800600335876   0.806011409332  -0.124273112197  -0.122532905085  1.796373 10.3 2460602.55044997      99.00000000
 2460603.5   0.797640415920   0.803051544588  -0.125494630651  -0.123749903417  1.792010 10.3 2460603.54725065      99.00000000
 2460604.5   0.794609311710   0.800020791300  -0.126674880767  -0.124925405477  1.787891 10.3 2460604.54404014      99.00000000
 2460605.5   0.791509897899   0.796921891371  -0.127812016786  -0.126057588325  1.784016 10.3 2460605.54081889      99.00000000
 2460606.5   0.788345535760   0.793758072954  -0.128904027255  -0.127144491831  1.780389 10.2 2460606.53758744      99.00000000
 2460607.5   0.785119437090   0.790532446884  -0.129949065179  -0.128184329097  1.777010 10.2 2460607.53434630      99.00000000
 2460608.5   0.781835299114   0.787248653871  -0.130945141191  -0.129175166838  1.773883 10.2 2460608.53109604      99.00000000
 2460609.5   0.778496649084   0.783910206670  -0.131890455217  -0.130115248561  1.771008 10.2 2460609.52783721      99.00000000
 2460610.5   0.775107483734   0.780521121865  -0.132783084712  -0.131002681317  1.768388 10.2 2460610.52457046      99.00000000
 2460611.5   0.771671603714   0.777085244939  -0.133621315451  -0.131835765417  1.766023 10.2 2460611.52129638      99.00000000
 2460612.5   0.768193262085   0.773606891046  -0.134403325520  -0.132612680546  1.763916 10.2 2460612.51801562      99.00000000
 2460613.5   0.764676490732   0.770090163473  -0.135127516378  -0.133331817279  1.762066 10.2 2460613.51472884      99.00000000
 2460614.5   0.761125757026   0.766539602849  -0.135792194559  -0.133991462068  1.760475 10.2 2460614.51143672      99.00000000
 2460615.5   0.757545281261   0.762959495754  -0.136395903967  -0.134590131539  1.759144 10.2 2460615.50813993      99.00000000
 2460616.5   0.753939699287   0.759354528895  -0.136937106359  -0.135126258265  1.758072 10.2 2460616.50483920      99.00000000
 2460617.5   0.750313370136   0.755729088217  -0.137414514683  -0.135598528117  1.757261 10.2 2460617.50153522 2460618.49822869
 2460618.5   0.746671043338   0.752087920759  -0.137826772299  -0.136005566002  1.756710 10.2 2460619.49492041      99.00000000
 2460619.5   0.743017157316   0.748435430566  -0.138172786328  -0.136346272947  1.756418 10.2 2460620.49161103      99.00000000
 2460620.5   0.739356511403   0.744776353569  -0.138451405144  -0.136619508116  1.756387 10.2 2460621.48830134      99.00000000
 2460621.5   0.735693556500   0.741115055321  -0.138661750754  -0.136824421362  1.756614 10.2 2460622.48499198      99.00000000
 2460622.5   0.732033071923   0.737456220406  -0.138802894406  -0.136960128538  1.757099 10.2 2460623.48168377      99.00000000
 2460623.5   0.728379449378   0.733804152750  -0.138874187295  -0.137026036546  1.757841 10.2 2460624.47837733      99.00000000
 2460624.5   0.724737374249   0.730163477757  -0.138874933943  -0.137021509504  1.758839 10.2 2460625.47507342      99.00000000
 2460625.5   0.721111104374   0.726538442424  -0.138804719530  -0.136946182688  1.760091 10.2 2460626.47177266      99.00000000
 2460626.5   0.717505157784   0.722933619722  -0.138663078835  -0.136799617731  1.761596 10.2 2460627.46847578      99.00000000
 2460627.5   0.713923592868   0.719353188477  -0.138449816439  -0.136581608962  1.763352 10.2 2460628.46518335      99.00000000
 2460628.5   0.710370711485   0.715801609942  -0.138164668135  -0.136291842988  1.765358 10.2 2460629.46189609      99.00000000
 2460629.5   0.706850352672   0.712282867986  -0.137807612722  -0.135930223136  1.767612 10.2 2460630.45861453      99.00000000
 2460630.5   0.703366618854   0.708801137488  -0.137378529992  -0.135496556969  1.770112 10.2 2460631.45533936      99.00000000
 2460631.5   0.699923182725   0.705360060542  -0.136877513527  -0.134990897618  1.772856 10.3 2460632.45207110      99.00000000
 2460632.5   0.696524021928   0.701963497498  -0.136304538451  -0.134413226870  1.775843 10.3 2460633.44881041      99.00000000
 2460633.5   0.693172716689   0.698614874128  -0.135659785704  -0.133763771207  1.779071 10.3 2460634.44555781      99.00000000
 2460634.5   0.689873169952   0.695317954703  -0.134943323102  -0.133042663429  1.782538 10.3 2460635.44231396      99.00000000
 2460635.5   0.686628884514   0.692076150537  -0.134155435804  -0.132250251312  1.786242 10.3 2460636.43907933      99.00000000
 2460636.5   0.683443669413   0.688893233827  -0.133296310917  -0.131386770329  1.790181 10.3 2460637.43585458      99.00000000
 2460637.5   0.680320907974   0.685772596875  -0.132366364182  -0.130452664824  1.794352 10.3 2460638.43264017      99.00000000
 2460638.5   0.677264262902   0.682717943746  -0.131365922013  -0.129448272102  1.798753 10.3 2460639.42943671      99.00000000
 2460639.5   0.674276946260   0.679732547196  -0.130295542053  -0.128374145110  1.803382 10.4 2460640.42624464      99.00000000
 2460640.5   0.671362428451   0.676819948206  -0.129155693556  -0.127230737240  1.808237 10.4 2460641.42306454      99.00000000
 2460641.5   0.668523712612   0.673983222476  -0.127947073841  -0.126018720733  1.813313 10.4 2460642.41989682      99.00000000
 2460642.5   0.665764046045   0.671225685264  -0.126670289612  -0.124738671904  1.818608 10.4 2460643.41674202      99.00000000
 2460643.5   0.663086197441   0.668550160848  -0.125326171301  -0.123391387782  1.824120 10.4 2460644.41360050      99.00000000
 2460644.5   0.660493167478   0.665959685202  -0.123915456950  -0.121977575274  1.829844 10.4 2460645.41047277      99.00000000
 2460645.5   0.657987466916   0.663456775714  -0.122439105127  -0.120498168298  1.835778 10.5 2460646.40735916      99.00000000
 2460646.5   0.655571823874   0.661044133203  -0.120897981501  -0.118954020913  1.841918 10.5 2460647.40426013      99.00000000
 2460647.5   0.653248462482   0.658723919961  -0.119293169565  -0.117346221523  1.848260 10.5 2460648.40117594      99.00000000
 2460648.5   0.651019806675   0.656498471003  -0.117625658780  -0.115675783856  1.854801 10.5 2460649.39810703      99.00000000
 2460649.5   0.648887761564   0.654369590000  -0.115896651553  -0.113943950815  1.861536 10.5 2460650.39505359      99.00000000
 2460650.5   0.646854415704   0.652339272410  -0.114107251656  -0.112151877450  1.868463 10.5 2460651.39201601      99.00000000
 2460651.5   0.644921328431   0.650409014563  -0.112258766414  -0.110300922239  1.875577 10.5 2460652.38899443      99.00000000
 2460652.5   0.643090232583   0.648580535426  -0.110352394957  -0.108392324665  1.882873 10.6 2460653.38598916      99.00000000
 2460653.5   0.641362330330   0.646855082501  -0.108389525400  -0.106427490350  1.890348 10.6 2460654.38300032      99.00000000
 2460654.5   0.639738997819   0.645234134121  -0.106371422814  -0.104407672346  1.897999 10.6 2460655.38002814      99.00000000
 2460655.5   0.638221092246   0.643718686870  -0.104299521178  -0.102334261133  1.905820 10.6 2460656.37707269      99.00000000
 2460656.5   0.636809661025   0.642309929317  -0.102175111053  -0.100208481707  1.913808 10.6 2460657.37413417      99.00000000
 2460657.5   0.635505263424   0.641008518835  -0.099999627208  -0.098031698285  1.921960 10.6 2460658.37121260      99.00000000
 2460658.5   0.634308684868   0.639815259614  -0.097774338787  -0.095805128251  1.930271 10.7 2460659.36830814      99.00000000
 2460659.5   0.633220269967   0.638730425482  -0.095500637663  -0.093530147657  1.938738 10.7 2460660.36542078      99.00000000
 2460660.5   0.632240632321   0.637754494676  -0.093179737459  -0.091207995449  1.947357 10.7 2460661.36255067      99.00000000
 2460661.5   0.631369985682   0.636887528147  -0.090812968141  -0.088840055684  1.956126 10.7 2460662.35969779      99.00000000
 2460662.5   0.630608835854   0.636129908338  -0.088401485858  -0.086427548189  1.965040 10.7 2460663.35686225      99.00000000
 2460663.5   0.629957302712   0.635481687467  -0.085946571177  -0.083971807327  1.974096 10.7 2460664.35404403      99.00000000
 2460664.5   0.629415794659   0.634943265153  -0.083449343659  -0.081473987037  1.983291 10.8 2460665.35124322      99.00000000
 2460665.5   0.628984329045   0.634514695705  -0.080911056938  -0.078935353062  1.992621 10.8 2460666.34845978      99.00000000
 2460666.5   0.628663198938   0.634196337560  -0.078332812824  -0.076357001345  2.002083 10.8 2460667.34569379      99.00000000
 2460667.5   0.628452300790   0.633988165121  -0.075715850815  -0.073740151782  2.011673 10.8 2460668.34294518      99.00000000
 2460668.5   0.628351798706   0.633890422284  -0.073061261688  -0.071085867468  2.021388 10.8 2460669.34021401      99.00000000
 2460669.5   0.628361461453   0.633902951579  -0.070370272960  -0.068395342959  2.031225 10.8 2460670.33750020      99.00000000
 2460670.5   0.628481323504   0.634025849637  -0.067643963943  -0.065669623239  2.041178 10.8 2460671.33480378      99.00000000
 2460671.5   0.628711029424   0.634258805144  -0.064883549151  -0.062909889282  2.051246 10.9 2460672.33212466      99.00000000
 2460672.5   0.629050488820   0.634601747131  -0.062090096371  -0.060117180812  2.061423 10.9 2460673.32946285      99.00000000
 2460673.5   0.629499225289   0.635054186396  -0.059264809113  -0.057292682719  2.071707 10.9 2460674.32681822      99.00000000
 2460674.5   0.630057022593   0.635615857378  -0.056408748049  -0.054437452711  2.082094 10.9 2460675.32419079      99.00000000
 2460675.5   0.630723276493   0.636286071529  -0.053523112181  -0.051552705778  2.092580 10.9 2460676.32158041      99.00000000
 2460676.5   0.631497631779   0.637064366909  -0.050608962371  -0.048639539174  2.103161 10.9 2460677.31898704      99.00000000
