 2460309.5  -0.0000169632  -0.0053421719  -0.0023210403   0.0053420818  -0.0000142700  -0.0000450044   0.0023212476   0.0000326044  -0.0000026946
 2460310.5  -0.0000169670  -0.0053427770  -0.0023213032   0.0053426864  -0.0000142733  -0.0000452499   0.0023215118   0.0000328472  -0.0000026953
 2460311.5  -0.0000169699  -0.0053432336  -0.0023215017   0.0053431425  -0.0000142757  -0.0000454411   0.0023217114   0.0000330362  -0.0000026957
 2460312.5  -0.0000169722  -0.0053436022  -0.0023216621   0.0053435108  -0.0000142777  -0.0000455556   0.0023218724   0.0000331490  -0.0000026961
 2460313.5  -0.0000169745  -0.0053439554  -0.0023218158   0.0053438640  -0.0000142796  -0.0000455822   0.0023220262   0.0000331740  -0.0000026965
 2460314.5  -0.0000169771  -0.0053443722  -0.0023219970   0.0053442809  -0.0000142818  -0.0000455215   0.0023222072   0.0000331114  -0.0000026969
 2460315.5  -0.0000169807  -0.0053449306  -0.0023222397   0.0053448396  -0.0000142848  -0.0000453880   0.0023224491   0.0000329752  -0.0000026974
 2460316.5  -0.0000169856  -0.0053456976  -0.0023225727   0.0053456070  -0.0000142889  -0.0000452108   0.0023227812   0.0000327945  -0.0000026982
 2460317.5  -0.0000169920  -0.0053467144  -0.0023230141   0.0053466242  -0.0000142943  -0.0000450337   0.0023232217   0.0000326127  -0.0000026992
 2460318.5  -0.0000170001  -0.0053479788  -0.0023235628   0.0053478889  -0.0000143011  -0.0000449105   0.0023237697   0.0000324836  -0.0000027005
 2460319.5  -0.0000170093  -0.0053494290  -0.0023241920   0.0053493391  -0.0000143088  -0.0000448946   0.0023243989   0.0000324609  -0.0000027019
 2460320.5  -0.0000170189  -0.0053509422  -0.0023248486   0.0053508520  -0.0000143169  -0.0000450219   0.0023250562   0.0000325812  -0.0000027035
 2460321.5  -0.0000170279  -0.0053523580  -0.0023254628   0.0053522671  -0.0000143245  -0.0000452934   0.0023256720   0.0000328461  -0.0000027049
 2460322.5  -0.0000170353  -0.0053535273  -0.0023259703   0.0053534355  -0.0000143308  -0.0000456666   0.0023261814   0.0000332139  -0.0000027061
 2460323.5  -0.0000170407  -0.0053543685  -0.0023263355   0.0053542758  -0.0000143353  -0.0000460648   0.0023265488   0.0000336082  -0.0000027070
 2460324.5  -0.0000170441  -0.0053548995  -0.0023265663   0.0053548060  -0.0000143382  -0.0000464033   0.0023267814   0.0000339442  -0.0000027075
 2460325.5  -0.0000170462  -0.0053552277  -0.0023267091   0.0053551337  -0.0000143399  -0.0000466185   0.0023269254   0.0000341578  -0.0000027079
 2460326.5  -0.0000170479  -0.0053555057  -0.0023268302   0.0053554116  -0.0000143414  -0.0000466865   0.0023270469   0.0000342245  -0.0000027082
 2460327.5  -0.0000170503  -0.0053558795  -0.0023269929   0.0053557855  -0.0000143434  -0.0000466247   0.0023272092   0.0000341610  -0.0000027085
 2460328.5  -0.0000170539  -0.0053564500  -0.0023272408   0.0053563563  -0.0000143465  -0.0000464799   0.0023274563   0.0000340136  -0.0000027091
 2460329.5  -0.0000170591  -0.0053572571  -0.0023275912   0.0053571639  -0.0000143508  -0.0000463120   0.0023278059   0.0000338419  -0.0000027099
 2460330.5  -0.0000170656  -0.0053582822  -0.0023280362   0.0053581892  -0.0000143563  -0.0000461785   0.0023282502   0.0000337036  -0.0000027109
 2460331.5  -0.0000170731  -0.0053594616  -0.0023285480   0.0053593687  -0.0000143626  -0.0000461235   0.0023287617   0.0000336432  -0.0000027121
 2460332.5  -0.0000170811  -0.0053607057  -0.0023290879   0.0053606127  -0.0000143693  -0.0000461718   0.0023293019   0.0000336856  -0.0000027134
 2460333.5  -0.0000170888  -0.0053619184  -0.0023296141   0.0053618250  -0.0000143758  -0.0000463269   0.0023298291   0.0000338352  -0.0000027146
 2460334.5  -0.0000170958  -0.0053630147  -0.0023300900   0.0053629208  -0.0000143816  -0.0000465735   0.0023303062   0.0000340766  -0.0000027157
 2460335.5  -0.0000171016  -0.0053639341  -0.0023304891   0.0053638394  -0.0000143866  -0.0000468817   0.0023307070   0.0000343805  -0.0000027167
 2460336.5  -0.0000171062  -0.0053646477  -0.0023307990   0.0053645522  -0.0000143904  -0.0000472138   0.0023310188   0.0000347093  -0.0000027174
 2460337.5  -0.0000171094  -0.0053651599  -0.0023310216   0.0053650637  -0.0000143932  -0.0000475310   0.0023312431   0.0000350241  -0.0000027180
 2460338.5  -0.0000171116  -0.0053655046  -0.0023311716   0.0053654077  -0.0000143950  -0.0000477993   0.0023313945   0.0000352908  -0.0000027183
 2460339.5  -0.0000171131  -0.0053657378  -0.0023312733   0.0053656405  -0.0000143963  -0.0000479934   0.0023314973   0.0000354838  -0.0000027186
 2460340.5  -0.0000171144  -0.0053659300  -0.0023313572   0.0053658325  -0.0000143973  -0.0000480995   0.0023315817   0.0000355890  -0.0000027188
 2460341.5  -0.0000171158  -0.0053661576  -0.0023314565   0.0053660600  -0.0000143986  -0.0000481162   0.0023316811   0.0000356047  -0.0000027190
 2460342.5  -0.0000171180  -0.0053664954  -0.0023316035   0.0053663980  -0.0000144004  -0.0000480550   0.0023318278   0.0000355418  -0.0000027193
 2460343.5  -0.0000171212  -0.0053670085  -0.0023318265   0.0053669113  -0.0000144031  -0.0000479400   0.0023320502   0.0000354245  -0.0000027199
 2460344.5  -0.0000171259  -0.0053677429  -0.0023321454   0.0053676459  -0.0000144071  -0.0000478077   0.0023323684   0.0000352887  -0.0000027206
 2460345.5  -0.0000171321  -0.0053687134  -0.0023325667   0.0053686168  -0.0000144123  -0.0000477040   0.0023327892   0.0000351805  -0.0000027216
 2460346.5  -0.0000171396  -0.0053698906  -0.0023330776   0.0053697940  -0.0000144186  -0.0000476791   0.0023333000   0.0000351502  -0.0000027228
 2460347.5  -0.0000171479  -0.0053711904  -0.0023336416   0.0053710935  -0.0000144256  -0.0000477763   0.0023338645   0.0000352413  -0.0000027241
 2460348.5  -0.0000171562  -0.0053724779  -0.0023342003   0.0053723805  -0.0000144325  -0.0000480164   0.0023344246   0.0000354754  -0.0000027254
 2460349.5  -0.0000171633  -0.0053735947  -0.0023346850   0.0053734963  -0.0000144385  -0.0000483824   0.0023349112   0.0000358361  -0.0000027266
 2460350.5  -0.0000171685  -0.0053744112  -0.0023350395   0.0053743119  -0.0000144429  -0.0000488135   0.0023352681   0.0000362634  -0.0000027274
 2460351.5  -0.0000171715  -0.0053748845  -0.0023352452   0.0053747842  -0.0000144455  -0.0000492200   0.0023354761   0.0000366677  -0.0000027279
 2460352.5  -0.0000171728  -0.0053750833  -0.0023353320   0.0053749824  -0.0000144465  -0.0000495159   0.0023355645   0.0000369627  -0.0000027281
 2460353.5  -0.0000171733  -0.0053751624  -0.0023353669   0.0053750611  -0.0000144470  -0.0000496520   0.0023356001   0.0000370984  -0.0000027282
 2460354.5  -0.0000171742  -0.0053752970  -0.0023354258   0.0053751958  -0.0000144477  -0.0000496312   0.0023356589   0.0000370770  -0.0000027283
 2460355.5  -0.0000171762  -0.0053756200  -0.0023355664   0.0053755190  -0.0000144494  -0.0000495001   0.0023357987   0.0000369444  -0.0000027287
 2460356.5  -0.0000171799  -0.0053761899  -0.0023358140   0.0053760893  -0.0000144525  -0.0000493260   0.0023360455   0.0000367676  -0.0000027292
 2460357.5  -0.0000171850  -0.0053769931  -0.0023361628   0.0053768929  -0.0000144568  -0.0000491745   0.0023363934   0.0000366124  -0.0000027300
 2460358.5  -0.0000171912  -0.0053779648  -0.0023365846   0.0053778647  -0.0000144620  -0.0000490949   0.0023368148   0.0000365282  -0.0000027310
 2460359.5  -0.0000171979  -0.0053790140  -0.0023370400   0.0053789139  -0.0000144677  -0.0000491145   0.0023372704   0.0000365430  -0.0000027321
 2460360.5  -0.0000172045  -0.0053800458  -0.0023374879   0.0053799454  -0.0000144732  -0.0000492390   0.0023377189   0.0000366626  -0.0000027331
 2460361.5  -0.0000172105  -0.0053809763  -0.0023378918   0.0053808754  -0.0000144782  -0.0000494553   0.0023381241   0.0000368745  -0.0000027341
 2460362.5  -0.0000172154  -0.0053817434  -0.0023382249   0.0053816418  -0.0000144824  -0.0000497367   0.0023384587   0.0000371523  -0.0000027349
 2460363.5  -0.0000172190  -0.0053823129  -0.0023384723   0.0053822105  -0.0000144855  -0.0000500481   0.0023387078   0.0000374611  -0.0000027355
 2460364.5  -0.0000172214  -0.0053826809  -0.0023386324   0.0053825778  -0.0000144874  -0.0000503516   0.0023388696   0.0000377628  -0.0000027359
 2460365.5  -0.0000172226  -0.0053828728  -0.0023387162   0.0053827692  -0.0000144885  -0.0000506115   0.0023389548   0.0000380218  -0.0000027361
 2460366.5  -0.0000172230  -0.0053829389  -0.0023387455   0.0053828349  -0.0000144889  -0.0000507997   0.0023389850   0.0000382097  -0.0000027362
 2460367.5  -0.0000172231  -0.0053829469  -0.0023387495   0.0053828426  -0.0000144889  -0.0000508989   0.0023389896   0.0000383090  -0.0000027362
 2460368.5  -0.0000172232  -0.0053829729  -0.0023387614   0.0053828685  -0.0000144890  -0.0000509050   0.0023390015   0.0000383148  -0.0000027362
 2460369.5  -0.0000172240  -0.0053830919  -0.0023388135   0.0053829877  -0.0000144897  -0.0000508271   0.0023390532   0.0000382364  -0.0000027363
 2460370.5  -0.0000172258  -0.0053833686  -0.0023389341   0.0053832648  -0.0000144912  -0.0000506876   0.0023391730   0.0000380957  -0.0000027366
 2460371.5  -0.0000172289  -0.0053838491  -0.0023391429   0.0053837456  -0.0000144937  -0.0000505197   0.0023393810   0.0000379255  -0.0000027371
 2460372.5  -0.0000172334  -0.0053845519  -0.0023394481   0.0053844488  -0.0000144975  -0.0000503647   0.0023396854   0.0000377672  -0.0000027378
 2460373.5  -0.0000172392  -0.0053854603  -0.0023398425   0.0053853574  -0.0000145024  -0.0000502672   0.0023400793   0.0000376655  -0.0000027387
 2460374.5  -0.0000172459  -0.0053865158  -0.0023403007   0.0053864129  -0.0000145081  -0.0000502685   0.0023405375   0.0000376618  -0.0000027398
 2460375.5  -0.0000172530  -0.0053876168  -0.0023407785   0.0053875136  -0.0000145140  -0.0000503958   0.0023410160   0.0000377840  -0.0000027409
 2460376.5  -0.0000172595  -0.0053886298  -0.0023412182   0.0053885260  -0.0000145195  -0.0000506503   0.0023414572   0.0000380338  -0.0000027419
 2460377.5  -0.0000172645  -0.0053894196  -0.0023415612   0.0053893150  -0.0000145238  -0.0000509968   0.0023418020   0.0000383766  -0.0000027428
 2460378.5  -0.0000172676  -0.0053898968  -0.0023417686   0.0053897913  -0.0000145263  -0.0000513636   0.0023420114   0.0000387410  -0.0000027433
 2460379.5  -0.0000172687  -0.0053900646  -0.0023418419   0.0053899584  -0.0000145273  -0.0000516600   0.0023420864   0.0000390367  -0.0000027434
 2460380.5  -0.0000172685  -0.0053900341  -0.0023418293   0.0053899275  -0.0000145271  -0.0000518104   0.0023420745   0.0000391872  -0.0000027434
 2460381.5  -0.0000172682  -0.0053899853  -0.0023418087   0.0053898788  -0.0000145268  -0.0000517852   0.0023420538   0.0000391623  -0.0000027434
 2460382.5  -0.0000172688  -0.0053900936  -0.0023418562   0.0053899875  -0.0000145274  -0.0000516123   0.0023421004   0.0000389889  -0.0000027435
 2460383.5  -0.0000172712  -0.0053904641  -0.0023420174   0.0053903586  -0.0000145294  -0.0000513600   0.0023422603   0.0000387348  -0.0000027438
 2460384.5  -0.0000172754  -0.0053911092  -0.0023422977   0.0053910043  -0.0000145329  -0.0000511072   0.0023425391   0.0000384789  -0.0000027445
 2460385.5  -0.0000172809  -0.0053919663  -0.0023426698   0.0053918618  -0.0000145375  -0.0000509179   0.0023429103   0.0000382857  -0.0000027454
 2460386.5  -0.0000172871  -0.0053929343  -0.0023430899   0.0053928300  -0.0000145427  -0.0000508293   0.0023433300   0.0000381925  -0.0000027463
 2460387.5  -0.0000172933  -0.0053939058  -0.0023435117   0.0053938014  -0.0000145479  -0.0000508509   0.0023437519   0.0000382096  -0.0000027473
 2460388.5  -0.0000172989  -0.0053947890  -0.0023438951   0.0053946843  -0.0000145527  -0.0000509706   0.0023441360   0.0000383251  -0.0000027482
 2460389.5  -0.0000173036  -0.0053955177  -0.0023442116   0.0053954126  -0.0000145567  -0.0000511619   0.0023444535   0.0000385130  -0.0000027490
 2460390.5  -0.0000173071  -0.0053960550  -0.0023444451   0.0053959493  -0.0000145596  -0.0000513899   0.0023446882   0.0000387385  -0.0000027495
 2460391.5  -0.0000173092  -0.0053963934  -0.0023445923   0.0053962872  -0.0000145614  -0.0000516173   0.0023448367   0.0000389643  -0.0000027499
 2460392.5  -0.0000173103  -0.0053965530  -0.0023446621   0.0053964464  -0.0000145623  -0.0000518082   0.0023449076   0.0000391545  -0.0000027501
 2460393.5  -0.0000173104  -0.0053965784  -0.0023446737   0.0053964715  -0.0000145624  -0.0000519327   0.0023449198   0.0000392789  -0.0000027501
 2460394.5  -0.0000173101  -0.0053965333  -0.0023446548   0.0053964263  -0.0000145622  -0.0000519704   0.0023449011   0.0000393168  -0.0000027501
 2460395.5  -0.0000173099  -0.0053964929  -0.0023446378   0.0053963860  -0.0000145619  -0.0000519133   0.0023448838   0.0000392598  -0.0000027500
 2460396.5  -0.0000173101  -0.0053965343  -0.0023446563   0.0053964278  -0.0000145622  -0.0000517673   0.0023449016   0.0000391137  -0.0000027501
 2460397.5  -0.0000173114  -0.0053967261  -0.0023447401   0.0053966201  -0.0000145632  -0.0000515527   0.0023449841   0.0000388982  -0.0000027502
 2460398.5  -0.0000173139  -0.0053971176  -0.0023449104   0.0053970121  -0.0000145653  -0.0000513015   0.0023451531   0.0000386451  -0.0000027506
 2460399.5  -0.0000173178  -0.0053977299  -0.0023451764   0.0053976250  -0.0000145686  -0.0000510541   0.0023454178   0.0000383949  -0.0000027512
 2460400.5  -0.0000173231  -0.0053985496  -0.0023455323   0.0053984452  -0.0000145730  -0.0000508537   0.0023457726   0.0000381906  -0.0000027521
 2460401.5  -0.0000173293  -0.0053995259  -0.0023459561   0.0053994218  -0.0000145783  -0.0000507395   0.0023461958   0.0000380718  -0.0000027530
 2460402.5  -0.0000173361  -0.0054005728  -0.0023464105   0.0054004686  -0.0000145839  -0.0000507388   0.0023466503   0.0000380662  -0.0000027541
 2460403.5  -0.0000173425  -0.0054015778  -0.0023468467   0.0054014733  -0.0000145894  -0.0000508583   0.0023470872   0.0000381810  -0.0000027551
 2460404.5  -0.0000173479  -0.0054024217  -0.0023472131   0.0054023167  -0.0000145939  -0.0000510770   0.0023474548   0.0000383957  -0.0000027560
 2460405.5  -0.0000173517  -0.0054030093  -0.0023474684   0.0054029037  -0.0000145971  -0.0000513431   0.0023477115   0.0000386591  -0.0000027566
 2460406.5  -0.0000173536  -0.0054033061  -0.0023475976   0.0054031999  -0.0000145987  -0.0000515812   0.0023478421   0.0000388957  -0.0000027569
 2460407.5  -0.0000173540  -0.0054033667  -0.0023476245   0.0054032601  -0.0000145991  -0.0000517118   0.0023478696   0.0000390261  -0.0000027570
 2460408.5  -0.0000173538  -0.0054033317  -0.0023476099   0.0054032252  -0.0000145989  -0.0000516808   0.0023478549   0.0000389953  -0.0000027570
 2460409.5  -0.0000173541  -0.0054033829  -0.0023476327   0.0054032769  -0.0000145991  -0.0000514832   0.0023478766   0.0000387974  -0.0000027570
 2460410.5  -0.0000173560  -0.0054036725  -0.0023477588   0.0054035672  -0.0000146007  -0.0000511667   0.0023480010   0.0000384796  -0.0000027573
 2460411.5  -0.0000173598  -0.0054042670  -0.0023480171   0.0054041626  -0.0000146039  -0.0000508112   0.0023482574   0.0000381213  -0.0000027579
 2460412.5  -0.0000173654  -0.0054051352  -0.0023483940   0.0054050315  -0.0000146086  -0.0000504971   0.0023486326   0.0000378031  -0.0000027588
 2460413.5  -0.0000173721  -0.0054061767  -0.0023488461   0.0054060736  -0.0000146142  -0.0000502804   0.0023490836   0.0000375815  -0.0000027598
 2460414.5  -0.0000173791  -0.0054072670  -0.0023493193   0.0054071641  -0.0000146201  -0.0000501834   0.0023495563   0.0000374794  -0.0000027609
 2460415.5  -0.0000173857  -0.0054082931  -0.0023497647   0.0054081901  -0.0000146256  -0.0000501992   0.0023500018   0.0000374904  -0.0000027620
 2460416.5  -0.0000173913  -0.0054091730  -0.0023501467   0.0054090697  -0.0000146304  -0.0000503010   0.0023503844   0.0000375880  -0.0000027629
 2460417.5  -0.0000173957  -0.0054098611  -0.0023504456   0.0054097575  -0.0000146341  -0.0000504519   0.0023506841   0.0000377357  -0.0000027636
 2460418.5  -0.0000173989  -0.0054103459  -0.0023506563   0.0054102419  -0.0000146367  -0.0000506127   0.0023508957   0.0000378942  -0.0000027641
 2460419.5  -0.0000174008  -0.0054106446  -0.0023507863   0.0054105402  -0.0000146384  -0.0000507463   0.0023510265   0.0000380264  -0.0000027644
 2460420.5  -0.0000174018  -0.0054107984  -0.0023508536   0.0054106939  -0.0000146392  -0.0000508215   0.0023510942   0.0000381008  -0.0000027646
 2460421.5  -0.0000174022  -0.0054108676  -0.0023508842   0.0054107630  -0.0000146396  -0.0000508156   0.0023511247   0.0000380946  -0.0000027646
 2460422.5  -0.0000174026  -0.0054109250  -0.0023509096   0.0054108207  -0.0000146399  -0.0000507171   0.0023511496   0.0000379959  -0.0000027647
 2460423.5  -0.0000174034  -0.0054110489  -0.0023509639   0.0054109451  -0.0000146405  -0.0000505279   0.0023512029   0.0000378061  -0.0000027648
 2460424.5  -0.0000174051  -0.0054113128  -0.0023510789   0.0054112096  -0.0000146420  -0.0000502642   0.0023513165   0.0000375411  -0.0000027651
 2460425.5  -0.0000174081  -0.0054117738  -0.0023512793   0.0054116713  -0.0000146444  -0.0000499559   0.0023515153   0.0000372307  -0.0000027655
 2460426.5  -0.0000174125  -0.0054124609  -0.0023515778   0.0054123592  -0.0000146482  -0.0000496433   0.0023518120   0.0000369148  -0.0000027662
 2460427.5  -0.0000174183  -0.0054133665  -0.0023519709   0.0054132653  -0.0000146530  -0.0000493711   0.0023522037   0.0000366384  -0.0000027671
 2460428.5  -0.0000174252  -0.0054144426  -0.0023524379   0.0054143418  -0.0000146589  -0.0000491806   0.0023526697   0.0000364428  -0.0000027682
 2460429.5  -0.0000174327  -0.0054156053  -0.0023529425   0.0054155047  -0.0000146652  -0.0000491007   0.0023531739   0.0000363574  -0.0000027694
 2460430.5  -0.0000174401  -0.0054167468  -0.0023534379   0.0054166461  -0.0000146713  -0.0000491401   0.0023536696   0.0000363915  -0.0000027705
 2460431.5  -0.0000174466  -0.0054177548  -0.0023538755   0.0054176538  -0.0000146768  -0.0000492824   0.0023541080   0.0000365290  -0.0000027716
 2460432.5  -0.0000174516  -0.0054185384  -0.0023542158   0.0054184369  -0.0000146811  -0.0000494845   0.0023544493   0.0000367274  -0.0000027724
 2460433.5  -0.0000174549  -0.0054190547  -0.0023544402   0.0054189528  -0.0000146839  -0.0000496829   0.0023546748   0.0000369234  -0.0000027729
 2460434.5  -0.0000174567  -0.0054193308  -0.0023545604   0.0054192285  -0.0000146854  -0.0000498067   0.0023547958   0.0000370460  -0.0000027732
 2460435.5  -0.0000174576  -0.0054194683  -0.0023546206   0.0054193661  -0.0000146861  -0.0000497980   0.0023548559   0.0000370366  -0.0000027734
 2460436.5  -0.0000174586  -0.0054196222  -0.0023546879   0.0054195204  -0.0000146869  -0.0000496321   0.0023549223   0.0000368700  -0.0000027735
 2460437.5  -0.0000174607  -0.0054199529  -0.0023548318   0.0054198518  -0.0000146887  -0.0000493305   0.0023550646   0.0000365668  -0.0000027738
 2460438.5  -0.0000174647  -0.0054205695  -0.0023550997   0.0054204692  -0.0000146920  -0.0000489552   0.0023553305   0.0000361886  -0.0000027744
 2460439.5  -0.0000174706  -0.0054214923  -0.0023555003   0.0054213928  -0.0000146970  -0.0000485871   0.0023557291   0.0000358161  -0.0000027754
 2460440.5  -0.0000174781  -0.0054226530  -0.0023560041   0.0054225543  -0.0000147033  -0.0000482975   0.0023562313   0.0000355210  -0.0000027765
 2460441.5  -0.0000174863  -0.0054239291  -0.0023565578   0.0054238307  -0.0000147102  -0.0000481281   0.0023567842   0.0000353457  -0.0000027778
 2460442.5  -0.0000174945  -0.0054251880  -0.0023571041   0.0054250897  -0.0000147171  -0.0000480860   0.0023573303   0.0000352976  -0.0000027791
 2460443.5  -0.0000175018  -0.0054263224  -0.0023575964   0.0054262240  -0.0000147232  -0.0000481496   0.0023578230   0.0000353559  -0.0000027803
 2460444.5  -0.0000175079  -0.0054272663  -0.0023580062   0.0054271675  -0.0000147283  -0.0000482814   0.0023582335   0.0000354832  -0.0000027813
 2460445.5  -0.0000175126  -0.0054279958  -0.0023583230   0.0054278966  -0.0000147323  -0.0000484385   0.0023585511   0.0000356369  -0.0000027820
 2460446.5  -0.0000175160  -0.0054285228  -0.0023585520   0.0054284233  -0.0000147352  -0.0000485804   0.0023587810   0.0000357763  -0.0000027826
 2460447.5  -0.0000175183  -0.0054288862  -0.0023587101   0.0054287865  -0.0000147372  -0.0000486731   0.0023589396   0.0000358673  -0.0000027829
 2460448.5  -0.0000175200  -0.0054291441  -0.0023588225   0.0054290443  -0.0000147386  -0.0000486918   0.0023590521   0.0000358848  -0.0000027832
 2460449.5  -0.0000175214  -0.0054293675  -0.0023589199   0.0054292679  -0.0000147398  -0.0000486223   0.0023591491   0.0000358142  -0.0000027834
 2460450.5  -0.0000175231  -0.0054296340  -0.0023590360   0.0054295347  -0.0000147412  -0.0000484627   0.0023592644   0.0000356534  -0.0000027837
 2460451.5  -0.0000175256  -0.0054300196  -0.0023592038   0.0054299210  -0.0000147433  -0.0000482245   0.0023594308   0.0000354134  -0.0000027841
 2460452.5  -0.0000175293  -0.0054305894  -0.0023594513   0.0054304914  -0.0000147464  -0.0000479333   0.0023596769   0.0000351195  -0.0000027847
 2460453.5  -0.0000175344  -0.0054313846  -0.0023597966   0.0054312874  -0.0000147507  -0.0000476271   0.0023600205   0.0000348095  -0.0000027855
 2460454.5  -0.0000175411  -0.0054324108  -0.0023602421   0.0054323142  -0.0000147562  -0.0000473514   0.0023604645   0.0000345290  -0.0000027865
 2460455.5  -0.0000175489  -0.0054336297  -0.0023607710   0.0054335335  -0.0000147629  -0.0000471518   0.0023609924   0.0000343236  -0.0000027877
 2460456.5  -0.0000175575  -0.0054349597  -0.0023613481   0.0054348637  -0.0000147701  -0.0000470632   0.0023615690   0.0000342288  -0.0000027891
 2460457.5  -0.0000175661  -0.0054362888  -0.0023619249   0.0054361927  -0.0000147773  -0.0000470997   0.0023621460   0.0000342590  -0.0000027905
 2460458.5  -0.0000175739  -0.0054374975  -0.0023624494   0.0054374010  -0.0000147839  -0.0000472481   0.0023626714   0.0000344016  -0.0000027917
 2460459.5  -0.0000175803  -0.0054384880  -0.0023628794   0.0054383911  -0.0000147893  -0.0000474675   0.0023631026   0.0000346164  -0.0000027927
 2460460.5  -0.0000175850  -0.0054392121  -0.0023631938   0.0054391145  -0.0000147932  -0.0000476973   0.0023634183   0.0000348428  -0.0000027935
 2460461.5  -0.0000175881  -0.0054396875  -0.0023634005   0.0054395896  -0.0000147958  -0.0000478701   0.0023636259   0.0000350133  -0.0000027940
 2460462.5  -0.0000175901  -0.0054399997  -0.0023635364   0.0054399016  -0.0000147975  -0.0000479296   0.0023637621   0.0000350713  -0.0000027943
 2460463.5  -0.0000175919  -0.0054402832  -0.0023636598   0.0054401853  -0.0000147991  -0.0000478465   0.0023638852   0.0000349869  -0.0000027946
 2460464.5  -0.0000175945  -0.0054406866  -0.0023638353   0.0054405892  -0.0000148012  -0.0000476292   0.0023640595   0.0000347677  -0.0000027950
 2460465.5  -0.0000175987  -0.0054413294  -0.0023641146   0.0054412328  -0.0000148047  -0.0000473225   0.0023643371   0.0000344580  -0.0000027956
 2460466.5  -0.0000176048  -0.0054422649  -0.0023645207   0.0054421690  -0.0000148098  -0.0000469956   0.0023647414   0.0000341267  -0.0000027966
 2460467.5  -0.0000176125  -0.0054434654  -0.0023650416   0.0054433701  -0.0000148163  -0.0000467208   0.0023652609   0.0000338462  -0.0000027978
 2460468.5  -0.0000176214  -0.0054448353  -0.0023656360   0.0054447404  -0.0000148238  -0.0000465520   0.0023658544   0.0000336709  -0.0000027992
 2460469.5  -0.0000176305  -0.0054462453  -0.0023662478   0.0054461504  -0.0000148315  -0.0000465125   0.0023664660   0.0000336248  -0.0000028007
 2460470.5  -0.0000176391  -0.0054475712  -0.0023668232   0.0054474762  -0.0000148387  -0.0000465935   0.0023670419   0.0000336995  -0.0000028020
 2460471.5  -0.0000176466  -0.0054487227  -0.0023673229   0.0054486273  -0.0000148450  -0.0000467626   0.0023675426   0.0000338631  -0.0000028032
 2460472.5  -0.0000176526  -0.0054496547  -0.0023677275   0.0054495588  -0.0000148501  -0.0000469758   0.0023679484   0.0000340719  -0.0000028042
 2460473.5  -0.0000176572  -0.0054503657  -0.0023680363   0.0054502692  -0.0000148539  -0.0000471884   0.0023682583   0.0000342811  -0.0000028049
 2460474.5  -0.0000176606  -0.0054508882  -0.0023682634   0.0054507913  -0.0000148568  -0.0000473620   0.0023684863   0.0000344523  -0.0000028055
 2460475.5  -0.0000176631  -0.0054512781  -0.0023684330   0.0054511810  -0.0000148589  -0.0000474683   0.0023686566   0.0000345567  -0.0000028059
 2460476.5  -0.0000176652  -0.0054516056  -0.0023685755   0.0054515084  -0.0000148607  -0.0000474902   0.0023687992   0.0000345770  -0.0000028062
 2460477.5  -0.0000176674  -0.0054519470  -0.0023687241   0.0054518499  -0.0000148626  -0.0000474230   0.0023689474   0.0000345082  -0.0000028066
 2460478.5  -0.0000176702  -0.0054523788  -0.0023689119   0.0054522821  -0.0000148649  -0.0000472742   0.0023691344   0.0000343574  -0.0000028070
 2460479.5  -0.0000176741  -0.0054529700  -0.0023691687   0.0054528738  -0.0000148681  -0.0000470646   0.0023693901   0.0000341449  -0.0000028076
 2460480.5  -0.0000176793  -0.0054537719  -0.0023695169   0.0054536762  -0.0000148725  -0.0000468270   0.0023697371   0.0000339036  -0.0000028084
 2460481.5  -0.0000176860  -0.0054548066  -0.0023699660   0.0054547114  -0.0000148781  -0.0000466047   0.0023701850   0.0000336764  -0.0000028095
 2460482.5  -0.0000176941  -0.0054560548  -0.0023705077   0.0054559600  -0.0000148849  -0.0000464453   0.0023707258   0.0000335111  -0.0000028107
 2460483.5  -0.0000177031  -0.0054574493  -0.0023711128   0.0054573547  -0.0000148925  -0.0000463908   0.0023713306   0.0000334500  -0.0000028122
 2460484.5  -0.0000177124  -0.0054588803  -0.0023717337   0.0054587854  -0.0000149004  -0.0000464657   0.0023719520   0.0000335181  -0.0000028136
 2460485.5  -0.0000177211  -0.0054602166  -0.0023723135   0.0054601212  -0.0000149077  -0.0000466657   0.0023725329   0.0000337118  -0.0000028150
 2460486.5  -0.0000177284  -0.0054613403  -0.0023728012   0.0054612442  -0.0000149138  -0.0000469543   0.0023730222   0.0000339950  -0.0000028162
 2460487.5  -0.0000177338  -0.0054621832  -0.0023731672   0.0054620864  -0.0000149184  -0.0000472691   0.0023733900   0.0000343058  -0.0000028171
 2460488.5  -0.0000177375  -0.0054627510  -0.0023734139   0.0054626535  -0.0000149215  -0.0000475383   0.0023736382   0.0000345723  -0.0000028177
 2460489.5  -0.0000177399  -0.0054631233  -0.0023735758   0.0054630254  -0.0000149236  -0.0000477013   0.0023738010   0.0000347336  -0.0000028181
 2460490.5  -0.0000177419  -0.0054634314  -0.0023737100   0.0054633335  -0.0000149253  -0.0000477255   0.0023739353   0.0000347563  -0.0000028184
 2460491.5  -0.0000177445  -0.0054638209  -0.0023738794   0.0054637233  -0.0000149274  -0.0000476150   0.0023741042   0.0000346440  -0.0000028188
 2460492.5  -0.0000177483  -0.0054644118  -0.0023741362   0.0054643147  -0.0000149306  -0.0000474082   0.0023743598   0.0000344343  -0.0000028194
 2460493.5  -0.0000177539  -0.0054652682  -0.0023745080   0.0054651716  -0.0000149353  -0.0000471660   0.0023747303   0.0000341881  -0.0000028203
 2460494.5  -0.0000177611  -0.0054663844  -0.0023749924   0.0054662883  -0.0000149414  -0.0000469558   0.0023752136   0.0000339726  -0.0000028214
 2460495.5  -0.0000177696  -0.0054676910  -0.0023755594   0.0054675952  -0.0000149485  -0.0000468336   0.0023757799   0.0000338442  -0.0000028227
 2460496.5  -0.0000177786  -0.0054690771  -0.0023761608   0.0054689812  -0.0000149561  -0.0000468313   0.0023763814   0.0000338353  -0.0000028242
 2460497.5  -0.0000177874  -0.0054704212  -0.0023767440   0.0054703250  -0.0000149634  -0.0000469521   0.0023769653   0.0000339497  -0.0000028256
 2460498.5  -0.0000177952  -0.0054716205  -0.0023772645   0.0054715238  -0.0000149700  -0.0000471730   0.0023774870   0.0000341649  -0.0000028268
 2460499.5  -0.0000178016  -0.0054726103  -0.0023776941   0.0054725129  -0.0000149754  -0.0000474543   0.0023779182   0.0000344415  -0.0000028278
 2460500.5  -0.0000178066  -0.0054733704  -0.0023780242   0.0054732724  -0.0000149796  -0.0000477504   0.0023782500   0.0000347339  -0.0000028286
 2460501.5  -0.0000178101  -0.0054739209  -0.0023782635   0.0054738222  -0.0000149826  -0.0000480185   0.0023784907   0.0000349995  -0.0000028292
 2460502.5  -0.0000178127  -0.0054743117  -0.0023784334   0.0054742125  -0.0000149848  -0.0000482257   0.0023786618   0.0000352048  -0.0000028296
 2460503.5  -0.0000178146  -0.0054746108  -0.0023785637   0.0054745113  -0.0000149864  -0.0000483510   0.0023787927   0.0000353287  -0.0000028300
 2460504.5  -0.0000178165  -0.0054748945  -0.0023786872   0.0054747948  -0.0000149880  -0.0000483867   0.0023789165   0.0000353630  -0.0000028303
 2460505.5  -0.0000178187  -0.0054752391  -0.0023788372   0.0054751396  -0.0000149899  -0.0000483374   0.0023790662   0.0000353121  -0.0000028306
 2460506.5  -0.0000178218  -0.0054757142  -0.0023790437   0.0054756150  -0.0000149925  -0.0000482202   0.0023792721   0.0000351926  -0.0000028311
 2460507.5  -0.0000178261  -0.0054763759  -0.0023793311   0.0054762770  -0.0000149961  -0.0000480631   0.0023795587   0.0000350323  -0.0000028318
 2460508.5  -0.0000178319  -0.0054772573  -0.0023797138   0.0054771588  -0.0000150009  -0.0000479043   0.0023799405   0.0000348694  -0.0000028327
 2460509.5  -0.0000178390  -0.0054783586  -0.0023801918   0.0054782604  -0.0000150069  -0.0000477887   0.0023804179   0.0000347485  -0.0000028338
 2460510.5  -0.0000178473  -0.0054796368  -0.0023807464   0.0054795386  -0.0000150139  -0.0000477613   0.0023809724   0.0000347151  -0.0000028351
 2460511.5  -0.0000178562  -0.0054810012  -0.0023813385   0.0054809028  -0.0000150214  -0.0000478564   0.0023815650   0.0000348037  -0.0000028365
 2460512.5  -0.0000178648  -0.0054823238  -0.0023819124   0.0054822248  -0.0000150287  -0.0000480847   0.0023821402   0.0000350256  -0.0000028379
 2460513.5  -0.0000178723  -0.0054834678  -0.0023824089   0.0054833680  -0.0000150349  -0.0000484225   0.0023826386   0.0000353580  -0.0000028391
 2460514.5  -0.0000178779  -0.0054843311  -0.0023827837   0.0054842304  -0.0000150397  -0.0000488121   0.0023830155   0.0000357435  -0.0000028400
 2460515.5  -0.0000178816  -0.0054848868  -0.0023830251   0.0054847852  -0.0000150428  -0.0000491752   0.0023832590   0.0000361039  -0.0000028406
 2460516.5  -0.0000178836  -0.0054851983  -0.0023831607   0.0054850960  -0.0000150445  -0.0000494382   0.0023833961   0.0000363654  -0.0000028410
 2460517.5  -0.0000178849  -0.0054853994  -0.0023832485   0.0054852968  -0.0000150456  -0.0000495565   0.0023834845   0.0000364828  -0.0000028412
 2460518.5  -0.0000178865  -0.0054856478  -0.0023833568   0.0054855454  -0.0000150469  -0.0000495280   0.0023835926   0.0000364531  -0.0000028414
 2460519.5  -0.0000178893  -0.0054860759  -0.0023835429   0.0054859738  -0.0000150493  -0.0000493895   0.0023837780   0.0000363125  -0.0000028419
 2460520.5  -0.0000178937  -0.0054867562  -0.0023838384   0.0054866545  -0.0000150530  -0.0000492025   0.0023840725   0.0000361223  -0.0000028426
 2460521.5  -0.0000178998  -0.0054876913  -0.0023842444   0.0054875900  -0.0000150581  -0.0000490342   0.0023844775   0.0000359495  -0.0000028435
 2460522.5  -0.0000179072  -0.0054888225  -0.0023847353   0.0054887214  -0.0000150643  -0.0000489409   0.0023849680   0.0000358509  -0.0000028447
 2460523.5  -0.0000179152  -0.0054900512  -0.0023852685   0.0054899500  -0.0000150711  -0.0000489575   0.0023855013   0.0000358616  -0.0000028460
 2460524.5  -0.0000179232  -0.0054912648  -0.0023857952   0.0054911633  -0.0000150778  -0.0000490928   0.0023860288   0.0000359911  -0.0000028472
 2460525.5  -0.0000179303  -0.0054923613  -0.0023862711   0.0054922592  -0.0000150838  -0.0000493313   0.0023865060   0.0000362244  -0.0000028484
 2460526.5  -0.0000179362  -0.0054932674  -0.0023866644   0.0054931646  -0.0000150888  -0.0000496394   0.0023869011   0.0000365282  -0.0000028493
 2460527.5  -0.0000179407  -0.0054939489  -0.0023869604   0.0054938452  -0.0000150925  -0.0000499740   0.0023871989   0.0000368596  -0.0000028500
 2460528.5  -0.0000179437  -0.0054944115  -0.0023871615   0.0054943071  -0.0000150951  -0.0000502915   0.0023874018   0.0000371748  -0.0000028505
 2460529.5  -0.0000179456  -0.0054946951  -0.0023872850   0.0054945901  -0.0000150967  -0.0000505548   0.0023875268   0.0000374367  -0.0000028508
 2460530.5  -0.0000179467  -0.0054948628  -0.0023873583   0.0054947573  -0.0000150976  -0.0000507387   0.0023876011   0.0000376198  -0.0000028510
 2460531.5  -0.0000179475  -0.0054949899  -0.0023874140   0.0054948842  -0.0000150983  -0.0000508313   0.0023876573   0.0000377119  -0.0000028512
 2460532.5  -0.0000179486  -0.0054951534  -0.0023874854   0.0054950476  -0.0000150992  -0.0000508347   0.0023877287   0.0000377144  -0.0000028513
 2460533.5  -0.0000179503  -0.0054954236  -0.0023876032   0.0054953181  -0.0000151007  -0.0000507631   0.0023878461   0.0000376415  -0.0000028516
 2460534.5  -0.0000179532  -0.0054958578  -0.0023877920   0.0054957525  -0.0000151030  -0.0000506415   0.0023880342   0.0000375179  -0.0000028521
 2460535.5  -0.0000179573  -0.0054964935  -0.0023880681   0.0054963886  -0.0000151065  -0.0000505041   0.0023883096   0.0000373775  -0.0000028527
 2460536.5  -0.0000179629  -0.0054973417  -0.0023884363   0.0054972370  -0.0000151112  -0.0000503911   0.0023886773   0.0000372604  -0.0000028536
 2460537.5  -0.0000179696  -0.0054983789  -0.0023888866   0.0054982743  -0.0000151169  -0.0000503450   0.0023891273   0.0000372094  -0.0000028547
 2460538.5  -0.0000179772  -0.0054995410  -0.0023893909   0.0054994362  -0.0000151233  -0.0000504035   0.0023896319   0.0000372623  -0.0000028559
 2460539.5  -0.0000179850  -0.0055007227  -0.0023899037   0.0055006175  -0.0000151298  -0.0000505887   0.0023901459   0.0000374418  -0.0000028571
 2460540.5  -0.0000179919  -0.0055017922  -0.0023903679   0.0055016862  -0.0000151357  -0.0000508955   0.0023906117   0.0000377435  -0.0000028582
 2460541.5  -0.0000179974  -0.0055026233  -0.0023907288   0.0055025164  -0.0000151403  -0.0000512829   0.0023909748   0.0000381270  -0.0000028591
 2460542.5  -0.0000180008  -0.0055031432  -0.0023909547   0.0055030354  -0.0000151431  -0.0000516776   0.0023912029   0.0000385192  -0.0000028597
 2460543.5  -0.0000180023  -0.0055033712  -0.0023910541   0.0055032626  -0.0000151444  -0.0000519943   0.0023913041   0.0000388348  -0.0000028599
 2460544.5  -0.0000180026  -0.0055034232  -0.0023910772   0.0055033142  -0.0000151447  -0.0000521665   0.0023913281   0.0000390067  -0.0000028600
 2460545.5  -0.0000180029  -0.0055034709  -0.0023910985   0.0055033619  -0.0000151450  -0.0000521724   0.0023913494   0.0000390124  -0.0000028600
 2460546.5  -0.0000180043  -0.0055036766  -0.0023911883   0.0055035679  -0.0000151461  -0.0000520414   0.0023914385   0.0000388804  -0.0000028602
 2460547.5  -0.0000180073  -0.0055041389  -0.0023913893   0.0055040307  -0.0000151486  -0.0000518383   0.0023916384   0.0000386751  -0.0000028607
 2460548.5  -0.0000180121  -0.0055048726  -0.0023917079   0.0055047648  -0.0000151527  -0.0000516383   0.0023919559   0.0000384715  -0.0000028615
 2460549.5  -0.0000180183  -0.0055058208  -0.0023921195   0.0055057133  -0.0000151579  -0.0000515047   0.0023923668   0.0000383334  -0.0000028624
 2460550.5  -0.0000180253  -0.0055068837  -0.0023925808   0.0055067763  -0.0000151637  -0.0000514765   0.0023928280   0.0000383002  -0.0000028636
 2460551.5  -0.0000180322  -0.0055079486  -0.0023930430   0.0055078410  -0.0000151696  -0.0000515653   0.0023932908   0.0000383839  -0.0000028647
 2460552.5  -0.0000180386  -0.0055089141  -0.0023934621   0.0055088060  -0.0000151749  -0.0000517585   0.0023937110   0.0000385725  -0.0000028657
 2460553.5  -0.0000180437  -0.0055097053  -0.0023938057   0.0055095965  -0.0000151793  -0.0000520260   0.0023940560   0.0000388362  -0.0000028665
 2460554.5  -0.0000180475  -0.0055102821  -0.0023940563   0.0055101726  -0.0000151825  -0.0000523276   0.0023943083   0.0000391350  -0.0000028671
 2460555.5  -0.0000180499  -0.0055106413  -0.0023942126   0.0055105311  -0.0000151845  -0.0000526206   0.0023944662   0.0000394263  -0.0000028675
 2460556.5  -0.0000180510  -0.0055108131  -0.0023942877   0.0055107024  -0.0000151854  -0.0000528668   0.0023945427   0.0000396717  -0.0000028677
 2460557.5  -0.0000180513  -0.0055108538  -0.0023943059   0.0055107426  -0.0000151857  -0.0000530374   0.0023945618   0.0000398421  -0.0000028678
 2460558.5  -0.0000180511  -0.0055108353  -0.0023942984   0.0055107239  -0.0000151856  -0.0000531165   0.0023945548   0.0000399212  -0.0000028677
 2460559.5  -0.0000180511  -0.0055108352  -0.0023942990   0.0055107239  -0.0000151856  -0.0000531022   0.0023945553   0.0000399070  -0.0000028677
 2460560.5  -0.0000180517  -0.0055109260  -0.0023943389   0.0055108149  -0.0000151861  -0.0000530063   0.0023945947   0.0000398106  -0.0000028678
 2460561.5  -0.0000180533  -0.0055111669  -0.0023944439   0.0055110561  -0.0000151874  -0.0000528520   0.0023946988   0.0000396551  -0.0000028681
 2460562.5  -0.0000180561  -0.0055115975  -0.0023946311   0.0055114871  -0.0000151897  -0.0000526712   0.0023948851   0.0000394723  -0.0000028685
 2460563.5  -0.0000180603  -0.0055122324  -0.0023949070   0.0055121225  -0.0000151932  -0.0000525014   0.0023951600   0.0000392994  -0.0000028692
 2460564.5  -0.0000180657  -0.0055130571  -0.0023952650   0.0055129474  -0.0000151978  -0.0000523819   0.0023955174   0.0000391759  -0.0000028700
 2460565.5  -0.0000180720  -0.0055140240  -0.0023956848   0.0055139145  -0.0000152031  -0.0000523484   0.0023959370   0.0000391379  -0.0000028710
 2460566.5  -0.0000180788  -0.0055150521  -0.0023961310   0.0055149423  -0.0000152088  -0.0000524268   0.0023963837   0.0000392113  -0.0000028721
 2460567.5  -0.0000180852  -0.0055160315  -0.0023965561   0.0055159212  -0.0000152142  -0.0000526234   0.0023968100   0.0000394033  -0.0000028731
 2460568.5  -0.0000180905  -0.0055168419  -0.0023969080   0.0055167310  -0.0000152187  -0.0000529166   0.0023971635   0.0000396925  -0.0000028740
 2460569.5  -0.0000180941  -0.0055173855  -0.0023971443   0.0055172737  -0.0000152217  -0.0000532518   0.0023974016   0.0000400252  -0.0000028746
 2460570.5  -0.0000180957  -0.0055176297  -0.0023972507   0.0055175172  -0.0000152230  -0.0000535495   0.0023975097   0.0000403217  -0.0000028748
 2460571.5  -0.0000180957  -0.0055176388  -0.0023972552   0.0055175259  -0.0000152231  -0.0000537279   0.0023975152   0.0000405000  -0.0000028749
 2460572.5  -0.0000180953  -0.0055175665  -0.0023972245   0.0055174536  -0.0000152227  -0.0000537357   0.0023974845   0.0000405082  -0.0000028748
 2460573.5  -0.0000180955  -0.0055176010  -0.0023972400   0.0055174884  -0.0000152229  -0.0000535762   0.0023974991   0.0000403485  -0.0000028748
 2460574.5  -0.0000180974  -0.0055178887  -0.0023973653   0.0055177768  -0.0000152245  -0.0000533058   0.0023976229   0.0000400767  -0.0000028751
 2460575.5  -0.0000181013  -0.0055184831  -0.0023976235   0.0055183718  -0.0000152277  -0.0000530085   0.0023978795   0.0000397766  -0.0000028757
 2460576.5  -0.0000181069  -0.0055193401  -0.0023979956   0.0055192294  -0.0000152325  -0.0000527638   0.0023982503   0.0000395278  -0.0000028766
 2460577.5  -0.0000181136  -0.0055203528  -0.0023984352   0.0055202425  -0.0000152380  -0.0000526239   0.0023986891   0.0000393830  -0.0000028776
 2460578.5  -0.0000181204  -0.0055213943  -0.0023988872   0.0055212840  -0.0000152438  -0.0000526070   0.0023991411   0.0000393611  -0.0000028787
 2460579.5  -0.0000181267  -0.0055223513  -0.0023993027   0.0055222408  -0.0000152491  -0.0000527024   0.0023995571   0.0000394519  -0.0000028797
 2460580.5  -0.0000181319  -0.0055231425  -0.0023996462   0.0055230315  -0.0000152535  -0.0000528798   0.0023999017   0.0000396255  -0.0000028806
 2460581.5  -0.0000181357  -0.0055237244  -0.0023998990   0.0055236128  -0.0000152567  -0.0000530989   0.0024001557   0.0000398418  -0.0000028812
 2460582.5  -0.0000181381  -0.0055240901  -0.0024000581   0.0055239780  -0.0000152587  -0.0000533172   0.0024003160   0.0000400584  -0.0000028816
 2460583.5  -0.0000181392  -0.0055242649  -0.0024001345   0.0055241524  -0.0000152597  -0.0000534962   0.0024003934   0.0000402365  -0.0000028818
 2460584.5  -0.0000181395  -0.0055242995  -0.0024001501   0.0055241868  -0.0000152599  -0.0000536052   0.0024004096   0.0000403454  -0.0000028818
 2460585.5  -0.0000181392  -0.0055242623  -0.0024001345   0.0055241495  -0.0000152597  -0.0000536254   0.0024003941   0.0000403657  -0.0000028818
 2460586.5  -0.0000181390  -0.0055242296  -0.0024001209   0.0055241170  -0.0000152595  -0.0000535510   0.0024003801   0.0000402914  -0.0000028817
 2460587.5  -0.0000181393  -0.0055242762  -0.0024001417   0.0055241640  -0.0000152597  -0.0000533903   0.0024004001   0.0000401305  -0.0000028818
 2460588.5  -0.0000181406  -0.0055244655  -0.0024002244   0.0055243538  -0.0000152608  -0.0000531643   0.0024004814   0.0000399036  -0.0000028820
 2460589.5  -0.0000181430  -0.0055248410  -0.0024003877   0.0055247300  -0.0000152628  -0.0000529037   0.0024006434   0.0000396413  -0.0000028823
 2460590.5  -0.0000181468  -0.0055254207  -0.0024006396   0.0055253102  -0.0000152660  -0.0000526456   0.0024008938   0.0000393804  -0.0000028829
 2460591.5  -0.0000181519  -0.0055261930  -0.0024009749   0.0055260830  -0.0000152703  -0.0000524283   0.0024012280   0.0000391594  -0.0000028837
 2460592.5  -0.0000181580  -0.0055271161  -0.0024013757   0.0055270065  -0.0000152754  -0.0000522865   0.0024016280   0.0000390131  -0.0000028847
 2460593.5  -0.0000181646  -0.0055281198  -0.0024018114   0.0055280103  -0.0000152809  -0.0000522453   0.0024020635   0.0000389671  -0.0000028857
 2460594.5  -0.0000181711  -0.0055291112  -0.0024022417   0.0055290015  -0.0000152864  -0.0000523147   0.0024024942   0.0000390317  -0.0000028868
 2460595.5  -0.0000181768  -0.0055299865  -0.0024026217   0.0055298764  -0.0000152913  -0.0000524828   0.0024028752   0.0000391956  -0.0000028877
 2460596.5  -0.0000181812  -0.0055306513  -0.0024029105   0.0055305406  -0.0000152949  -0.0000527120   0.0024031652   0.0000394216  -0.0000028884
 2460597.5  -0.0000181838  -0.0055310504  -0.0024030841   0.0055309392  -0.0000152972  -0.0000529397   0.0024033401   0.0000396474  -0.0000028888
 2460598.5  -0.0000181848  -0.0055311994  -0.0024031492   0.0055310878  -0.0000152980  -0.0000530898   0.0024034061   0.0000397968  -0.0000028890
 2460599.5  -0.0000181848  -0.0055312014  -0.0024031507   0.0055310898  -0.0000152980  -0.0000530957   0.0024034076   0.0000398027  -0.0000028890
 2460600.5  -0.0000181850  -0.0055312278  -0.0024031627   0.0055311165  -0.0000152981  -0.0000529284   0.0024034187   0.0000396353  -0.0000028890
 2460601.5  -0.0000181865  -0.0055314584  -0.0024032632   0.0055313479  -0.0000152994  -0.0000526147   0.0024035175   0.0000393204  -0.0000028892
 2460602.5  -0.0000181901  -0.0055320075  -0.0024035019   0.0055318980  -0.0000153024  -0.0000522290   0.0024037540   0.0000389321  -0.0000028898
 2460603.5  -0.0000181959  -0.0055328806  -0.0024038809   0.0055327719  -0.0000153072  -0.0000518638   0.0024041310   0.0000385628  -0.0000028907
 2460604.5  -0.0000182031  -0.0055339841  -0.0024043598   0.0055338760  -0.0000153133  -0.0000515938   0.0024046085   0.0000382875  -0.0000028918
 2460605.5  -0.0000182110  -0.0055351750  -0.0024048766   0.0055350672  -0.0000153199  -0.0000514557   0.0024051246   0.0000381436  -0.0000028930
 2460606.5  -0.0000182185  -0.0055363131  -0.0024053706   0.0055362053  -0.0000153262  -0.0000514472   0.0024056185   0.0000381296  -0.0000028942
 2460607.5  -0.0000182249  -0.0055372944  -0.0024057965   0.0055371864  -0.0000153317  -0.0000515382   0.0024060450   0.0000382159  -0.0000028953
 2460608.5  -0.0000182300  -0.0055380627  -0.0024061302   0.0055379544  -0.0000153359  -0.0000516854   0.0024063795   0.0000383594  -0.0000028961
 2460609.5  -0.0000182335  -0.0055386062  -0.0024063663   0.0055384974  -0.0000153389  -0.0000518428   0.0024066166   0.0000385142  -0.0000028966
 2460610.5  -0.0000182358  -0.0055389484  -0.0024065153   0.0055388393  -0.0000153408  -0.0000519694   0.0024067662   0.0000386392  -0.0000028970
 2460611.5  -0.0000182371  -0.0055391387  -0.0024065983   0.0055390295  -0.0000153419  -0.0000520332   0.0024068496   0.0000387020  -0.0000028972
 2460612.5  -0.0000182377  -0.0055392434  -0.0024066443   0.0055391342  -0.0000153425  -0.0000520131   0.0024068955   0.0000386814  -0.0000028973
 2460613.5  -0.0000182384  -0.0055393377  -0.0024066858   0.0055392288  -0.0000153430  -0.0000519006   0.0024069363   0.0000385685  -0.0000028974
 2460614.5  -0.0000182394  -0.0055394975  -0.0024067556   0.0055393891  -0.0000153439  -0.0000517005   0.0024070051   0.0000383676  -0.0000028976
 2460615.5  -0.0000182413  -0.0055397904  -0.0024068832   0.0055396827  -0.0000153455  -0.0000514305   0.0024071312   0.0000380961  -0.0000028979
 2460616.5  -0.0000182445  -0.0055402667  -0.0024070902   0.0055401597  -0.0000153481  -0.0000511193   0.0024073365   0.0000377827  -0.0000028984
 2460617.5  -0.0000182490  -0.0055409510  -0.0024073874   0.0055408447  -0.0000153519  -0.0000508037   0.0024076320   0.0000374638  -0.0000028991
 2460618.5  -0.0000182548  -0.0055418368  -0.0024077720   0.0055417312  -0.0000153568  -0.0000505232   0.0024080150   0.0000371790  -0.0000029000
 2460619.5  -0.0000182617  -0.0055428851  -0.0024082270   0.0055427800  -0.0000153626  -0.0000503141   0.0024084689   0.0000369649  -0.0000029010
 2460620.5  -0.0000182693  -0.0055440272  -0.0024087226   0.0055439223  -0.0000153689  -0.0000502029   0.0024089640   0.0000368482  -0.0000029022
 2460621.5  -0.0000182768  -0.0055451736  -0.0024092202   0.0055450688  -0.0000153753  -0.0000502007   0.0024094615   0.0000368405  -0.0000029034
 2460622.5  -0.0000182838  -0.0055462273  -0.0024096775   0.0055461222  -0.0000153811  -0.0000502986   0.0024099194   0.0000369333  -0.0000029045
 2460623.5  -0.0000182895  -0.0055471008  -0.0024100568   0.0055469953  -0.0000153860  -0.0000504656   0.0024102996   0.0000370962  -0.0000029055
 2460624.5  -0.0000182937  -0.0055477383  -0.0024103337   0.0055476323  -0.0000153895  -0.0000506507   0.0024105776   0.0000372781  -0.0000029061
 2460625.5  -0.0000182963  -0.0055481364  -0.0024105068   0.0055480301  -0.0000153917  -0.0000507894   0.0024107515   0.0000374149  -0.0000029066
 2460626.5  -0.0000182978  -0.0055483605  -0.0024106046   0.0055482542  -0.0000153930  -0.0000508189   0.0024108494   0.0000374433  -0.0000029068
 2460627.5  -0.0000182990  -0.0055485421  -0.0024106839   0.0055484360  -0.0000153940  -0.0000506971   0.0024109281   0.0000373207  -0.0000029070
 2460628.5  -0.0000183010  -0.0055488485  -0.0024108173   0.0055487431  -0.0000153957  -0.0000504228   0.0024110600   0.0000370449  -0.0000029073
 2460629.5  -0.0000183049  -0.0055494271  -0.0024110687   0.0055493226  -0.0000153989  -0.0000500428   0.0024113092   0.0000366621  -0.0000029079
 2460630.5  -0.0000183109  -0.0055503458  -0.0024114675   0.0055502422  -0.0000154039  -0.0000496395   0.0024117059   0.0000362544  -0.0000029088
 2460631.5  -0.0000183190  -0.0055515652  -0.0024119967   0.0055514625  -0.0000154107  -0.0000493009   0.0024122332   0.0000359098  -0.0000029101
 2460632.5  -0.0000183282  -0.0055529588  -0.0024126014   0.0055528565  -0.0000154184  -0.0000490884   0.0024128367   0.0000356907  -0.0000029115
 2460633.5  -0.0000183375  -0.0055543664  -0.0024132121   0.0055542643  -0.0000154262  -0.0000490213   0.0024134472   0.0000356168  -0.0000029130
 2460634.5  -0.0000183459  -0.0055556487  -0.0024137685   0.0055555464  -0.0000154334  -0.0000490793   0.0024140039   0.0000356686  -0.0000029143
 2460635.5  -0.0000183530  -0.0055567181  -0.0024142327   0.0055566155  -0.0000154393  -0.0000492180   0.0024144689   0.0000358021  -0.0000029155
 2460636.5  -0.0000183584  -0.0055575447  -0.0024145916   0.0055574417  -0.0000154439  -0.0000493857   0.0024148288   0.0000359658  -0.0000029164
 2460637.5  -0.0000183624  -0.0055581455  -0.0024148526   0.0055580421  -0.0000154473  -0.0000495351   0.0024150906   0.0000361123  -0.0000029170
 2460638.5  -0.0000183652  -0.0055585697  -0.0024150371   0.0055584660  -0.0000154496  -0.0000496295   0.0024152756   0.0000362047  -0.0000029174
 2460639.5  -0.0000183673  -0.0055588850  -0.0024151743   0.0055587813  -0.0000154514  -0.0000496452   0.0024154130   0.0000362189  -0.0000029178
 2460640.5  -0.0000183692  -0.0055591677  -0.0024152975   0.0055590642  -0.0000154529  -0.0000495716   0.0024155357   0.0000361438  -0.0000029181
 2460641.5  -0.0000183713  -0.0055594946  -0.0024154397   0.0055593915  -0.0000154548  -0.0000494106   0.0024156771   0.0000359813  -0.0000029184
 2460642.5  -0.0000183743  -0.0055599362  -0.0024156317   0.0055598336  -0.0000154572  -0.0000491768   0.0024158678   0.0000357454  -0.0000029189
 2460643.5  -0.0000183783  -0.0055605488  -0.0024158979   0.0055604469  -0.0000154606  -0.0000488956   0.0024161324   0.0000354612  -0.0000029195
 2460644.5  -0.0000183837  -0.0055613667  -0.0024162530   0.0055612654  -0.0000154651  -0.0000486018   0.0024164859   0.0000351635  -0.0000029203
 2460645.5  -0.0000183905  -0.0055623939  -0.0024166989   0.0055622933  -0.0000154708  -0.0000483356   0.0024169303   0.0000348924  -0.0000029214
 2460646.5  -0.0000183985  -0.0055635994  -0.0024172220   0.0055634993  -0.0000154775  -0.0000481363   0.0024174524   0.0000346872  -0.0000029226
 2460647.5  -0.0000184072  -0.0055649177  -0.0024177941   0.0055648178  -0.0000154849  -0.0000480349   0.0024180239   0.0000345794  -0.0000029240
 2460648.5  -0.0000184160  -0.0055662565  -0.0024183750   0.0055661565  -0.0000154923  -0.0000480468   0.0024186050   0.0000345849  -0.0000029254
 2460649.5  -0.0000184244  -0.0055675131  -0.0024189203   0.0055674128  -0.0000154993  -0.0000481659   0.0024191510   0.0000346979  -0.0000029268
 2460650.5  -0.0000184315  -0.0055685954  -0.0024193900   0.0055684947  -0.0000155054  -0.0000483631   0.0024196218   0.0000348898  -0.0000029279
 2460651.5  -0.0000184371  -0.0055694442  -0.0024197586   0.0055693429  -0.0000155101  -0.0000485895   0.0024199917   0.0000351121  -0.0000029288
 2460652.5  -0.0000184412  -0.0055700515  -0.0024200224   0.0055699498  -0.0000155135  -0.0000487853   0.0024202566   0.0000353050  -0.0000029294
 2460653.5  -0.0000184439  -0.0055704697  -0.0024202043   0.0055703677  -0.0000155158  -0.0000488922   0.0024204391   0.0000354098  -0.0000029299
 2460654.5  -0.0000184462  -0.0055708075  -0.0024203513   0.0055707056  -0.0000155177  -0.0000488687   0.0024205860   0.0000353847  -0.0000029302
 2460655.5  -0.0000184488  -0.0055712089  -0.0024205259   0.0055711073  -0.0000155199  -0.0000487039   0.0024207596   0.0000352180  -0.0000029307
 2460656.5  -0.0000184528  -0.0055718157  -0.0024207895   0.0055717148  -0.0000155233  -0.0000484253   0.0024210217   0.0000349365  -0.0000029313
 2460657.5  -0.0000184589  -0.0055727227  -0.0024211832   0.0055726226  -0.0000155283  -0.0000480953   0.0024214137   0.0000346020  -0.0000029322
 2460658.5  -0.0000184669  -0.0055739423  -0.0024217125   0.0055738429  -0.0000155351  -0.0000477935   0.0024219413   0.0000342944  -0.0000029335
 2460659.5  -0.0000184766  -0.0055753962  -0.0024223433   0.0055752973  -0.0000155432  -0.0000475921   0.0024225710   0.0000340859  -0.0000029350
 2460660.5  -0.0000184868  -0.0055769429  -0.0024230144   0.0055768441  -0.0000155518  -0.0000475319   0.0024232418   0.0000340183  -0.0000029366
 2460661.5  -0.0000184967  -0.0055784271  -0.0024236583   0.0055783281  -0.0000155601  -0.0000476134   0.0024238862   0.0000340925  -0.0000029382
 2460662.5  -0.0000185053  -0.0055797261  -0.0024242220   0.0055796266  -0.0000155674  -0.0000478023   0.0024244510   0.0000342752  -0.0000029396
 2460663.5  -0.0000185122  -0.0055807756  -0.0024246775   0.0055806755  -0.0000155732  -0.0000480461   0.0024249079   0.0000345139  -0.0000029407
 2460664.5  -0.0000185175  -0.0055815710  -0.0024250229   0.0055814703  -0.0000155777  -0.0000482901   0.0024252546   0.0000347540  -0.0000029415
 2460665.5  -0.0000185214  -0.0055821533  -0.0024252759   0.0055820521  -0.0000155809  -0.0000484896   0.0024255088   0.0000349507  -0.0000029422
 2460666.5  -0.0000185243  -0.0055825908  -0.0024254661   0.0055824893  -0.0000155834  -0.0000486147   0.0024256997   0.0000350736  -0.0000029426
 2460667.5  -0.0000185267  -0.0055829632  -0.0024256281   0.0055828616  -0.0000155855  -0.0000486508   0.0024258619   0.0000351080  -0.0000029430
 2460668.5  -0.0000185293  -0.0055833507  -0.0024257967   0.0055832492  -0.0000155876  -0.0000485978   0.0024260302   0.0000350531  -0.0000029434
 2460669.5  -0.0000185325  -0.0055838263  -0.0024260035   0.0055837252  -0.0000155903  -0.0000484676   0.0024262363   0.0000349206  -0.0000029439
 2460670.5  -0.0000185366  -0.0055844506  -0.0024262746   0.0055843499  -0.0000155938  -0.0000482830   0.0024265064   0.0000347330  -0.0000029446
 2460671.5  -0.0000185420  -0.0055852652  -0.0024266283   0.0055851649  -0.0000155983  -0.0000480755   0.0024268590   0.0000345215  -0.0000029454
 2460672.5  -0.0000185488  -0.0055862862  -0.0024270715   0.0055861865  -0.0000156040  -0.0000478831   0.0024273011   0.0000343241  -0.0000029465
 2460673.5  -0.0000185569  -0.0055874976  -0.0024275972   0.0055873981  -0.0000156108  -0.0000477461   0.0024278261   0.0000341813  -0.0000029478
 2460674.5  -0.0000185658  -0.0055888463  -0.0024281824   0.0055887469  -0.0000156183  -0.0000477007   0.0024284111   0.0000341293  -0.0000029492
 2460675.5  -0.0000185751  -0.0055902451  -0.0024287894   0.0055901455  -0.0000156261  -0.0000477698   0.0024290184   0.0000341917  -0.0000029507
