2460308.88992723
2460309.89065592
2460310.89139849
2460311.89215477
2460312.89292454
2460313.89370758
2460314.89450362
2460315.89531237
2460316.89613352
2460317.89696669
2460318.89781152
2460319.89866757
2460320.89953441
2460321.90041157
2460322.90129856
2460323.90219490
2460324.90310007
2460325.90401357
2460326.90493488
2460327.90586349
2460328.90679886
2460329.90774044
2460330.90868768
2460331.90963999
2460332.91059680
2460333.91155751
2460334.91252151
2460335.91348819
2460336.91445691
2460337.91542704
2460338.91639794
2460339.91736897
2460340.91833947
2460341.91930881
2460342.92027634
2460343.92124140
2460344.92220337
2460345.92316160
2460346.92411547
2460347.92506434
2460348.92600761
2460349.92694465
2460350.92787489
2460351.92879776
2460352.92971273
2460353.93061931
2460354.93151704
2460355.93240550
2460356.93328429
2460357.93415306
2460358.93501147
2460359.93585923
2460360.93669605
2460361.93752169
2460362.93833592
2460363.93913855
2460364.93992941
2460365.94070836
2460366.94147526
2460367.94223003
2460368.94297259
2460369.94370290
2460370.94442093
2460371.94512667
2460372.94582014
2460373.94650137
2460374.94717042
2460375.94782735
2460376.94847224
2460377.94910520
2460378.94972633
2460379.95033577
2460380.95093368
2460381.95152023
2460382.95209563
2460383.95266013
2460384.95321398
2460385.95375746
2460386.95429088
2460387.95481455
2460388.95532882
2460389.95583403
2460390.95633056
2460391.95681876
2460392.95729903
2460393.95777178
2460394.95823740
2460395.95869630
2460396.95914893
2460397.95959570
2460398.96003704
2460399.96047340
2460400.96090522
2460401.96133295
2460402.96175702
2460403.96217789
2460404.96259599
2460405.96301176
2460406.96342564
2460407.96383807
2460408.96424947
2460409.96466028
2460410.96507093
2460411.96548187
2460412.96589355
2460413.96630641
2460414.96672093
2460415.96713756
2460416.96755676
2460417.96797902
2460418.96840479
2460419.96883454
2460420.96926874
2460421.96970783
2460422.97015230
2460423.97060257
2460424.97105911
2460425.97152235
2460426.97199274
2460427.97247068
2460428.97295661
2460429.97345092
2460430.97395400
2460431.97446624
2460432.97498799
2460433.97551959
2460434.97606137
2460435.97661364
2460436.97717668
2460437.97775074
2460438.97833607
2460439.97893289
2460440.97954141
2460441.98016182
2460442.98079432
2460443.98143905
2460444.98209619
2460445.98276586
2460446.98344818
2460447.98414325
2460448.98485116
2460449.98557194
2460450.98630564
2460451.98705227
2460452.98781181
2460453.98858422
2460454.98936944
2460455.99016737
2460456.99097790
2460457.99180087
2460458.99263611
2460459.99348340
2460460.99434250
2460461.99521313
2460462.99609496
2460463.99698763
2460464.99789067
2460465.99880350
2460466.99972797
2460468.00065961
2460469.00160010
2460470.00254870
2460471.00350483
2460472.00446790
2460473.00543731
2460474.00641245
2460475.00739270
2460476.00837745
2460477.00936604
2460478.01035783
2460479.01135215
2460480.01234835
2460481.01334576
2460482.01434371
2460483.01534154
2460484.01633858
2460485.01733417
2460486.01832765
2460487.01931836
2460488.02030567
2460489.02128893
2460490.02226751
2460491.02324078
2460492.02420812
2460493.02516890
2460494.02612253
2460495.02706841
2460496.02800596
2460497.02893462
2460498.02985385
2460499.03076312
2460500.03166196
2460501.03254991
2460502.03342655
2460503.03429147
2460504.03514432
2460505.03598476
2460506.03681250
2460507.03762728
2460508.03842885
2460509.03921702
2460510.03999163
2460511.04075253
2460512.04149963
2460513.04223286
2460514.04295219
2460515.04365759
2460516.04434911
2460517.04502678
2460518.04569068
2460519.04634090
2460520.04697754
2460521.04760073
2460522.04821060
2460523.04880730
2460524.04939101
2460525.04996190
2460526.05052018
2460527.05106606
2460528.05159977
2460529.05212158
2460530.05263176
2460531.05313058
2460532.05361836
2460533.05409542
2460534.05456210
2460535.05501875
2460536.05546573
2460537.05590342
2460538.05633222
2460539.05675253
2460540.05716477
2460541.05756939
2460542.05796682
2460543.05835754
2460544.05874202
2460545.05912075
2460546.05949423
2460547.05986294
2460548.06022738
2460549.06058805
2460550.06094542
2460551.06129998
2460552.06165221
2460553.06200260
2460554.06235161
2460555.06269974
2460556.06304744
2460557.06339519
2460558.06374348
2460559.06409276
2460560.06444351
2460561.06479619
2460562.06515128
2460563.06550924
2460564.06587052
2460565.06623560
2460566.06660492
2460567.06697894
2460568.06735812
2460569.06774292
2460570.06813378
2460571.06853118
2460572.06893557
2460573.06934744
2460574.06976723
2460575.07019540
2460576.07063240
2460577.07107863
2460578.07153452
2460579.07200044
2460580.07247677
2460581.07296385
2460582.07346203
2460583.07397160
2460584.07449287
2460585.07502609
2460586.07557153
2460587.07612940
2460588.07669991
2460589.07728324
2460590.07787953
2460591.07848892
2460592.07911150
2460593.07974735
2460594.08039651
2460595.08105901
2460596.08173484
2460597.08242398
2460598.08312637
2460599.08384195
2460600.08457063
2460601.08531232
2460602.08606688
2460603.08683417
2460604.08761401
2460605.08840618
2460606.08921043
2460607.09002646
2460608.09085393
2460609.09169249
2460610.09254171
2460611.09340114
2460612.09427030
2460613.09514866
2460614.09603566
2460615.09693070
2460616.09783314
2460617.09874232
2460618.09965754
2460619.10057805
2460620.10150311
2460621.10243192
2460622.10336367
2460623.10429753
2460624.10523264
2460625.10616816
2460626.10710322
2460627.10803695
2460628.10896850
2460629.10989702
2460630.11082169
2460631.11174167
2460632.11265617
2460633.11356438
2460634.11446550
2460635.11535873
2460636.11624331
2460637.11711844
2460638.11798335
2460639.11883727
2460640.11967947
2460641.12050919
2460642.12132572
2460643.12212834
2460644.12291636
2460645.12368910
2460646.12444591
2460647.12518614
2460648.12590916
2460649.12661436
2460650.12730114
2460651.12796896
2460652.12861725
2460653.12924552
2460654.12985326
2460655.13044005
2460656.13100546
2460657.13154912
2460658.13207070
2460659.13256990
2460660.13304647
2460661.13350018
2460662.13393082
2460663.13433822
2460664.13472221
2460665.13508265
2460666.13541939
2460667.13573231
2460668.13602128
2460669.13628619
2460670.13652691
2460671.13674334
2460672.13693537
2460673.13710287
2460674.13724573
2460675.13736380
2460676.13745696
2460677.13752502
2460678.13756782
2460679.13758516
