 15.535061763160
 15.785746229377
 16.036430692961
 16.287115159163
 16.537799625364
 16.788484088932
 17.039168555122
 17.289853021307
 17.540537487483
 17.791221951031
 18.041906417200
 18.292590883364
 18.543275346896
 18.793959813046
 19.044644279195
 19.295328742711
 19.546013208849
 19.796697674981
 20.047382138482
 20.298066604601
 20.548751070718
 20.799435534203
 21.050120000310
 21.300804466411
 21.551488932504
 21.802173395969
 22.052857862055
 22.303542328135
 22.554226791584
 22.804911257655
 23.055595723717
 23.306280187150
 23.556964653205
 23.807649119254
 24.058333582672
 24.309018048711
 24.559702514742
 24.810386978144
 25.061071444168
 25.311755910187
 25.562440376197
 25.813124839578
 26.063809305582
 26.314493771580
 26.565178234946
 26.815862700933
 27.066547166913
 27.317231630263
 27.567916096236
 27.818600562203
 28.069285025538
 28.319969491495
 28.570653957443
 28.821338423389
 29.072022886704
 29.322707352640
 29.573391818572
 29.824076281869
 30.074760747788
 30.325445213704
 30.576129676988
 30.826814142893
 31.077498608794
 31.328183072059
 31.578867537949
 31.829552003834
 32.080236467087
 32.330920932962
 32.581605398829
 32.832289864693
 33.082974327926
 33.333658793780
 33.584343259629
 33.835027722845
 34.085712188683
 34.336396654517
 34.587081117719
 34.837765583542
 35.088450049361
 35.339134512546
 35.589818978353
 35.840503444157
 36.091187907328
 36.341872373120
 36.592556838908
 36.843241304689
 37.093925767841
 37.344610233614
 37.595294699382
 37.845979162516
 38.096663628272
 38.347348094025
 38.598032557146
 38.848717022888
 39.099401488626
 39.350085951730
 39.600770417456
 39.851454883178
 40.102139348895
 40.352823811979
 40.603508277686
 40.854192743387
 41.104877206457
 41.355561672149
 41.606246137836
 41.856930600889
 42.107615066566
 42.358299532237
 42.608983995275
 42.859668460937
 43.110352926594
 43.361037389619
 43.611721855264
 43.862406320905
 44.113090786542
 44.363775249545
 44.614459715172
 44.865144180792
 45.115828643782
 45.366513109393
 45.617197575000
 45.867882037973
 46.118566503570
 46.369250969160
 46.619935432118
 46.870619897699
 47.121304363276
 47.371988826221
 47.622673291787
 47.873357757347
 48.124042222904
 48.374726685827
 48.625411151374
 48.876095616915
 49.126780079822
 49.377464545354
 49.628149010880
 49.878833473775
 50.129517939292
 50.380202404802
 50.630886867681
 50.881571333182
 51.132255798679
 51.382940264171
 51.633624727031
 51.884309192512
 52.134993657987
 52.385678120832
 52.636362586299
 52.887047051761
 53.137731514592
 53.388415980041
 53.639100445488
 53.889784908304
 54.140469373741
 54.391153839173
 54.641838301974
 54.892522767394
 55.143207232811
 55.393891698224
 55.644576161005
 55.895260626404
 56.145945091802
 56.396629554569
 56.647314019957
 56.897998485340
 57.148682948091
 57.399367413461
 57.650051878830
 57.900736341566
 58.151420806925
 58.402105272278
 58.652789735000
 58.903474200341
 59.154158665680
 59.404843131014
 59.655527593716
 59.906212059040
 60.156896524357
 60.407580987044
 60.658265452354
 60.908949917658
 61.159634380331
 61.410318845626
 61.661003310913
 61.911687773571
 62.162372238852
 62.413056704127
 62.663741169394
 62.914425632033
 63.165110097294
 63.415794562549
 63.666479025174
 63.917163490420
 64.167847955658
 64.418532418267
 64.669216883499
 64.919901348726
 65.170585811321
 65.421270276538
 65.671954741746
 65.922639204327
 66.173323669529
 66.424008134727
 66.674692599919
 66.925377062481
 67.176061527660
 67.426745992839
 67.677430455385
 67.928114920554
 68.178799385717
 68.429483848246
 68.680168313400
 68.930852778549
 69.181537241067
 69.432221706207
 69.682906171338
 69.933590633841
 70.184275098966
 70.434959564087
 70.685644029202
 70.936328491686
 71.187012956789
 71.437697421890
 71.688381884359
 71.939066349451
 72.189750814537
 72.440435276992
 72.691119742066
 72.941804207138
 73.192488669579
 73.443173134642
 73.693857599700
 73.944542064749
 74.195226527171
 74.445910992214
 74.696595457253
 74.947279919660
 75.197964384686
 75.448648849711
 75.699333312104
 75.950017777118
 76.200702242128
 76.451386704507
 76.702071169506
 76.952755634502
 77.203440096866
 77.454124561851
 77.704809026832
 77.955493491807
 78.206177954153
 78.456862419120
 78.707546884081
 78.958231346412
 79.208915811365
 79.459600276312
 79.710284738629
 79.960969203567
 80.211653668500
 80.462338130803
 80.713022595726
 80.963707060645
 81.214391522934
 81.465075987843
 81.715760452749
 81.966444917648
 82.217129379918
 82.467813844809
 82.718498309694
 82.969182771950
 83.219867236827
 83.470551701698
 83.721236163940
 83.971920628803
 84.222605093660
 84.473289555887
 84.723974020737
 84.974658485579
 85.225342950419
 85.476027412628
 85.726711877457
 85.977396342282
 86.228080804475
 86.478765269292
 86.729449734103
 86.980134196282
 87.230818661084
 87.481503125880
 87.732187588047
 87.982872052835
 88.233556517617
 88.484240979770
 88.734925444544
 88.985609909312
 89.236294374077
 89.486978836211
 89.737663300965
 89.988347765716
 90.239032227834
 90.489716692576
 90.740401157313
 90.991085619417
 91.241770084145
 91.492454548868
 91.743139010958
 91.993823475672
 92.244507940382
 92.495192402458
 92.745876867158
 92.996561331852
 93.247245796543
 93.497930258600
 93.748614723282
 93.999299187959
 94.249983650003
 94.500668114671
 94.751352579334
 95.002037041364
 95.252721506018
 95.503405970667
 95.754090432683
 96.004774897323
 96.255459361959
 96.506143826588
 96.756828288586
 97.007512753207
 97.258197217825
 97.508881679809
 97.759566144417
 98.010250609020
 98.260935070990
 98.511619535584
 98.762304000174
 99.012988462131
 99.263672926711
 99.514357391287
 99.765041853230
100.015726317795
100.266410782357
100.517095246915
100.767779708839
101.018464173388
101.269148637932
101.519833099843
101.770517564377
102.021202028908
102.271886490805
102.522570955326
102.773255419841
103.023939881726
103.274624346234
103.525308810735
103.775993272607
104.026677737101
104.277362201589
104.528046666073
104.778731127925
105.029415592401
105.280100056872
105.530784518711
105.781468983173
106.032153447629
106.282837909456
106.533522373904
106.784206838347
107.034891300160
107.285575764595
107.536260229024
107.786944693450
108.037629155245
108.288313619661
108.538998084073
108.789682545855
109.040367010257
109.291051474656
109.541735936424
109.792420400812
110.043104865198
110.293789326953
110.544473791328
110.795158255700
111.045842717440
111.296527181803
111.547211646160
111.797896110515
112.048580572238
112.299265036582
112.549949500923
112.800633962633
113.051318426963
113.302002891291
113.552687352987
113.803371817305
114.054056281619
114.304740743302
114.555425207606
114.806109671907
115.056794133577
115.307478597867
115.558163062155
115.808847526436
116.059531988089
116.310216452363
116.560900916631
116.811585378270
117.062269842531
117.312954306786
117.563638768412
117.814323232658
118.065007696902
118.315692158514
118.566376622747
118.817061086977
119.067745551201
119.318430012796
119.569114477013
119.819798941224
120.070483402806
120.321167867010
120.571852331207
120.822536792776
121.073221256967
121.323905721151
121.574590182706
121.825274646884
122.075959111056
122.326643572598
122.577328036762
122.828012500921
123.078696965076
123.329381426599
123.580065890746
123.830750354887
124.081434816399
124.332119280533
124.582803744660
124.833488206159
125.084172670280
125.334857134395
125.585541595880
125.836226059988
126.086910524090
126.337594985562
126.588279449657
126.838963913746
127.089648377832
127.340332839287
127.591017303363
127.841701767436
128.092386228878
128.343070692941
128.593755157001
128.844439618430
129.095124082480
129.345808546527
129.596493007942
129.847177471981
130.097861936013
130.348546400043
130.599230861442
130.849915325462
131.100599789479
131.351284250865
131.601968714872
131.852653178876
132.103337640250
132.354022104244
132.604706568235
132.855391029595
133.106075493577
133.356759957555
133.607444418903
133.858128882871
134.108813346837
134.359497810797
134.610182272127
134.860866736080
135.111551200027
135.362235661345
135.612920125284
135.863604589219
 69.0
58232.0
