 2459200.5 158.91   5.7   8.3  3.69  3.65 1.000   2.1  0.00  51.36  35.06  49.93  35.74  52.00   0.07 250.55   1.19 262.15
 2459201.5 159.02   5.7   8.3  3.69  3.65 1.000   2.2  0.00  51.37 176.18  49.91 176.86  52.01   0.07 250.56   1.19 262.14
 2459202.5 159.13   5.7   8.3  3.68  3.65 1.000   2.2  0.00  51.38 317.29  49.89 317.99  52.02   0.07 250.57   1.19 262.13
 2459203.5 159.24   5.7   8.3  3.68  3.64 1.000   2.2  0.00  51.39  98.41  49.87  99.11  52.03   0.07 250.58   1.19 262.12
 2459204.5 159.36   5.7   8.3  3.68  3.64 1.000   2.3  0.00  51.40 239.52  49.85 240.24  52.04   0.07 250.58   1.19 262.11
 2459205.5 159.47   5.7   8.3  3.68  3.64 1.000   2.3  0.00  51.41  20.64  49.83  21.36  52.05   0.07 250.59   1.19 262.10
 2459206.5 159.59   5.7   8.3  3.67  3.64 1.000   2.3  0.00  51.43 161.75  49.81 162.49  52.07   0.07 250.60   1.19 262.09
 2459207.5 159.70   5.7   8.3  3.67  3.63 1.000   2.4  0.00  51.44 302.87  49.79 303.61  52.08   0.07 250.61   1.19 262.09
 2459208.5 159.82   5.7   8.3  3.67  3.63 1.000   2.4  0.00  51.45  83.98  49.77  84.73  52.09   0.08 250.62   1.19 262.08
 2459209.5 159.94   5.7   8.3  3.66  3.63 1.000   2.4  0.00  51.46 225.10  49.76 225.85  52.10   0.08 250.63   1.19 262.07
 2459210.5 160.06   5.7   8.3  3.66  3.63 1.000   2.4  0.00  51.47   6.21  49.74   6.97  52.11   0.08 250.63   1.19 262.07
 2459211.5 160.19   5.7   8.3  3.66  3.62 1.000   2.5  0.00  51.48 147.32  49.73 148.10  52.12   0.08 250.64   1.19 262.06
 2459212.5 160.31   5.7   8.3  3.66  3.62 1.000   2.5  0.00  51.49 288.44  49.71 289.22  52.13   0.08 250.65   1.19 262.05
 2459213.5 160.44   5.7   8.3  3.65  3.62 1.000   2.5  0.00  51.50  69.55  49.70  70.34  52.14   0.08 250.66   1.19 262.05
 2459214.5 160.56   5.7   8.3  3.65  3.61 1.000   2.5  0.00  51.51 210.66  49.69 211.46  52.15   0.08 250.66   1.18 262.04
 2459215.5 160.69   5.7   8.3  3.65  3.61 1.000   2.6  0.00  51.52 351.78  49.68 352.58  52.16   0.08 250.67   1.18 262.04
 2459216.5 160.82   5.7   8.3  3.64  3.61 0.999   2.6  0.00  51.54 132.89  49.66 133.69  52.17   0.08 250.68   1.18 262.03
 2459217.5 160.95   5.7   8.3  3.64  3.61 0.999   2.6  0.00  51.55 274.00  49.65 274.81  52.18   0.08 250.69   1.18 262.03
 2459218.5 161.08   5.7   8.3  3.64  3.60 0.999   2.6  0.00  51.56  55.11  49.64  55.93  52.19   0.08 250.70   1.18 262.03
 2459219.5 161.21   5.7   8.3  3.64  3.60 0.999   2.6  0.00  51.57 196.23  49.64 197.05  52.20   0.08 250.70   1.18 262.02
 2459220.5 161.34   5.7   8.3  3.63  3.60 0.999   2.7  0.00  51.58 337.34  49.63 338.17  52.21   0.08 250.71   1.18 262.02
 2459221.5 161.48   5.7   8.3  3.63  3.59 0.999   2.7  0.00  51.59 118.45  49.62 119.28  52.23   0.08 250.72   1.18 262.02
 2459222.5 161.61   5.7   8.3  3.63  3.59 0.999   2.7  0.00  51.60 259.56  49.62 260.40  52.24   0.08 250.73   1.18 262.02
 2459223.5 161.75   5.7   8.3  3.62  3.59 0.999   2.7  0.00  51.61  40.68  49.61  41.52  52.25   0.08 250.73   1.18 262.01
 2459224.5 161.88   5.7   8.3  3.62  3.58 0.999   2.7  0.00  51.62 181.79  49.61 182.63  52.26   0.08 250.74   1.18 262.01
 2459225.5 162.02   5.7   8.3  3.62  3.58 0.999   2.7  0.00  51.64 322.90  49.60 323.75  52.27   0.09 250.75   1.18 262.01
 2459226.5 162.16   5.7   8.3  3.61  3.58 0.999   2.8  0.00  51.65 104.01  49.60 104.87  52.28   0.09 250.76   1.18 262.01
 2459227.5 162.30   5.7   8.3  3.61  3.58 0.999   2.8  0.00  51.66 245.12  49.60 245.98  52.29   0.09 250.77   1.17 262.01
 2459228.5 162.44   5.8   8.3  3.61  3.57 0.999   2.8  0.00  51.67  26.24  49.60  27.10  52.30   0.09 250.77   1.17 262.01
 2459229.5 162.58   5.8   8.3  3.61  3.57 0.999   2.8  0.00  51.68 167.35  49.60 168.21  52.31   0.09 250.78   1.17 262.01
 2459230.5 162.72   5.8   8.3  3.60  3.57 0.999   2.8  0.00  51.69 308.46  49.60 309.33  52.32   0.09 250.79   1.17 262.01
 2459231.5 162.86   5.8   8.3  3.60  3.56 0.999   2.8  0.00  51.70  89.57  49.60  90.44  52.33   0.09 250.80   1.17 262.01
 2459232.5 163.00   5.8   8.3  3.60  3.56 0.999   2.8  0.00  51.71 230.69  49.60 231.56  52.34   0.09 250.81   1.17 262.02
 2459233.5 163.14   5.8   8.3  3.59  3.56 0.999   2.8  0.00  51.72  11.80  49.61  12.67  52.35   0.09 250.82   1.17 262.02
 2459234.5 163.28   5.8   8.3  3.59  3.55 0.999   2.8  0.00  51.73 152.91  49.61 153.79  52.36   0.09 250.83   1.17 262.02
 2459235.5 163.42   5.8   8.3  3.59  3.55 0.999   2.8  0.00  51.75 294.03  49.62 294.90  52.37   0.09 250.84   1.17 262.02
 2459236.5 163.56   5.8   8.3  3.58  3.55 0.999   2.8  0.00  51.76  75.14  49.62  76.02  52.39   0.09 250.84   1.16 262.03
 2459237.5 163.71   5.8   8.3  3.58  3.54 0.999   2.8  0.00  51.77 216.25  49.63 217.13  52.40   0.09 250.85   1.16 262.03
 2459238.5 163.85   5.8   8.3  3.58  3.54 0.999   2.8  0.00  51.78 357.37  49.64 358.25  52.41   0.09 250.86   1.16 262.03
 2459239.5 163.99   5.8   8.3  3.57  3.54 0.999   2.9  0.00  51.79 138.48  49.65 139.36  52.42   0.09 250.87   1.16 262.04
 2459240.5 164.13   5.8   8.3  3.57  3.54 0.999   2.9  0.00  51.80 279.59  49.66 280.47  52.43   0.09 250.88   1.16 262.04
 2459241.5 164.28   5.8   8.3  3.57  3.53 0.999   2.9  0.00  51.81  60.71  49.67  61.59  52.44   0.09 250.89   1.16 262.05
 2459242.5 164.42   5.8   8.3  3.57  3.53 0.999   2.9  0.00  51.82 201.82  49.68 202.70  52.45   0.09 250.90   1.16 262.05
 2459243.5 164.56   5.8   8.3  3.56  3.53 0.999   2.9  0.00  51.83 342.94  49.69 343.82  52.46   0.09 250.91   1.16 262.06
 2459244.5 164.70   5.8   8.3  3.56  3.52 0.999   2.8  0.00  51.85 124.05  49.70 124.93  52.47   0.09 250.93   1.15 262.07
 2459245.5 164.84   5.8   8.3  3.56  3.52 0.999   2.8  0.00  51.86 265.17  49.72 266.05  52.48   0.09 250.94   1.15 262.07
 2459246.5 164.99   5.8   8.3  3.55  3.52 0.999   2.8  0.00  51.87  46.28  49.73  47.16  52.49   0.09 250.95   1.15 262.08
 2459247.5 165.13   5.8   8.3  3.55  3.51 0.999   2.8  0.00  51.88 187.40  49.75 188.27  52.50   0.09 250.96   1.15 262.09
 2459248.5 165.27   5.8   8.3  3.55  3.51 0.999   2.8  0.00  51.89 328.52  49.76 329.39  52.51   0.09 250.97   1.15 262.10
 2459249.5 165.41   5.8   8.3  3.54  3.51 0.999   2.8  0.00  51.90 109.63  49.78 110.50  52.52   0.09 250.98   1.15 262.10
 2459250.5 165.55   5.8   8.3  3.54  3.51 0.999   2.8  0.00  51.91 250.75  49.80 251.62  52.53   0.09 250.99   1.15 262.11
 2459251.5 165.69   5.8   8.3  3.54  3.50 0.999   2.8  0.00  51.92  31.87  49.82  32.73  52.55   0.09 251.01   1.15 262.12
 2459252.5 165.83   5.8   8.3  3.53  3.50 0.999   2.8  0.00  51.93 172.99  49.83 173.85  52.56   0.09 251.02   1.14 262.13
 2459253.5 165.97   5.8   8.3  3.53  3.50 0.999   2.8  0.00  51.94 314.10  49.85 314.96  52.57   0.08 251.03   1.14 262.14
 2459254.5 166.11   5.8   8.3  3.53  3.49 0.999   2.8  0.00  51.96  95.22  49.88  96.08  52.58   0.08 251.04   1.14 262.15
 2459255.5 166.25   5.8   8.3  3.53  3.49 0.999   2.8  0.00  51.97 236.34  49.90 237.20  52.59   0.08 251.06   1.14 262.16
 2459256.5 166.39   5.8   8.3  3.52  3.49 0.999   2.8  0.00  51.98  17.46  49.92  18.31  52.60   0.08 251.07   1.14 262.17
 2459257.5 166.53   5.8   8.3  3.52  3.48 0.999   2.7  0.00  51.99 158.58  49.94 159.43  52.61   0.08 251.08   1.14 262.18
 2459258.5 166.66   5.8   8.3  3.52  3.48 0.999   2.7  0.00  52.00 299.70  49.97 300.54  52.62   0.08 251.10   1.14 262.20
 2459259.5 166.80   5.8   8.3  3.51  3.48 0.999   2.7  0.00  52.01  80.82  49.99  81.66  52.63   0.08 251.11   1.13 262.21
 2459260.5 166.93   5.8   8.3  3.51  3.48 0.999   2.7  0.00  52.02 221.95  50.02 222.78  52.64   0.08 251.12   1.13 262.22
 2459261.5 167.07   5.8   8.3  3.51  3.47 0.999   2.7  0.00  52.03   3.07  50.04   3.89  52.65   0.08 251.14   1.13 262.23
 2459262.5 167.20   5.8   8.3  3.51  3.47 0.999   2.7  0.00  52.04 144.19  50.07 145.01  52.66   0.08 251.15   1.13 262.25
 2459263.5 167.33   5.8   8.3  3.50  3.47 0.999   2.7  0.00  52.05 285.31  50.10 286.13  52.67   0.08 251.17   1.13 262.26
 2459264.5 167.46   5.8   8.3  3.50  3.47 0.999   2.6  0.00  52.07  66.44  50.13  67.25  52.68   0.08 251.18   1.13 262.27
 2459265.5 167.59   5.8   8.3  3.50  3.46 0.999   2.6  0.00  52.08 207.56  50.16 208.37  52.69   0.08 251.20   1.12 262.29
 2459266.5 167.72   5.8   8.3  3.49  3.46 0.999   2.6  0.00  52.09 348.69  50.19 349.49  52.71   0.08 251.22   1.12 262.30
 2459267.5 167.85   5.8   8.3  3.49  3.46 0.999   2.6  0.00  52.10 129.81  50.22 130.60  52.72   0.08 251.23   1.12 262.32
 2459268.5 167.98   5.8   8.3  3.49  3.46 1.000   2.6  0.00  52.11 270.94  50.25 271.72  52.73   0.08 251.25   1.12 262.33
 2459269.5 168.11   5.8   8.3  3.49  3.45 1.000   2.5  0.00  52.12  52.06  50.28  52.84  52.74   0.08 251.26   1.12 262.35
 2459270.5 168.23   5.8   8.3  3.48  3.45 1.000   2.5  0.00  52.13 193.19  50.31 193.96  52.75   0.08 251.28   1.12 262.36
 2459271.5 168.36   5.8   8.3  3.48  3.45 1.000   2.5  0.00  52.14 334.32  50.35 335.09  52.76   0.07 251.30   1.12 262.38
 2459272.5 168.48   5.8   8.3  3.48  3.44 1.000   2.5  0.00  52.15 115.45  50.38 116.21  52.77   0.07 251.32   1.11 262.40
 2459273.5 168.60   5.8   8.3  3.48  3.44 1.000   2.4  0.00  52.17 256.58  50.42 257.33  52.78   0.07 251.34   1.11 262.41
 2459274.5 168.72   5.8   8.3  3.47  3.44 1.000   2.4  0.00  52.18  37.71  50.45  38.45  52.79   0.07 251.35   1.11 262.43
 2459275.5 168.84   5.8   8.3  3.47  3.44 1.000   2.4  0.00  52.19 178.84  50.49 179.57  52.80   0.07 251.37   1.11 262.45
 2459276.5 168.96   5.8   8.3  3.47  3.44 1.000   2.4  0.00  52.20 319.97  50.53 320.70  52.81   0.07 251.39   1.11 262.46
 2459277.5 169.07   5.8   8.3  3.47  3.43 1.000   2.3  0.00  52.21 101.10  50.56 101.82  52.82   0.07 251.41   1.11 262.48
 2459278.5 169.19   5.8   8.3  3.46  3.43 1.000   2.3  0.00  52.22 242.23  50.60 242.94  52.83   0.07 251.43   1.10 262.50
 2459279.5 169.30   5.8   8.3  3.46  3.43 1.000   2.3  0.00  52.23  23.37  50.64  24.07  52.84   0.07 251.45   1.10 262.52
 2459280.5 169.41   5.8   8.3  3.46  3.43 1.000   2.2  0.00  52.24 164.50  50.68 165.19  52.85   0.07 251.47   1.10 262.54
 2459281.5 169.52   5.8   8.3  3.46  3.42 1.000   2.2  0.00  52.25 305.64  50.72 306.32  52.87   0.07 251.49   1.10 262.56
 2459282.5 169.63   5.8   8.3  3.46  3.42 1.000   2.2  0.00  52.26  86.77  50.76  87.44  52.88   0.06 251.51   1.10 262.58
 2459283.5 169.74   5.8   8.3  3.45  3.42 1.000   2.2  0.00  52.28 227.91  50.80 228.57  52.89   0.06 251.54   1.10 262.60
 2459284.5 169.85   5.8   8.3  3.45  3.42 1.000   2.1  0.00  52.29   9.04  50.84   9.70  52.90   0.06 251.56   1.09 262.62
 2459285.5 169.95   5.8   8.3  3.45  3.42 1.000   2.1  0.00  52.30 150.18  50.88 150.83  52.91   0.06 251.58   1.09 262.64
 2459286.5 170.05   5.8   8.3  3.45  3.41 1.000   2.1  0.00  52.31 291.32  50.93 291.95  52.92   0.06 251.61   1.09 262.66
 2459287.5 170.16   5.8   8.3  3.44  3.41 1.000   2.0  0.00  52.32  72.46  50.97  73.08  52.93   0.06 251.63   1.09 262.68
 2459288.5 170.26   5.9   8.3  3.44  3.41 1.000   2.0  0.00  52.33 213.60  51.01 214.21  52.94   0.06 251.65   1.09 262.70
 2459289.5 170.35   5.9   8.3  3.44  3.41 1.000   2.0  0.00  52.34 354.74  51.06 355.34  52.95   0.06 251.68   1.09 262.72
 2459290.5 170.45   5.9   8.3  3.44  3.41 1.000   1.9  0.00  52.35 135.88  51.10 136.47  52.96   0.06 251.71   1.08 262.75
 2459291.5 170.54   5.9   8.3  3.44  3.40 1.000   1.9  0.00  52.36 277.02  51.15 277.60  52.97   0.06 251.73   1.08 262.77
 2459292.5 170.64   5.9   8.3  3.44  3.40 1.000   1.8  0.00  52.38  58.17  51.19  58.74  52.98   0.05 251.76   1.08 262.79
 2459293.5 170.73   5.9   8.3  3.43  3.40 1.000   1.8  0.00  52.39 199.31  51.24 199.87  52.99   0.05 251.79   1.08 262.81
 2459294.5 170.81   5.9   8.3  3.43  3.40 1.000   1.8  0.00  52.40 340.45  51.28 341.00  53.00   0.05 251.82   1.08 262.84
 2459295.5 170.90   5.9   8.3  3.43  3.40 1.000   1.7  0.00  52.41 121.60  51.33 122.13  53.01   0.05 251.85   1.08 262.86
 2459296.5 170.99   5.9   8.3  3.43  3.40 1.000   1.7  0.00  52.42 262.75  51.38 263.27  53.03   0.05 251.88   1.07 262.88
 2459297.5 171.07   5.9   8.3  3.43  3.39 1.000   1.7  0.00  52.43  43.89  51.43  44.40  53.04   0.05 251.91   1.07 262.91
 2459298.5 171.15   5.9   8.3  3.42  3.39 1.000   1.6  0.00  52.44 185.04  51.47 185.54  53.05   0.05 251.94   1.07 262.93
 2459299.5 171.23   5.9   8.3  3.42  3.39 1.000   1.6  0.00  52.45 326.19  51.52 326.68  53.06   0.05 251.98   1.07 262.96
 2459300.5 171.31   5.9   8.3  3.42  3.39 1.000   1.5  0.00  52.46 107.34  51.57 107.81  53.07   0.05 252.01   1.07 262.98
 2459301.5 171.38   5.9   8.3  3.42  3.39 1.000   1.5  0.00  52.47 248.49  51.62 248.95  53.08   0.04 252.05   1.07 263.00
 2459302.5 171.46   5.9   8.3  3.42  3.39 1.000   1.5  0.00  52.49  29.64  51.67  30.09  53.09   0.04 252.09   1.07 263.03
 2459303.5 171.53   5.9   8.3  3.42  3.39 1.000   1.4  0.00  52.50 170.79  51.72 171.23  53.10   0.04 252.12   1.06 263.05
 2459304.5 171.60   5.9   8.3  3.42  3.38 1.000   1.4  0.00  52.51 311.95  51.77 312.37  53.11   0.04 252.17   1.06 263.08
 2459305.5 171.67   5.9   8.3  3.41  3.38 1.000   1.3  0.00  52.52  93.10  51.82  93.51  53.12   0.04 252.21   1.06 263.11
 2459306.5 171.73   5.9   8.3  3.41  3.38 1.000   1.3  0.00  52.53 234.25  51.87 234.65  53.13   0.04 252.25   1.06 263.13
 2459307.5 171.79   5.9   8.3  3.41  3.38 1.000   1.3  0.00  52.54  15.41  51.92  15.79  53.14   0.04 252.30   1.06 263.16
 2459308.5 171.86   5.9   8.3  3.41  3.38 1.000   1.2  0.00  52.55 156.57  51.98 156.93  53.15   0.04 252.35   1.06 263.18
 2459309.5 171.91   5.9   8.3  3.41  3.38 1.000   1.2  0.00  52.56 297.72  52.03 298.08  53.16   0.03 252.40   1.05 263.21
 2459310.5 171.97   5.9   8.3  3.41  3.38 1.000   1.1  0.00  52.57  78.88  52.08  79.22  53.17   0.03 252.46   1.05 263.24
 2459311.5 172.03   5.9   8.3  3.41  3.38 1.000   1.1  0.00  52.59 220.04  52.13 220.37  53.19   0.03 252.52   1.05 263.26
 2459312.5 172.08   5.9   8.3  3.41  3.38 1.000   1.0  0.00  52.60   1.20  52.19   1.51  53.20   0.03 252.58   1.05 263.29
 2459313.5 172.13   5.9   8.3  3.41  3.37 1.000   1.0  0.00  52.61 142.36  52.24 142.66  53.21   0.03 252.64   1.05 263.32
 2459314.5 172.18   5.9   8.3  3.40  3.37 1.000   1.0  0.00  52.62 283.52  52.29 283.81  53.22   0.03 252.72   1.05 263.35
 2459315.5 172.23   5.9   8.3  3.40  3.37 1.000   0.9  0.00  52.63  64.68  52.35  64.95  53.23   0.03 252.79   1.05 263.37
 2459316.5 172.27   5.9   8.3  3.40  3.37 1.000   0.9  0.00  52.64 205.85  52.40 206.10  53.24   0.03 252.88   1.04 263.40
 2459317.5 172.31   5.9   8.3  3.40  3.37 1.000   0.8  0.00  52.65 347.01  52.45 347.25  53.25   0.02 252.97   1.04 263.43
 2459318.5 172.35   5.9   8.3  3.40  3.37 1.000   0.8  0.00  52.66 128.18  52.51 128.40  53.26   0.02 253.07   1.04 263.46
 2459319.5 172.39   5.9   8.3  3.40  3.37 1.000   0.7  0.00  52.67 269.34  52.56 269.55  53.27   0.02 253.18   1.04 263.49
 2459320.5 172.42   5.9   8.3  3.40  3.37 1.000   0.7  0.00  52.68  50.51  52.62  50.70  53.28   0.02 253.31   1.04 263.51
 2459321.5 172.46   5.9   8.3  3.40  3.37 1.000   0.6  0.00  52.70 191.68  52.67 191.86  53.29   0.02 253.45   1.04 263.54
 2459322.5 172.49   5.9   8.3  3.40  3.37 1.000   0.6  0.00  52.71 332.84  52.73 333.01  53.30   0.02 253.61   1.03 263.57
 2459323.5 172.52   5.9   8.3  3.40  3.37 1.000   0.6  0.00  52.72 114.01  52.78 114.16  53.31   0.02 253.79   1.03 263.60
 2459324.5 172.54   5.9   8.3  3.40  3.37 1.000   0.5  0.00  52.73 255.18  52.84 255.32  53.32   0.01 254.01   1.03 263.63
 2459325.5 172.57   5.9   8.3  3.40  3.37 1.000   0.5  0.00  52.74  36.35  52.89  36.47  53.33   0.01 254.27   1.03 263.66
 2459326.5 172.59   5.9   8.3  3.40  3.37 1.000   0.4  0.00  52.75 177.53  52.95 177.63  53.34   0.01 254.58   1.03 263.69
 2459327.5 172.61   5.9   8.3  3.40  3.37 1.000   0.4  0.00  52.76 318.70  53.00 318.79  53.36   0.01 254.96   1.03 263.72
 2459328.5 172.63   5.9   8.3  3.40  3.37 1.000   0.3  0.00  52.77  99.87  53.06  99.95  53.37   0.01 255.46   1.03 263.75
 2459329.5 172.64   5.9   8.3  3.40  3.37 1.000   0.3  0.00  52.78 241.05  53.11 241.11  53.38   0.01 256.12   1.03 263.78
 2459330.5 172.66   5.9   8.3  3.40  3.37 1.000   0.2  0.00  52.80  22.22  53.17  22.26  53.39   0.01 257.04   1.02 263.81
 2459331.5 172.67   5.9   8.3  3.39  3.37 1.000   0.2  0.00  52.81 163.40  53.22 163.43  53.40   0.01 258.43   1.02 263.83
 2459332.5 172.67   5.9   8.3  3.39  3.37 1.000   0.1  0.00  52.82 304.57  53.28 304.59  53.41   0.00 260.79   1.02 263.86
 2459333.5 172.68   5.9   8.3  3.39  3.37 1.000   0.1  0.00  52.83  85.75  53.33  85.75  53.42   0.00 265.64   1.02 263.89
 2459334.5 172.69   5.9   8.3  3.39  3.37 1.000   0.0  0.00  52.84 226.93  53.39 226.91  53.43   0.00 280.76   1.02 263.92
 2459335.5 172.69   5.9   8.3  3.39  3.37 1.000   0.0  0.00  52.85   8.11  53.45   8.07  53.44   0.00   5.84   1.02 263.95
 2459336.5 172.69   5.9   8.3  3.39  3.37 1.000   0.1  0.00  52.86 149.29  53.50 149.24  53.45   0.00  51.52   1.02 263.98
 2459337.5 172.68   5.9   8.3  3.39  3.37 1.000   0.1  0.00  52.87 290.47  53.56 290.40  53.46   0.00  60.46   1.01 264.01
 2459338.5 172.68   5.9   8.3  3.39  3.37 1.000   0.1  0.00  52.88  71.65  53.61  71.57  53.47   0.00  63.99   1.01 264.04
 2459339.5 172.67   5.9   8.3  3.39  3.37 1.000   0.2  0.00  52.90 212.84  53.67 212.74  53.48   0.01  65.87   1.01 264.08
 2459340.5 172.66   5.9   8.3  3.39  3.37 1.000   0.2  0.00  52.91 354.02  53.72 353.90  53.49   0.01  67.05   1.01 264.11
 2459341.5 172.65   5.9   8.3  3.40  3.37 1.000   0.3  0.00  52.92 135.20  53.78 135.07  53.50   0.01  67.85   1.01 264.14
 2459342.5 172.64   5.9   8.3  3.40  3.37 1.000   0.3  0.00  52.93 276.39  53.83 276.24  53.52   0.01  68.43   1.01 264.17
 2459343.5 172.62   5.9   8.3  3.40  3.37 1.000   0.4  0.00  52.94  57.57  53.89  57.41  53.53   0.01  68.88   1.01 264.20
 2459344.5 172.60   5.9   8.3  3.40  3.37 1.000   0.4  0.00  52.95 198.76  53.94 198.58  53.54   0.01  69.23   1.01 264.23
 2459345.5 172.58   5.9   8.3  3.40  3.37 1.000   0.5  0.00  52.96 339.95  54.00 339.75  53.55   0.01  69.52   1.00 264.26
 2459346.5 172.56   5.9   8.3  3.40  3.37 1.000   0.5  0.00  52.97 121.14  54.05 120.92  53.56   0.02  69.76   1.00 264.29
 2459347.5 172.53   5.9   8.3  3.40  3.37 1.000   0.6  0.00  52.98 262.33  54.11 262.10  53.57   0.02  69.96   1.00 264.32
 2459348.5 172.51   5.9   8.3  3.40  3.37 1.000   0.6  0.00  52.99  43.52  54.16  43.27  53.58   0.02  70.13   1.00 264.35
 2459349.5 172.48   5.9   8.3  3.40  3.37 1.000   0.7  0.00  53.01 184.71  54.22 184.44  53.59   0.02  70.29   1.00 264.38
 2459350.5 172.44   5.9   8.3  3.40  3.37 1.000   0.7  0.00  53.02 325.90  54.27 325.62  53.60   0.02  70.42   1.00 264.41
 2459351.5 172.41   5.9   8.3  3.40  3.37 1.000   0.7  0.00  53.03 107.09  54.33 106.80  53.61   0.02  70.54   1.00 264.44
 2459352.5 172.37   5.9   8.3  3.40  3.37 1.000   0.8  0.00  53.04 248.28  54.38 247.97  53.62   0.02  70.65   1.00 264.47
 2459353.5 172.34   5.9   8.3  3.40  3.37 1.000   0.8  0.00  53.05  29.48  54.43  29.15  53.63   0.02  70.75   1.00 264.50
 2459354.5 172.30   5.9   8.3  3.40  3.37 1.000   0.9  0.00  53.06 170.67  54.49 170.33  53.64   0.03  70.83   1.00 264.53
 2459355.5 172.25   5.9   8.3  3.40  3.38 1.000   0.9  0.00  53.07 311.86  54.54 311.51  53.65   0.03  70.92   0.99 264.56
 2459356.5 172.21   5.9   8.3  3.40  3.38 1.000   1.0  0.00  53.08  93.06  54.59  92.69  53.66   0.03  70.99   0.99 264.59
 2459357.5 172.16   5.9   8.3  3.40  3.38 1.000   1.0  0.00  53.09 234.26  54.65 233.87  53.68   0.03  71.06   0.99 264.62
 2459358.5 172.11   5.9   8.3  3.41  3.38 1.000   1.1  0.00  53.11  15.45  54.70  15.05  53.69   0.03  71.13   0.99 264.65
 2459359.5 172.06   5.9   8.3  3.41  3.38 1.000   1.1  0.00  53.12 156.65  54.75 156.23  53.70   0.03  71.19   0.99 264.68
 2459360.5 172.01   5.9   8.3  3.41  3.38 1.000   1.1  0.00  53.13 297.85  54.81 297.41  53.71   0.03  71.25   0.99 264.71
 2459361.5 171.95   5.9   8.3  3.41  3.38 1.000   1.2  0.00  53.14  79.05  54.86  78.60  53.72   0.03  71.30   0.99 264.74
 2459362.5 171.90   5.9   8.3  3.41  3.38 1.000   1.2  0.00  53.15 220.25  54.91 219.78  53.73   0.04  71.36   0.99 264.77
 2459363.5 171.84   5.9   8.3  3.41  3.38 1.000   1.3  0.00  53.16   1.45  54.96   0.96  53.74   0.04  71.41   0.99 264.80
 2459364.5 171.78   5.9   8.3  3.41  3.39 1.000   1.3  0.00  53.17 142.65  55.01 142.15  53.75   0.04  71.45   0.99 264.83
 2459365.5 171.71   5.9   8.3  3.41  3.39 1.000   1.4  0.00  53.18 283.85  55.06 283.34  53.76   0.04  71.50   0.98 264.86
 2459366.5 171.65   5.9   8.3  3.41  3.39 1.000   1.4  0.00  53.19  65.05  55.11  64.52  53.77   0.04  71.54   0.98 264.89
 2459367.5 171.58   5.9   8.3  3.42  3.39 1.000   1.4  0.00  53.20 206.25  55.16 205.71  53.78   0.04  71.58   0.98 264.92
 2459368.5 171.51   5.9   8.3  3.42  3.39 1.000   1.5  0.00  53.22 347.46  55.21 346.90  53.79   0.04  71.62   0.98 264.94
 2459369.5 171.44   5.9   8.3  3.42  3.39 1.000   1.5  0.00  53.23 128.66  55.26 128.09  53.80   0.04  71.66   0.98 264.97
 2459370.5 171.37   5.9   8.3  3.42  3.39 1.000   1.6  0.00  53.24 269.87  55.31 269.28  53.81   0.05  71.70   0.98 265.00
 2459371.5 171.29   5.9   8.3  3.42  3.40 1.000   1.6  0.00  53.25  51.07  55.36  50.47  53.82   0.05  71.73   0.98 265.03
 2459372.5 171.22   5.9   8.3  3.42  3.40 1.000   1.6  0.00  53.26 192.28  55.41 191.66  53.83   0.05  71.77   0.98 265.06
 2459373.5 171.14   5.9   8.3  3.43  3.40 1.000   1.7  0.00  53.27 333.48  55.46 332.85  53.85   0.05  71.80   0.98 265.09
 2459374.5 171.06   5.9   8.3  3.43  3.40 1.000   1.7  0.00  53.28 114.69  55.50 114.04  53.86   0.05  71.83   0.98 265.11
 2459375.5 170.98   5.9   8.3  3.43  3.40 1.000   1.7  0.00  53.29 255.90  55.55 255.23  53.87   0.05  71.86   0.98 265.14
 2459376.5 170.89   5.9   8.3  3.43  3.40 1.000   1.8  0.00  53.30  37.10  55.60  36.43  53.88   0.05  71.90   0.98 265.17
 2459377.5 170.81   5.9   8.3  3.43  3.41 1.000   1.8  0.00  53.32 178.31  55.64 177.62  53.89   0.05  71.93   0.98 265.20
 2459378.5 170.72   5.9   8.3  3.43  3.41 1.000   1.9  0.00  53.33 319.52  55.69 318.82  53.90   0.05  71.95   0.98 265.22
 2459379.5 170.63   5.9   8.3  3.44  3.41 1.000   1.9  0.00  53.34 100.73  55.73 100.01  53.91   0.06  71.98   0.97 265.25
 2459380.5 170.54   5.9   8.3  3.44  3.41 1.000   1.9  0.00  53.35 241.94  55.78 241.21  53.92   0.06  72.01   0.97 265.28
 2459381.5 170.45   5.9   8.3  3.44  3.41 1.000   2.0  0.00  53.36  23.15  55.82  22.40  53.93   0.06  72.04   0.97 265.30
 2459382.5 170.35   5.9   8.3  3.44  3.41 1.000   2.0  0.00  53.37 164.36  55.87 163.60  53.94   0.06  72.06   0.97 265.33
 2459383.5 170.26   5.8   8.3  3.44  3.42 1.000   2.0  0.00  53.38 305.57  55.91 304.80  53.95   0.06  72.09   0.97 265.36
 2459384.5 170.16   5.8   8.3  3.44  3.42 1.000   2.1  0.00  53.39  86.78  55.95  86.00  53.96   0.06  72.11   0.97 265.38
 2459385.5 170.06   5.8   8.3  3.45  3.42 1.000   2.1  0.00  53.40 227.99  56.00 227.19  53.97   0.06  72.14   0.97 265.41
 2459386.5 169.96   5.8   8.3  3.45  3.42 1.000   2.1  0.00  53.42   9.20  56.04   8.39  53.98   0.06  72.16   0.97 265.43
 2459387.5 169.85   5.8   8.3  3.45  3.42 1.000   2.2  0.00  53.43 150.42  56.08 149.59  53.99   0.06  72.19   0.97 265.46
 2459388.5 169.75   5.8   8.3  3.45  3.43 1.000   2.2  0.00  53.44 291.63  56.12 290.79  54.01   0.07  72.21   0.97 265.48
 2459389.5 169.65   5.8   8.3  3.46  3.43 1.000   2.2  0.00  53.45  72.84  56.16  72.00  54.02   0.07  72.23   0.97 265.51
 2459390.5 169.54   5.8   8.3  3.46  3.43 1.000   2.3  0.00  53.46 214.06  56.20 213.20  54.03   0.07  72.26   0.97 265.53
 2459391.5 169.43   5.8   8.3  3.46  3.43 1.000   2.3  0.00  53.47 355.27  56.24 354.40  54.04   0.07  72.28   0.97 265.55
 2459392.5 169.32   5.8   8.3  3.46  3.44 1.000   2.3  0.00  53.48 136.48  56.28 135.60  54.05   0.07  72.30   0.97 265.58
 2459393.5 169.21   5.8   8.3  3.46  3.44 1.000   2.3  0.00  53.49 277.70  56.32 276.80  54.06   0.07  72.32   0.97 265.60
 2459394.5 169.10   5.8   8.3  3.47  3.44 1.000   2.4  0.00  53.50  58.91  56.36  58.01  54.07   0.07  72.34   0.97 265.62
 2459395.5 168.98   5.8   8.3  3.47  3.44 1.000   2.4  0.00  53.51 200.13  56.39 199.21  54.08   0.07  72.36   0.97 265.65
 2459396.5 168.87   5.8   8.3  3.47  3.45 1.000   2.4  0.00  53.53 341.34  56.43 340.41  54.09   0.07  72.38   0.97 265.67
 2459397.5 168.75   5.8   8.3  3.47  3.45 1.000   2.5  0.00  53.54 122.56  56.46 121.62  54.10   0.07  72.40   0.97 265.69
 2459398.5 168.63   5.8   8.3  3.48  3.45 1.000   2.5  0.00  53.55 263.77  56.50 262.82  54.11   0.07  72.42   0.97 265.71
 2459399.5 168.52   5.8   8.3  3.48  3.45 1.000   2.5  0.00  53.56  44.99  56.53  44.03  54.12   0.08  72.44   0.97 265.73
 2459400.5 168.40   5.8   8.3  3.48  3.46 1.000   2.5  0.00  53.57 186.20  56.57 185.24  54.13   0.08  72.46   0.97 265.76
 2459401.5 168.27   5.8   8.3  3.48  3.46 1.000   2.6  0.00  53.58 327.42  56.60 326.44  54.14   0.08  72.48   0.97 265.78
 2459402.5 168.15   5.8   8.3  3.49  3.46 0.999   2.6  0.00  53.59 108.63  56.64 107.65  54.15   0.08  72.49   0.97 265.80
 2459403.5 168.03   5.8   8.3  3.49  3.46 0.999   2.6  0.00  53.60 249.85  56.67 248.86  54.17   0.08  72.51   0.97 265.82
 2459404.5 167.90   5.8   8.3  3.49  3.47 0.999   2.6  0.00  53.61  31.07  56.70  30.06  54.18   0.08  72.53   0.97 265.84
 2459405.5 167.78   5.8   8.3  3.49  3.47 0.999   2.6  0.00  53.63 172.28  56.73 171.27  54.19   0.08  72.55   0.97 265.85
 2459406.5 167.65   5.8   8.3  3.50  3.47 0.999   2.7  0.00  53.64 313.50  56.76 312.48  54.20   0.08  72.56   0.97 265.87
 2459407.5 167.52   5.8   8.3  3.50  3.47 0.999   2.7  0.00  53.65  94.72  56.79  93.69  54.21   0.08  72.58   0.97 265.89
 2459408.5 167.40   5.8   8.3  3.50  3.48 0.999   2.7  0.00  53.66 235.93  56.82 234.90  54.22   0.08  72.60   0.97 265.91
 2459409.5 167.27   5.8   8.3  3.50  3.48 0.999   2.7  0.00  53.67  17.15  56.85  16.11  54.23   0.08  72.61   0.97 265.93
 2459410.5 167.14   5.8   8.3  3.51  3.48 0.999   2.7  0.00  53.68 158.37  56.87 157.32  54.24   0.08  72.63   0.97 265.94
 2459411.5 167.00   5.8   8.3  3.51  3.48 0.999   2.8  0.00  53.69 299.58  56.90 298.53  54.25   0.08  72.64   0.97 265.96
 2459412.5 166.87   5.8   8.3  3.51  3.49 0.999   2.8  0.00  53.70  80.80  56.93  79.74  54.26   0.08  72.66   0.97 265.98
 2459413.5 166.74   5.8   8.3  3.52  3.49 0.999   2.8  0.00  53.71 222.02  56.95 220.95  54.27   0.08  72.67   0.97 265.99
 2459414.5 166.61   5.8   8.3  3.52  3.49 0.999   2.8  0.00  53.73   3.23  56.98   2.16  54.28   0.08  72.69   0.97 266.01
 2459415.5 166.47   5.8   8.3  3.52  3.50 0.999   2.8  0.00  53.74 144.45  57.00 143.37  54.29   0.09  72.70   0.97 266.02
 2459416.5 166.34   5.8   8.3  3.52  3.50 0.999   2.8  0.00  53.75 285.67  57.03 284.58  54.30   0.09  72.71   0.97 266.04
 2459417.5 166.20   5.8   8.3  3.53  3.50 0.999   2.8  0.00  53.76  66.88  57.05  65.79  54.31   0.09  72.73   0.97 266.05
 2459418.5 166.07   5.8   8.3  3.53  3.50 0.999   2.9  0.00  53.77 208.10  57.07 207.00  54.32   0.09  72.74   0.97 266.07
 2459419.5 165.93   5.8   8.3  3.53  3.51 0.999   2.9  0.00  53.78 349.32  57.09 348.21  54.34   0.09  72.76   0.97 266.08
 2459420.5 165.79   5.8   8.3  3.54  3.51 0.999   2.9  0.00  53.79 130.53  57.11 129.43  54.35   0.09  72.77   0.97 266.09
 2459421.5 165.66   5.8   8.3  3.54  3.51 0.999   2.9  0.00  53.80 271.75  57.13 270.64  54.36   0.09  72.78   0.97 266.10
 2459422.5 165.52   5.8   8.3  3.54  3.52 0.999   2.9  0.00  53.81  52.96  57.15  51.85  54.37   0.09  72.79   0.97 266.12
 2459423.5 165.38   5.8   8.3  3.54  3.52 0.999   2.9  0.00  53.82 194.18  57.17 193.06  54.38   0.09  72.81   0.97 266.13
 2459424.5 165.24   5.8   8.3  3.55  3.52 0.999   2.9  0.00  53.84 335.40  57.19 334.28  54.39   0.09  72.82   0.97 266.14
 2459425.5 165.10   5.8   8.3  3.55  3.52 0.999   2.9  0.00  53.85 116.61  57.20 115.49  54.40   0.09  72.83   0.97 266.15
 2459426.5 164.96   5.8   8.3  3.55  3.53 0.999   2.9  0.00  53.86 257.83  57.22 256.70  54.41   0.09  72.84   0.97 266.16
 2459427.5 164.82   5.8   8.3  3.56  3.53 0.999   2.9  0.00  53.87  39.04  57.23  37.91  54.42   0.09  72.85   0.97 266.17
 2459428.5 164.68   5.8   8.3  3.56  3.53 0.999   2.9  0.00  53.88 180.25  57.25 179.13  54.43   0.09  72.86   0.97 266.18
 2459429.5 164.54   5.8   8.3  3.56  3.54 0.999   2.9  0.00  53.89 321.47  57.26 320.34  54.44   0.09  72.87   0.97 266.18
 2459430.5 164.40   5.8   8.3  3.57  3.54 0.999   2.9  0.00  53.90 102.68  57.28 101.55  54.45   0.09  72.88   0.97 266.19
 2459431.5 164.26   5.8   8.3  3.57  3.54 0.999   2.9  0.00  53.91 243.90  57.29 242.77  54.46   0.09  72.89   0.97 266.20
 2459432.5 164.12   5.8   8.3  3.57  3.55 0.999   2.9  0.00  53.92  25.11  57.30  23.98  54.47   0.09  72.90   0.97 266.21
 2459433.5 163.98   5.8   8.3  3.57  3.55 0.999   2.9  0.00  53.94 166.32  57.31 165.19  54.48   0.09  72.91   0.97 266.21
 2459434.5 163.84   5.8   8.3  3.58  3.55 0.999   2.9  0.00  53.95 307.54  57.32 306.41  54.50   0.09  72.92   0.97 266.22
 2459435.5 163.70   5.8   8.3  3.58  3.56 0.999   2.9  0.00  53.96  88.75  57.33  87.62  54.51   0.09  72.93   0.98 266.23
 2459436.5 163.56   5.8   8.3  3.58  3.56 0.999   2.9  0.00  53.97 229.96  57.34 228.83  54.52   0.09  72.94   0.98 266.23
 2459437.5 163.42   5.8   8.3  3.59  3.56 0.999   2.9  0.00  53.98  11.17  57.35  10.05  54.53   0.09  72.95   0.98 266.23
 2459438.5 163.28   5.8   8.3  3.59  3.56 0.999   2.9  0.00  53.99 152.38  57.35 151.26  54.54   0.09  72.96   0.98 266.24
 2459439.5 163.14   5.8   8.3  3.59  3.57 0.999   2.9  0.00  54.00 293.60  57.36 292.47  54.55   0.09  72.97   0.98 266.24
 2459440.5 163.00   5.8   8.3  3.60  3.57 0.999   2.9  0.00  54.01  74.81  57.36  73.68  54.56   0.09  72.98   0.98 266.24
 2459441.5 162.86   5.8   8.3  3.60  3.57 0.999   2.9  0.00  54.02 216.02  57.37 214.90  54.57   0.09  72.99   0.98 266.25
 2459442.5 162.72   5.8   8.3  3.60  3.58 0.999   2.9  0.00  54.04 357.23  57.37 356.11  54.58   0.09  73.00   0.98 266.25
 2459443.5 162.58   5.8   8.3  3.61  3.58 0.999   2.9  0.00  54.05 138.43  57.37 137.32  54.59   0.09  73.00   0.98 266.25
 2459444.5 162.44   5.7   8.3  3.61  3.58 0.999   2.9  0.00  54.06 279.64  57.38 278.53  54.60   0.09  73.01   0.98 266.25
 2459445.5 162.30   5.7   8.3  3.61  3.59 0.999   2.9  0.00  54.07  60.85  57.38  59.75  54.61   0.09  73.02   0.98 266.25
 2459446.5 162.17   5.7   8.3  3.61  3.59 0.999   2.9  0.00  54.08 202.06  57.38 200.96  54.62   0.09  73.03   0.98 266.25
 2459447.5 162.03   5.7   8.3  3.62  3.59 0.999   2.9  0.00  54.09 343.27  57.38 342.17  54.63   0.09  73.03   0.98 266.25
 2459448.5 161.89   5.7   8.3  3.62  3.59 0.999   2.8  0.00  54.10 124.47  57.37 123.38  54.64   0.09  73.04   0.99 266.25
 2459449.5 161.76   5.7   8.3  3.62  3.60 0.999   2.8  0.00  54.11 265.68  57.37 264.59  54.65   0.09  73.05   0.99 266.25
 2459450.5 161.62   5.7   8.3  3.63  3.60 0.999   2.8  0.00  54.12  46.88  57.37  45.81  54.67   0.09  73.05   0.99 266.25
 2459451.5 161.49   5.7   8.3  3.63  3.60 0.999   2.8  0.00  54.14 188.09  57.37 187.02  54.68   0.09  73.06   0.99 266.24
 2459452.5 161.35   5.7   8.3  3.63  3.61 0.999   2.8  0.00  54.15 329.29  57.36 328.23  54.69   0.09  73.07   0.99 266.24
 2459453.5 161.22   5.7   8.3  3.64  3.61 0.999   2.8  0.00  54.16 110.50  57.36 109.44  54.70   0.09  73.07   0.99 266.24
 2459454.5 161.09   5.7   8.3  3.64  3.61 0.999   2.8  0.00  54.17 251.70  57.35 250.65  54.71   0.09  73.08   0.99 266.23
 2459455.5 160.96   5.7   8.3  3.64  3.62 0.999   2.7  0.00  54.18  32.90  57.34  31.86  54.72   0.09  73.09   0.99 266.23
 2459456.5 160.83   5.7   8.3  3.64  3.62 0.999   2.7  0.00  54.19 174.11  57.34 173.07  54.73   0.09  73.09   0.99 266.22
 2459457.5 160.70   5.7   8.3  3.65  3.62 0.999   2.7  0.00  54.20 315.31  57.33 314.28  54.74   0.08  73.10   0.99 266.22
 2459458.5 160.57   5.7   8.3  3.65  3.62 0.999   2.7  0.00  54.21  96.51  57.32  95.49  54.75   0.08  73.10   0.99 266.21
 2459459.5 160.44   5.7   8.3  3.65  3.63 0.999   2.7  0.00  54.22 237.71  57.31 236.70  54.76   0.08  73.11   1.00 266.20
 2459460.5 160.31   5.7   8.3  3.66  3.63 0.999   2.6  0.00  54.23  18.91  57.30  17.90  54.77   0.08  73.12   1.00 266.20
 2459461.5 160.19   5.7   8.3  3.66  3.63 0.999   2.6  0.00  54.25 160.11  57.29 159.11  54.78   0.08  73.12   1.00 266.19
 2459462.5 160.06   5.7   8.3  3.66  3.64 0.999   2.6  0.00  54.26 301.30  57.28 300.32  54.79   0.08  73.13   1.00 266.18
 2459463.5 159.94   5.7   8.3  3.66  3.64 0.999   2.6  0.00  54.27  82.50  57.26  81.53  54.80   0.08  73.13   1.00 266.17
 2459464.5 159.82   5.7   8.3  3.67  3.64 1.000   2.5  0.00  54.28 223.70  57.25 222.73  54.81   0.08  73.14   1.00 266.16
 2459465.5 159.70   5.7   8.3  3.67  3.64 1.000   2.5  0.00  54.29   4.89  57.24   3.94  54.82   0.08  73.14   1.00 266.16
 2459466.5 159.58   5.7   8.3  3.67  3.65 1.000   2.5  0.00  54.30 146.09  57.22 145.15  54.84   0.08  73.15   1.00 266.15
 2459467.5 159.46   5.7   8.3  3.68  3.65 1.000   2.5  0.00  54.31 287.28  57.20 286.35  54.85   0.08  73.16   1.00 266.13
 2459468.5 159.34   5.7   8.3  3.68  3.65 1.000   2.4  0.00  54.32  68.48  57.19  67.56  54.86   0.08  73.16   1.01 266.12
 2459469.5 159.23   5.7   8.3  3.68  3.65 1.000   2.4  0.00  54.33 209.67  57.17 208.76  54.87   0.08  73.17   1.01 266.11
 2459470.5 159.11   5.7   8.3  3.68  3.66 1.000   2.4  0.00  54.35 350.86  57.15 349.97  54.88   0.07  73.17   1.01 266.10
 2459471.5 159.00   5.7   8.3  3.69  3.66 1.000   2.3  0.00  54.36 132.05  57.13 131.17  54.89   0.07  73.18   1.01 266.09
 2459472.5 158.89   5.7   8.3  3.69  3.66 1.000   2.3  0.00  54.37 273.24  57.11 272.37  54.90   0.07  73.19   1.01 266.08
 2459473.5 158.78   5.7   8.3  3.69  3.67 1.000   2.3  0.00  54.38  54.43  57.09  53.58  54.91   0.07  73.19   1.01 266.06
 2459474.5 158.67   5.7   8.3  3.69  3.67 1.000   2.2  0.00  54.39 195.62  57.07 194.78  54.92   0.07  73.20   1.01 266.05
 2459475.5 158.56   5.7   8.3  3.70  3.67 1.000   2.2  0.00  54.40 336.81  57.05 335.98  54.93   0.07  73.21   1.01 266.04
 2459476.5 158.46   5.7   8.3  3.70  3.67 1.000   2.2  0.00  54.41 117.99  57.03 117.18  54.94   0.07  73.21   1.02 266.02
 2459477.5 158.35   5.7   8.3  3.70  3.67 1.000   2.1  0.00  54.42 259.18  57.01 258.38  54.95   0.07  73.22   1.02 266.01
 2459478.5 158.25   5.7   8.3  3.70  3.68 1.000   2.1  0.00  54.43  40.37  56.98  39.58  54.96   0.07  73.23   1.02 265.99
 2459479.5 158.15   5.7   8.3  3.71  3.68 1.000   2.1  0.00  54.45 181.55  56.96 180.78  54.97   0.07  73.23   1.02 265.98
 2459480.5 158.05   5.7   8.3  3.71  3.68 1.000   2.0  0.00  54.46 322.73  56.94 321.98  54.98   0.06  73.24   1.02 265.96
 2459481.5 157.96   5.7   8.3  3.71  3.68 1.000   2.0  0.00  54.47 103.92  56.91 103.18  55.00   0.06  73.25   1.02 265.95
 2459482.5 157.86   5.7   8.3  3.71  3.69 1.000   2.0  0.00  54.48 245.10  56.88 244.37  55.01   0.06  73.26   1.02 265.93
 2459483.5 157.77   5.7   8.3  3.72  3.69 1.000   1.9  0.00  54.49  26.28  56.86  25.57  55.02   0.06  73.27   1.02 265.91
 2459484.5 157.68   5.7   8.3  3.72  3.69 1.000   1.9  0.00  54.50 167.46  56.83 166.77  55.03   0.06  73.28   1.03 265.89
 2459485.5 157.59   5.7   8.3  3.72  3.69 1.000   1.8  0.00  54.51 308.64  56.80 307.96  55.04   0.06  73.29   1.03 265.88
 2459486.5 157.50   5.7   8.3  3.72  3.69 1.000   1.8  0.00  54.52  89.82  56.77  89.16  55.05   0.06  73.30   1.03 265.86
 2459487.5 157.41   5.7   8.3  3.72  3.70 1.000   1.8  0.00  54.53 231.00  56.75 230.35  55.06   0.06  73.31   1.03 265.84
 2459488.5 157.33   5.7   8.3  3.73  3.70 1.000   1.7  0.00  54.55  12.17  56.72  11.55  55.07   0.05  73.32   1.03 265.82
 2459489.5 157.25   5.7   8.3  3.73  3.70 1.000   1.7  0.00  54.56 153.35  56.69 152.74  55.08   0.05  73.34   1.03 265.80
 2459490.5 157.17   5.7   8.3  3.73  3.70 1.000   1.6  0.00  54.57 294.52  56.66 293.93  55.09   0.05  73.35   1.03 265.78
 2459491.5 157.09   5.7   8.3  3.73  3.70 1.000   1.6  0.00  54.58  75.70  56.63  75.12  55.10   0.05  73.37   1.04 265.77
 2459492.5 157.02   5.7   8.3  3.73  3.71 1.000   1.5  0.00  54.59 216.87  56.59 216.31  55.11   0.05  73.39   1.04 265.75
 2459493.5 156.94   5.7   8.3  3.73  3.71 1.000   1.5  0.00  54.60 358.04  56.56 357.50  55.12   0.05  73.40   1.04 265.73
 2459494.5 156.87   5.7   8.3  3.74  3.71 1.000   1.5  0.00  54.61 139.21  56.53 138.69  55.13   0.05  73.42   1.04 265.71
 2459495.5 156.80   5.7   8.3  3.74  3.71 1.000   1.4  0.00  54.62 280.38  56.50 279.88  55.14   0.05  73.45   1.04 265.69
 2459496.5 156.74   5.7   8.3  3.74  3.71 1.000   1.4  0.00  54.63  61.55  56.46  61.07  55.15   0.04  73.47   1.04 265.66
 2459497.5 156.67   5.7   8.3  3.74  3.71 1.000   1.3  0.00  54.65 202.72  56.43 202.25  55.17   0.04  73.50   1.04 265.64
 2459498.5 156.61   5.7   8.3  3.74  3.71 1.000   1.3  0.00  54.66 343.89  56.39 343.44  55.18   0.04  73.53   1.04 265.62
 2459499.5 156.55   5.7   8.3  3.74  3.72 1.000   1.2  0.00  54.67 125.06  56.36 124.62  55.19   0.04  73.56   1.05 265.60
 2459500.5 156.50   5.7   8.3  3.75  3.72 1.000   1.2  0.00  54.68 266.22  56.33 265.81  55.20   0.04  73.59   1.05 265.58
 2459501.5 156.44   5.7   8.3  3.75  3.72 1.000   1.1  0.00  54.69  47.39  56.29  46.99  55.21   0.04  73.63   1.05 265.56
 2459502.5 156.39   5.7   8.3  3.75  3.72 1.000   1.1  0.00  54.70 188.55  56.25 188.18  55.22   0.03  73.67   1.05 265.54
 2459503.5 156.34   5.7   8.3  3.75  3.72 1.000   1.0  0.00  54.71 329.71  56.22 329.36  55.23   0.03  73.72   1.05 265.51
 2459504.5 156.29   5.7   8.3  3.75  3.72 1.000   1.0  0.00  54.72 110.88  56.18 110.54  55.24   0.03  73.77   1.05 265.49
 2459505.5 156.24   5.7   8.3  3.75  3.72 1.000   0.9  0.00  54.73 252.04  56.14 251.72  55.25   0.03  73.83   1.05 265.47
 2459506.5 156.20   5.7   8.3  3.75  3.72 1.000   0.9  0.00  54.75  33.20  56.11  32.90  55.26   0.03  73.90   1.06 265.45
 2459507.5 156.16   5.7   8.3  3.75  3.73 1.000   0.8  0.00  54.76 174.36  56.07 174.08  55.27   0.03  73.98   1.06 265.43
 2459508.5 156.12   5.7   8.3  3.75  3.73 1.000   0.8  0.00  54.77 315.51  56.03 315.25  55.28   0.03  74.07   1.06 265.40
 2459509.5 156.09   5.7   8.3  3.76  3.73 1.000   0.7  0.00  54.78  96.67  56.00  96.43  55.29   0.02  74.17   1.06 265.38
 2459510.5 156.05   5.7   8.3  3.76  3.73 1.000   0.7  0.00  54.79 237.83  55.96 237.61  55.30   0.02  74.29   1.06 265.36
 2459511.5 156.02   5.7   8.3  3.76  3.73 1.000   0.6  0.00  54.80  18.98  55.92  18.78  55.31   0.02  74.43   1.06 265.33
 2459512.5 155.99   5.7   8.3  3.76  3.73 1.000   0.6  0.00  54.81 160.14  55.88 159.96  55.32   0.02  74.60   1.06 265.31
 2459513.5 155.97   5.7   8.3  3.76  3.73 1.000   0.5  0.00  54.82 301.29  55.84 301.13  55.34   0.02  74.80   1.06 265.29
 2459514.5 155.94   5.7   8.3  3.76  3.73 1.000   0.5  0.00  54.83  82.45  55.80  82.30  55.35   0.02  75.05   1.06 265.26
 2459515.5 155.92   5.7   8.3  3.76  3.73 1.000   0.4  0.00  54.84 223.60  55.76 223.47  55.36   0.01  75.36   1.07 265.24
 2459516.5 155.90   5.7   8.3  3.76  3.73 1.000   0.4  0.00  54.86   4.75  55.72   4.65  55.37   0.01  75.76   1.07 265.22
 2459517.5 155.89   5.7   8.3  3.76  3.73 1.000   0.3  0.00  54.87 145.90  55.68 145.82  55.38   0.01  76.30   1.07 265.20
 2459518.5 155.88   5.7   8.3  3.76  3.73 1.000   0.3  0.00  54.88 287.05  55.65 286.98  55.39   0.01  77.06   1.07 265.17
 2459519.5 155.87   5.7   8.3  3.76  3.73 1.000   0.2  0.00  54.89  68.20  55.61  68.15  55.40   0.01  78.19   1.07 265.15
 2459520.5 155.86   5.7   8.3  3.76  3.73 1.000   0.2  0.00  54.90 209.34  55.57 209.32  55.41   0.01  80.08   1.07 265.13
 2459521.5 155.85   5.6   8.3  3.76  3.73 1.000   0.1  0.00  54.91 350.49  55.53 350.49  55.42   0.00  83.79   1.07 265.10
 2459522.5 155.85   5.6   8.3  3.76  3.73 1.000   0.1  0.00  54.92 131.64  55.49 131.65  55.43   0.00  94.20   1.07 265.08
 2459523.5 155.85   5.6   8.3  3.76  3.73 1.000   0.0  0.00  54.93 272.78  55.45 272.82  55.44   0.00 160.64   1.07 265.06
 2459524.5 155.85   5.6   8.3  3.76  3.73 1.000   0.1  0.00  54.94  53.93  55.41  53.98  55.45   0.00 230.09   1.08 265.03
 2459525.5 155.86   5.6   8.3  3.76  3.73 1.000   0.1  0.00  54.96 195.07  55.37 195.14  55.46   0.00 240.86   1.08 265.01
 2459526.5 155.86   5.7   8.3  3.76  3.73 1.000   0.2  0.00  54.97 336.21  55.33 336.30  55.47   0.01 244.65   1.08 264.99
 2459527.5 155.87   5.7   8.3  3.76  3.73 1.000   0.2  0.00  54.98 117.35  55.29 117.47  55.48   0.01 246.56   1.08 264.96
 2459528.5 155.89   5.7   8.3  3.76  3.73 1.000   0.3  0.00  54.99 258.49  55.25 258.63  55.49   0.01 247.71   1.08 264.94
 2459529.5 155.90   5.7   8.3  3.76  3.73 1.000   0.3  0.00  55.00  39.63  55.21  39.78  55.51   0.01 248.48   1.08 264.92
 2459530.5 155.92   5.7   8.3  3.76  3.73 1.000   0.4  0.00  55.01 180.77  55.17 180.94  55.52   0.01 249.02   1.08 264.90
 2459531.5 155.94   5.7   8.3  3.76  3.73 1.000   0.4  0.00  55.02 321.91  55.13 322.10  55.53   0.01 249.43   1.08 264.87
 2459532.5 155.96   5.7   8.3  3.76  3.73 1.000   0.5  0.00  55.03 103.05  55.09 103.26  55.54   0.02 249.74   1.08 264.85
 2459533.5 155.99   5.7   8.3  3.76  3.73 1.000   0.5  0.00  55.04 244.18  55.05 244.41  55.55   0.02 249.99   1.08 264.83
 2459534.5 156.01   5.7   8.3  3.76  3.73 1.000   0.6  0.00  55.06  25.32  55.01  25.57  55.56   0.02 250.19   1.09 264.81
 2459535.5 156.05   5.7   8.3  3.76  3.73 1.000   0.6  0.00  55.07 166.46  54.97 166.72  55.57   0.02 250.36   1.09 264.78
 2459536.5 156.08   5.7   8.3  3.76  3.73 1.000   0.7  0.00  55.08 307.59  54.94 307.87  55.58   0.02 250.50   1.09 264.76
 2459537.5 156.11   5.7   8.3  3.75  3.72 1.000   0.7  0.00  55.09  88.72  54.90  89.03  55.59   0.02 250.62   1.09 264.74
 2459538.5 156.15   5.7   8.3  3.75  3.72 1.000   0.8  0.00  55.10 229.86  54.86 230.18  55.60   0.03 250.73   1.09 264.72
 2459539.5 156.19   5.7   8.3  3.75  3.72 1.000   0.8  0.00  55.11  10.99  54.82  11.33  55.61   0.03 250.82   1.09 264.70
 2459540.5 156.24   5.7   8.3  3.75  3.72 1.000   0.9  0.00  55.12 152.12  54.78 152.48  55.62   0.03 250.89   1.09 264.68
 2459541.5 156.28   5.7   8.3  3.75  3.72 1.000   0.9  0.00  55.13 293.25  54.75 293.63  55.63   0.03 250.96   1.09 264.66
 2459542.5 156.33   5.7   8.3  3.75  3.72 1.000   1.0  0.00  55.14  74.38  54.71  74.77  55.64   0.03 251.02   1.09 264.64
 2459543.5 156.38   5.7   8.3  3.75  3.72 1.000   1.0  0.00  55.16 215.51  54.67 215.92  55.65   0.03 251.08   1.09 264.62
 2459544.5 156.43   5.7   8.3  3.75  3.72 1.000   1.1  0.00  55.17 356.64  54.64 357.07  55.66   0.03 251.13   1.09 264.60
 2459545.5 156.49   5.7   8.3  3.75  3.72 1.000   1.1  0.00  55.18 137.77  54.60 138.21  55.68   0.04 251.17   1.09 264.58
 2459546.5 156.54   5.7   8.3  3.74  3.71 1.000   1.2  0.00  55.19 278.89  54.57 279.36  55.69   0.04 251.21   1.09 264.56
 2459547.5 156.60   5.7   8.3  3.74  3.71 1.000   1.2  0.00  55.20  60.02  54.53  60.50  55.70   0.04 251.24   1.09 264.54
 2459548.5 156.67   5.7   8.3  3.74  3.71 1.000   1.3  0.00  55.21 201.15  54.50 201.64  55.71   0.04 251.27   1.09 264.52
 2459549.5 156.73   5.7   8.3  3.74  3.71 1.000   1.3  0.00  55.22 342.27  54.46 342.79  55.72   0.04 251.30   1.09 264.50
 2459550.5 156.80   5.7   8.3  3.74  3.71 1.000   1.4  0.00  55.23 123.40  54.43 123.93  55.73   0.04 251.33   1.10 264.48
 2459551.5 156.87   5.7   8.3  3.74  3.71 1.000   1.4  0.00  55.24 264.52  54.40 265.07  55.74   0.05 251.35   1.10 264.46
 2459552.5 156.94   5.7   8.3  3.74  3.70 1.000   1.4  0.00  55.26  45.64  54.36  46.21  55.75   0.05 251.38   1.10 264.44
 2459553.5 157.01   5.7   8.3  3.73  3.70 1.000   1.5  0.00  55.27 186.77  54.33 187.35  55.76   0.05 251.40   1.10 264.43
 2459554.5 157.09   5.7   8.3  3.73  3.70 1.000   1.5  0.00  55.28 327.89  54.30 328.48  55.77   0.05 251.42   1.10 264.41
 2459555.5 157.17   5.7   8.3  3.73  3.70 1.000   1.6  0.00  55.29 109.01  54.27 109.62  55.78   0.05 251.43   1.10 264.39
 2459556.5 157.25   5.7   8.3  3.73  3.70 1.000   1.6  0.00  55.30 250.13  54.24 250.76  55.79   0.05 251.45   1.10 264.38
 2459557.5 157.33   5.7   8.3  3.73  3.69 1.000   1.7  0.00  55.31  31.25  54.20  31.89  55.80   0.05 251.47   1.10 264.36
 2459558.5 157.41   5.7   8.3  3.72  3.69 1.000   1.7  0.00  55.32 172.37  54.17 173.03  55.81   0.05 251.48   1.10 264.34
 2459559.5 157.50   5.7   8.3  3.72  3.69 1.000   1.7  0.00  55.33 313.49  54.15 314.16  55.82   0.06 251.49   1.10 264.33
 2459560.5 157.59   5.7   8.3  3.72  3.69 1.000   1.8  0.00  55.34  94.61  54.12  95.30  55.83   0.06 251.51   1.10 264.31
 2459561.5 157.68   5.7   8.3  3.72  3.69 1.000   1.8  0.00  55.36 235.73  54.09 236.43  55.85   0.06 251.52   1.10 264.30
 2459562.5 157.77   5.7   8.3  3.72  3.68 1.000   1.9  0.00  55.37  16.85  54.06  17.56  55.86   0.06 251.53   1.10 264.28
 2459563.5 157.87   5.7   8.3  3.71  3.68 1.000   1.9  0.00  55.38 157.97  54.03 158.69  55.87   0.06 251.54   1.10 264.27
 2459564.5 157.96   5.7   8.3  3.71  3.68 1.000   1.9  0.00  55.39 299.09  54.01 299.83  55.88   0.06 251.55   1.10 264.25
 2459565.5 158.06   5.7   8.3  3.71  3.68 1.000   2.0  0.00  55.40  80.20  53.98  80.96  55.89   0.06 251.56   1.10 264.24
 2459566.5 158.16   5.7   8.3  3.71  3.67 1.000   2.0  0.00  55.41 221.32  53.96 222.09  55.90   0.06 251.57   1.10 264.23
 2459567.5 158.26   5.7   8.3  3.70  3.67 1.000   2.1  0.00  55.42   2.44  53.93   3.22  55.91   0.07 251.58   1.10 264.21
 2459568.5 158.37   5.7   8.3  3.70  3.67 1.000   2.1  0.00  55.43 143.55  53.91 144.34  55.92   0.07 251.58   1.10 264.20
 2459569.5 158.47   5.7   8.3  3.70  3.67 1.000   2.1  0.00  55.44 284.67  53.89 285.47  55.93   0.07 251.59   1.10 264.19
 2459570.5 158.58   5.7   8.3  3.70  3.67 1.000   2.2  0.00  55.46  65.78  53.86  66.60  55.94   0.07 251.60   1.10 264.18
 2459571.5 158.69   5.7   8.3  3.69  3.66 1.000   2.2  0.00  55.47 206.90  53.84 207.73  55.95   0.07 251.61   1.10 264.17
 2459572.5 158.80   5.7   8.3  3.69  3.66 1.000   2.2  0.00  55.48 348.01  53.82 348.85  55.96   0.07 251.61   1.10 264.16
 2459573.5 158.91   5.7   8.3  3.69  3.66 1.000   2.3  0.00  55.49 129.13  53.80 129.98  55.97   0.07 251.62   1.10 264.14
 2459574.5 159.02   5.7   8.3  3.69  3.65 1.000   2.3  0.00  55.50 270.24  53.78 271.10  55.98   0.07 251.63   1.10 264.13
 2459575.5 159.14   5.7   8.3  3.68  3.65 1.000   2.3  0.00  55.51  51.36  53.76  52.23  55.99   0.07 251.63   1.10 264.13
 2459576.5 159.26   5.7   8.3  3.68  3.65 1.000   2.3  0.00  55.52 192.47  53.74 193.35  56.00   0.07 251.64   1.10 264.12
 2459577.5 159.37   5.7   8.3  3.68  3.65 1.000   2.4  0.00  55.53 333.58  53.73 334.47  56.02   0.08 251.65   1.10 264.11
 2459578.5 159.49   5.7   8.3  3.68  3.64 1.000   2.4  0.00  55.54 114.70  53.71 115.60  56.03   0.08 251.65   1.09 264.10
 2459579.5 159.61   5.7   8.3  3.67  3.64 1.000   2.4  0.00  55.56 255.81  53.70 256.72  56.04   0.08 251.66   1.09 264.09
 2459580.5 159.74   5.7   8.3  3.67  3.64 1.000   2.5  0.00  55.57  36.92  53.68  37.84  56.05   0.08 251.67   1.09 264.08
 2459581.5 159.86   5.7   8.3  3.67  3.64 1.000   2.5  0.00  55.58 178.04  53.67 178.96  56.06   0.08 251.67   1.09 264.08
 2459582.5 159.99   5.7   8.3  3.66  3.63 1.000   2.5  0.00  55.59 319.15  53.65 320.08  56.07   0.08 251.68   1.09 264.07
 2459583.5 160.11   5.7   8.3  3.66  3.63 1.000   2.5  0.00  55.60 100.26  53.64 101.21  56.08   0.08 251.68   1.09 264.06
 2459584.5 160.24   5.7   8.3  3.66  3.63 1.000   2.6  0.00  55.61 241.37  53.63 242.33  56.09   0.08 251.69   1.09 264.06
 2459585.5 160.37   5.7   8.3  3.66  3.62 0.999   2.6  0.00  55.62  22.49  53.62  23.45  56.10   0.08 251.70   1.09 264.05
 2459586.5 160.50   5.7   8.3  3.65  3.62 0.999   2.6  0.00  55.63 163.60  53.61 164.56  56.11   0.08 251.70   1.09 264.05
 2459587.5 160.63   5.7   8.3  3.65  3.62 0.999   2.6  0.00  55.64 304.71  53.60 305.68  56.12   0.08 251.71   1.09 264.04
 2459588.5 160.76   5.7   8.3  3.65  3.62 0.999   2.6  0.00  55.66  85.82  53.59  86.80  56.13   0.08 251.72   1.09 264.04
 2459589.5 160.89   5.7   8.3  3.64  3.61 0.999   2.7  0.00  55.67 226.93  53.58 227.92  56.14   0.08 251.72   1.09 264.04
 2459590.5 161.02   5.7   8.3  3.64  3.61 0.999   2.7  0.00  55.68   8.05  53.57   9.04  56.15   0.08 251.73   1.09 264.03
 2459591.5 161.16   5.7   8.3  3.64  3.61 0.999   2.7  0.00  55.69 149.16  53.57 150.16  56.16   0.08 251.74   1.09 264.03
 2459592.5 161.29   5.7   8.3  3.63  3.60 0.999   2.7  0.00  55.70 290.27  53.56 291.28  56.17   0.08 251.74   1.09 264.03
 2459593.5 161.43   5.7   8.3  3.63  3.60 0.999   2.7  0.00  55.71  71.38  53.56  72.39  56.19   0.09 251.75   1.09 264.03
 2459594.5 161.57   5.7   8.3  3.63  3.60 0.999   2.7  0.00  55.72 212.49  53.56 213.51  56.20   0.09 251.76   1.08 264.02
 2459595.5 161.70   5.7   8.3  3.62  3.59 0.999   2.8  0.00  55.73 353.61  53.55 354.63  56.21   0.09 251.76   1.08 264.02
 2459596.5 161.84   5.7   8.3  3.62  3.59 0.999   2.8  0.00  55.74 134.72  53.55 135.74  56.22   0.09 251.77   1.08 264.02
 2459597.5 161.98   5.7   8.3  3.62  3.59 0.999   2.8  0.00  55.76 275.83  53.55 276.86  56.23   0.09 251.78   1.08 264.02
 2459598.5 162.12   5.7   8.3  3.62  3.58 0.999   2.8  0.00  55.77  56.94  53.55  57.98  56.24   0.09 251.79   1.08 264.02
 2459599.5 162.26   5.7   8.3  3.61  3.58 0.999   2.8  0.00  55.78 198.06  53.55 199.09  56.25   0.09 251.79   1.08 264.02
