 2459214.5   2.369670042203   2.374748150092   0.259945353201   0.258484384842  2.377494 10.5 2459214.60020168      99.00000000
 2459215.5   2.367410889277   2.372492677400   0.260217327726   0.258759024605  2.368364 10.5 2459215.59711293      99.00000000
 2459216.5   2.365066730391   2.370152075836   0.260512908937   0.259057509317  2.359471 10.5 2459216.59401082      99.00000000
 2459217.5   2.362638935794   2.367727652239   0.260831694846   0.259379422455  2.350821 10.4 2459217.59089554      99.00000000
 2459218.5   2.360129104542   2.365220990162   0.261173214515   0.259724256943  2.342417 10.4 2459218.58776735      99.00000000
 2459219.5   2.357538824260   2.362633718988   0.261537013711   0.260091507106  2.334264 10.4 2459219.58462650      99.00000000
 2459220.5   2.354869936101   2.359967774291   0.261922564962   0.260480589118  2.326365 10.4 2459220.58147329      99.00000000
 2459221.5   2.352124291387   2.357225136046   0.262329353436   0.260890940751  2.318725 10.4 2459221.57830800      99.00000000
 2459222.5   2.349304019401   2.354408065368   0.262756785910   0.261321943196  2.311348 10.3 2459222.57513098      99.00000000
 2459223.5   2.346411277714   2.351518818095   0.263204277443   0.261773017236  2.304238 10.3 2459223.57194257      99.00000000
 2459224.5   2.343448518575   2.348559877831   0.263671160150   0.262243532723  2.297398 10.3 2459224.56874316      99.00000000
 2459225.5   2.340418227510   2.345533678582   0.264156771877   0.262732888182  2.290832 10.3 2459225.56553314      99.00000000
 2459226.5   2.337323182172   2.342442874223   0.264660366486   0.263240402273  2.284545 10.2 2459226.56231295      99.00000000
 2459227.5   2.334166174597   2.339290098133   0.265181206152   0.263765385627  2.278538 10.2 2459227.55908302      99.00000000
 2459228.5   2.330950261905   2.336078262110   0.265718474275   0.264307038996  2.272816 10.2 2459228.55584385      99.00000000
 2459229.5   2.327678477553   2.332810306548   0.266271371104   0.264864547055  2.267380 10.2 2459229.55259589      99.00000000
 2459230.5   2.324354083888   2.329489467653   0.266839027639   0.265437000737  2.262234 10.1 2459230.54933967      99.00000000
 2459231.5   2.320980283929   2.326118981058   0.267420601930   0.266023507705  2.257380 10.1 2459231.54607568      99.00000000
 2459232.5   2.317560484426   2.322702323513   0.268015191491   0.266623116699  2.252820 10.1 2459232.54280446      99.00000000
 2459233.5   2.314098011921   2.319242906968   0.268621928533   0.267234920851  2.248556 10.1 2459233.53952653      99.00000000
 2459234.5   2.310596384978   2.315744333726   0.269239890440   0.267857970820  2.244589 10.0 2459234.53624245      99.00000000
 2459235.5   2.307059030434   2.312210102740   0.269868194267   0.268491369833  2.240920 10.0 2459235.53295276      99.00000000
 2459236.5   2.303489559700   2.308643880143   0.270505906226   0.269134181661  2.237552 10.0 2459236.52965803      99.00000000
 2459237.5   2.299891481119   2.305049208475   0.271152136360   0.269785524471  2.234484 10.0 2459237.52635880      99.00000000
 2459238.5   2.296268477441   2.301429780690   0.271805947897   0.270444478596  2.231719  9.9 2459238.52305566      99.00000000
 2459239.5   2.292624113253   2.297789144261   0.272466452553   0.271110180793  2.229256  9.9 2459239.51974917      99.00000000
 2459240.5   2.288962113876   2.294130976882   0.273132720030   0.271781730636  2.227096  9.9 2459240.51643991      99.00000000
 2459241.5   2.285286069888   2.290458791624   0.273803873751   0.272458281897  2.225239  9.9 2459241.51312845      99.00000000
 2459242.5   2.281599720523   2.286776227392   0.274479000072   0.273138944022  2.223685  9.8 2459242.50981536      99.00000000
 2459243.5   2.277906659695   2.283086772265   0.275157243536   0.273822869068  2.222436  9.8 2459243.50650122      99.00000000
 2459244.5   2.274210628098   2.279394081090   0.275837714781   0.274509151761  2.221489  9.8 2459244.50318661 2459245.49987208
 2459245.5   2.270515224065   2.275701714152   0.276519584162   0.275196921479  2.220846  9.9 2459246.49655823      99.00000000
 2459246.5   2.266824204535   2.272013455944   0.277201987725   0.275885253850  2.220506  9.9 2459247.49324565      99.00000000
 2459247.5   2.263141197600   2.268333026583   0.277884119160   0.276573276948  2.220469  9.9 2459248.48993489      99.00000000
 2459248.5   2.259470005486   2.264664361400   0.278565134789   0.277260092895  2.220734  9.9 2459249.48662658      99.00000000
 2459249.5   2.255814310900   2.261011280061   0.279244245284   0.277944884233  2.221301 10.0 2459250.48332128      99.00000000
 2459250.5   2.252177974624   2.257377744980   0.279920621420   0.278626825642  2.222169 10.0 2459251.48001963      99.00000000
 2459251.5   2.248564731364   2.253767529174   0.280593486864   0.279305174295  2.223336 10.0 2459252.47672220      99.00000000
 2459252.5   2.244978480150   2.250184496133   0.281262025591   0.279979165876  2.224803 10.0 2459253.47342961      99.00000000
 2459253.5   2.241422970492   2.246632295889   0.281925476027   0.280648093653  2.226567 10.1 2459254.47014243      99.00000000
 2459254.5   2.237902087096   2.243114675999   0.282583040217   0.281311201277  2.228627 10.1 2459255.46686129      99.00000000
 2459255.5   2.234419529020   2.239635196720   0.283233979118   0.281967766849  2.230981 10.1 2459256.46358673      99.00000000
 2459256.5   2.230979091960   2.236197547258   0.283877523240   0.282617008899  2.233627 10.1 2459257.46031937      99.00000000
 2459257.5   2.227584345530   2.232805245611   0.284512968376   0.283258186764  2.236562 10.1 2459258.45705971      99.00000000
 2459258.5   2.224238919010   2.229461928807   0.285139586755   0.283890521569  2.239783 10.2 2459259.45380834      99.00000000
 2459259.5   2.220946183242   2.226171023765   0.285756721863   0.284513303749  2.243289 10.2 2459260.45056575      99.00000000
 2459260.5   2.217709544488   2.222936020730   0.286363698910   0.285125813039  2.247074 10.2 2459261.44733247      99.00000000
 2459261.5   2.214532133325   2.219760141648   0.286959917789   0.285727417643  2.251137 10.2 2459262.44410897      99.00000000
 2459262.5   2.211417105600   2.216646624950   0.287544762548   0.286317484703  2.255473 10.2 2459263.44089574      99.00000000
 2459263.5   2.208367335513   2.213598409400   0.288117692662   0.286895470786  2.260080 10.3 2459264.43769319      99.00000000
 2459264.5   2.205385719455   2.210618433282   0.288678152143   0.287460828045  2.264952 10.3 2459265.43450178      99.00000000
 2459265.5   2.202474869683   2.207709326657   0.289225659818   0.288013092496  2.270087 10.3 2459266.43132189      99.00000000
 2459266.5   2.199637418027   2.204873713810   0.289759718827   0.288551790718  2.275479 10.3 2459267.42815392      99.00000000
 2459267.5   2.196875708865   2.202113905323   0.290279906434   0.289076527792  2.281126 10.3 2459268.42499821      99.00000000
 2459268.5   2.194192102440   2.199432200549   0.290785784262   0.289586893762  2.287023 10.3 2459269.42185513      99.00000000
 2459269.5   2.191588668750   2.196830584089   0.291276987688   0.290082548511  2.293166 10.4 2459270.41872495      99.00000000
 2459270.5   2.189067493198   2.194311040305   0.291753136569   0.290563124791  2.299550 10.4 2459271.41560801      99.00000000
 2459271.5   2.186630375827   2.191875272120   0.292213923564   0.291028308807  2.306172 10.4 2459272.41250456      99.00000000
 2459272.5   2.184279143993   2.189525042351   0.292659024386   0.291477743991  2.313027 10.4 2459273.40941487      99.00000000
 2459273.5   2.182015361029   2.187261912621   0.293088183855   0.291911118798  2.320110 10.4 2459274.40633917      99.00000000
 2459274.5   2.179840646430   2.185087578476   0.293501124759   0.292328086941  2.327418 10.5 2459275.40327771      99.00000000
 2459275.5   2.177756389435   2.183003569265   0.293897631471   0.292728372041  2.334946 10.5 2459276.40023070      99.00000000
 2459276.5   2.175764066332   2.181011522050   0.294277458475   0.293111696188  2.342691 10.5 2459277.39719837      99.00000000
 2459277.5   2.173864946160   2.179112833517   0.294640413702   0.293477874156  2.350648 10.5 2459278.39418090      99.00000000
 2459278.5   2.172060394148   2.177308923347   0.294986269257   0.293826719170  2.358814 10.5 2459279.39117853      99.00000000
 2459279.5   2.170351565214   2.175600917263   0.295314846425   0.294158112708  2.367183 10.5 2459280.38819139      99.00000000
 2459280.5   2.168739696207   2.173989955762   0.295625929349   0.294471898635  2.375752 10.6 2459281.38521971      99.00000000
 2459281.5   2.167225794927   2.172476915509   0.295919351226   0.294767954417  2.384516 10.6 2459282.38226359      99.00000000
 2459282.5   2.165810929645   2.171062733358   0.296194909784   0.295046097401  2.393471 10.6 2459283.37932322      99.00000000
 2459283.5   2.164495920591   2.169748126685   0.296452453444   0.295306169936  2.402611 10.6 2459284.37639869      99.00000000
 2459284.5   2.163281630825   2.168533901956   0.296691797615   0.295547959353  2.411933 10.6 2459285.37349013      99.00000000
 2459285.5   2.162168662486   2.167420657145   0.296912810212   0.295771291997  2.421430 10.6 2459286.37059761      99.00000000
 2459286.5   2.161157650071   2.166409069457   0.297115328356   0.295975959037  2.431099 10.7 2459287.36772123      99.00000000
 2459287.5   2.160248962367   2.165499583771   0.297299242940   0.296161810537  2.440935 10.7 2459288.36486101      99.00000000
 2459288.5   2.159442998592   2.164692690722   0.297464415445   0.296328678352  2.450931 10.7 2459289.36201703      99.00000000
 2459289.5   2.158739896172   2.163988617426   0.297610761318   0.296476463264  2.461084 10.7 2459290.35918927      99.00000000
 2459290.5   2.158139828894   2.163387612067   0.297738166772   0.296605051381  2.471388 10.7 2459291.35637778      99.00000000
 2459291.5   2.157642718981   2.162889648219   0.297846571043   0.296714394755  2.481838 10.7 2459292.35358249      99.00000000
 2459292.5   2.157248534959   2.162494719290   0.297935883373   0.296804424661  2.492429 10.7 2459293.35080343      99.00000000
 2459293.5   2.156957005725   2.162202552684   0.298006064529   0.296875130315  2.503157 10.8 2459294.34804051      99.00000000
 2459294.5   2.156767916012   2.162012906286   0.298057044354   0.296926472835  2.514016 10.8 2459295.34529372      99.00000000
 2459295.5   2.156680821174   2.161925285253   0.298088802944   0.296958463907  2.525001 10.8 2459296.34256294      99.00000000
 2459296.5   2.156695339830   2.161939236961   0.298101289026   0.296971080183  2.536108 10.8 2459297.33984814      99.00000000
 2459297.5   2.156810870205   2.162054072700   0.298094500928   0.296964340104  2.547332 10.8 2459298.33714918      99.00000000
 2459298.5   2.157026881953   2.162269170225   0.298068405624   0.296938216339  2.558669 10.8 2459299.33446599      99.00000000
 2459299.5   2.157342637480   2.162583715114   0.298023019072   0.296892710108  2.570113 10.9 2459300.33179844      99.00000000
 2459300.5   2.157757487216   2.162997023690   0.297958325070   0.296827765791  2.581662 10.9 2459301.32914642      99.00000000
 2459301.5   2.158270600077   2.163508301156   0.297874353830   0.296743353870  2.593309 10.9 2459302.32650978      99.00000000
 2459302.5   2.158881263879   2.164116951359   0.297771099461   0.296639403162  2.605053 10.9 2459303.32388845      99.00000000
 2459303.5   2.159588621605   2.164822287904   0.297648596209   0.296515901521  2.616888 10.9 2459304.32128226      99.00000000
 2459304.5   2.160391967068   2.165623770714   0.297506835196   0.296372833467  2.628811 10.9 2459305.31869113      99.00000000
 2459305.5   2.161290472625   2.166520669371   0.297345840514   0.296210262157  2.640818 10.9 2459306.31611493      99.00000000
 2459306.5   2.162283466962   2.167512306529   0.297165588238   0.296028233291  2.652905 10.9 2459307.31355355      99.00000000
 2459307.5   2.163370148918   2.168597783655   0.296966085030   0.295826828576  2.665070 11.0 2459308.31100686      99.00000000
 2459308.5   2.164549852339   2.169776288985   0.296747290438   0.295606064858  2.677307 11.0 2459309.30847477      99.00000000
 2459309.5   2.165821758110   2.171046857989   0.296509197211   0.295365963505  2.689614 11.0 2459310.30595712      99.00000000
 2459310.5   2.167185159057   2.172408672594   0.296251754898   0.295106473388  2.701986 11.0 2459311.30345382      99.00000000
 2459311.5   2.168639179198   2.173860796795   0.295974949881   0.294827558103  2.714419 11.0 2459312.30096470      99.00000000
 2459312.5   2.170183042349   2.175402446495   0.295678728851   0.294529128137  2.726910 11.0 2459313.29848966      99.00000000
 2459313.5   2.171815798245   2.177032708163   0.295363077937   0.294211129389  2.739455 11.0 2459314.29602852      99.00000000
 2459314.5   2.173536592677   2.178750796277   0.295027945944   0.293873473438  2.752049 11.0 2459315.29358117      99.00000000
 2459315.5   2.175344398161   2.180555769637   0.294673322773   0.293516122081  2.764689 11.1 2459316.29114742      99.00000000
 2459316.5   2.177238283913   2.182446786452   0.294299162586   0.293139013574  2.777371 11.1 2459317.28872714      99.00000000
 2459317.5   2.179217150078   2.184422825701   0.293905461681   0.292742142322  2.790092 11.1 2459318.28632013      99.00000000
 2459318.5   2.181279997017   2.186482946197   0.293492181612   0.292325480856  2.802846 11.1 2459319.28392627      99.00000000
 2459319.5   2.183425662612   2.188626018088   0.293059326563   0.291889055320  2.815631 11.1 2459320.28154533      99.00000000
 2459320.5   2.185653090265   2.190850988723   0.292606866436   0.291432864755  2.828443 11.1 2459321.27917718      99.00000000
 2459321.5   2.187961068429   2.193156623657   0.292134813850   0.290956954879  2.841279 11.1 2459322.27682160      99.00000000
 2459322.5   2.190348496419   2.195541775638   0.291643147339   0.290461337227  2.854134 11.1 2459323.27447844      99.00000000
 2459323.5   2.192814125350   2.198005130552   0.291131888200   0.289946062939  2.867005 11.1 2459324.27214747      99.00000000
 2459324.5   2.195356821401   2.200545476588   0.290601023957   0.289411142223  2.879890 11.2 2459325.26982854      99.00000000
 2459325.5   2.197975308412   2.203161455329   0.290050585204   0.288856617627  2.892785 11.2 2459326.26752141      99.00000000
 2459326.5   2.200668429814   2.205851836095   0.289480569261   0.288282482696  2.905686 11.2 2459327.26522594      99.00000000
 2459327.5   2.203434895074   2.208615281250   0.288891016723   0.287688754797  2.918591 11.2 2459328.26294189      99.00000000
 2459328.5   2.206273543481   2.211450632784   0.288281934649   0.287075396735  2.931497 11.2 2459329.26066910      99.00000000
 2459329.5   2.209183097846   2.214356685622   0.287653371875   0.286442398317  2.944402 11.2 2459330.25840735      99.00000000
 2459330.5   2.212162432388   2.217332455808   0.287005340565   0.285789713398  2.957302 11.2 2459331.25615649      99.00000000
 2459331.5   2.215210332291   2.220376906505   0.286337889519   0.285117357260  2.970196 11.2 2459332.25391633      99.00000000
 2459332.5   2.218325758682   2.223489147425   0.285651024322   0.284425346407  2.983080 11.2 2459333.25168672      99.00000000
 2459333.5   2.221507601632   2.226668122640   0.284944780527   0.283713774124  2.995954 11.2 2459334.24946748      99.00000000
 2459334.5   2.224754928857   2.229912834935   0.284219145594   0.282982711411  3.008814 11.2 2459335.24725849      99.00000000
 2459335.5   2.228066724628   2.233222116777   0.283474135214   0.282232252340  3.021658 11.3 2459336.24505957      99.00000000
 2459336.5   2.231442125254   2.236594929171   0.282709718679   0.281462414854  3.034485 11.3 2459337.24287060      99.00000000
 2459337.5   2.234880156056   2.240030155730   0.281925897685   0.280673212725  3.047291 11.3 2459338.24069141      99.00000000
 2459338.5   2.238379968376   2.243526868110   0.281122632680   0.279864588259  3.060074 11.3 2459339.23852188      99.00000000
 2459339.5   2.241940585302   2.247084073710   0.280299921412   0.279036503751  3.072832 11.3 2459340.23636183      99.00000000
 2459340.5   2.245561144298   2.250700944954   0.279457724310   0.278188878245  3.085563 11.3 2459341.23421116      99.00000000
 2459341.5   2.249240650390   2.254376555114   0.278596041996   0.277321673958  3.098263 11.3 2459342.23206967      99.00000000
 2459342.5   2.252978220721   2.258110106279   0.277714839750   0.276434825616  3.110930 11.3 2459343.22993726      99.00000000
 2459343.5   2.256772841302   2.261900672645   0.276814124486   0.275528320752  3.123562 11.3 2459344.22781374      99.00000000
 2459344.5   2.260623610662   2.265747432796   0.275893868822   0.274602124698  3.136156 11.3 2459345.22569899      99.00000000
 2459345.5   2.264529498537   2.269649419613   0.274954087946   0.273656257918  3.148710 11.3 2459346.22359284      99.00000000
 2459346.5   2.268489588027   2.273605755504   0.273994763508   0.272690718444  3.161221 11.3 2459347.22149515      99.00000000
 2459347.5   2.272502836152   2.277615409155   0.273015920477   0.271705556894  3.173687 11.3 2459348.21940575      99.00000000
 2459348.5   2.276568314757   2.281677435544   0.272017550837   0.270700796556  3.186106 11.3 2459349.21732450      99.00000000
 2459349.5   2.280684973049   2.285790741317   0.270999690413   0.269676506735  3.198475 11.4 2459350.21525122      99.00000000
 2459350.5   2.284851877259   2.289954329728   0.269962342337   0.268632721779  3.210792 11.4 2459351.21318578      99.00000000
 2459351.5   2.289067974952   2.294167072927   0.268905553881   0.267569514286  3.223056 11.4 2459352.21112800      99.00000000
 2459352.5   2.293332333283   2.298427959740   0.267829339743   0.266486914246  3.235263 11.4 2459353.20907774      99.00000000
 2459353.5   2.297643905063   2.302735873335   0.266733758960   0.265384982952  3.247412 11.4 2459354.20703483      99.00000000
 2459354.5   2.302001766151   2.307089841953   0.265618837956   0.264263732837  3.259502 11.4 2459355.20499913      99.00000000
 2459355.5   2.306404884381   2.311488823650   0.264484647351   0.263123203147  3.271530 11.4 2459356.20297047      99.00000000
 2459356.5   2.310852357997   2.315931959567   0.263331224307   0.261963383714  3.283495 11.4 2459357.20094872      99.00000000
 2459357.5   2.315343189652   2.320418355483   0.262158648505   0.260784298954  3.295396 11.4 2459358.19893371      99.00000000
 2459358.5   2.319876527656   2.324947311595   0.260966962867   0.259585943420  3.307230 11.4 2459359.19692533      99.00000000
 2459359.5   2.324451444674   2.329518062332   0.259756247993   0.258368376896  3.318997 11.4 2459360.19492343      99.00000000
 2459360.5   2.329067177602   2.334129954803   0.258526541317   0.257131659289  3.330696 11.4 2459361.19292791      99.00000000
 2459361.5   2.333722902233   2.338782169425   0.257277911475   0.255875924708  3.342325 11.4 2459362.19093863      99.00000000
 2459362.5   2.338417960800   2.343473936961   0.256010378757   0.254601279696  3.353883 11.4 2459363.18895551      99.00000000
 2459363.5   2.343151624366   2.348204346039   0.254723992774   0.253307849023  3.365369 11.4 2459364.18697841      99.00000000
 2459364.5   2.347923307794   2.352972630264   0.253418756390   0.251995675275  3.376783 11.4 2459365.18500727      99.00000000
 2459365.5   2.352732328516   2.357777984601   0.252094706509   0.250664794975  3.388121 11.4 2459366.18304196      99.00000000
 2459366.5   2.357578122275   2.362619801297   0.250751839088   0.249315173913  3.399384 11.4 2459367.18108240      99.00000000
 2459367.5   2.362460009693   2.367497425837   0.249390189860   0.247946804145  3.410569 11.4 2459368.17912846      99.00000000
 2459368.5   2.367377418352   2.372410354702   0.248009757912   0.246559640497  3.421675 11.4 2459369.17718008      99.00000000
 2459369.5   2.372329656788   2.377357985775   0.246610585187   0.245153688396  3.432701 11.4 2459370.17523713      99.00000000
 2459370.5   2.377316139280   2.382339825230   0.245192678645   0.243728929253  3.443644 11.4 2459371.17329953      99.00000000
 2459371.5   2.382336162892   2.387355253146   0.243756089223   0.242285400714  3.454504 11.4 2459372.17136716      99.00000000
 2459372.5   2.387389131536   2.392403739827   0.242300833356   0.240823117612  3.465278 11.4 2459373.16943994      99.00000000
 2459373.5   2.392474333895   2.397484618627   0.240826972068   0.239342150579  3.475965 11.4 2459374.16751774      99.00000000
 2459374.5   2.397591165864   2.402597304430   0.239334532265   0.237842545724  3.486564 11.5 2459375.16560049      99.00000000
 2459375.5   2.402738909254   2.407741070463   0.237823586164   0.236324402373  3.497073 11.5 2459376.16368805      99.00000000
 2459376.5   2.407916953066   2.412915269864   0.236294172367   0.234787790841  3.507491 11.5 2459377.16178034      99.00000000
 2459377.5   2.413124573593   2.418119119901   0.234746375526   0.233232828453  3.517816 11.5 2459378.15987724      99.00000000
 2459378.5   2.418361155191   2.423351930194   0.233180247041   0.231659595367  3.528047 11.5 2459379.15797866      99.00000000
 2459379.5   2.423625972204   2.428612895660   0.231595884793   0.230068209990  3.538182 11.5 2459380.15608447      99.00000000
 2459380.5   2.428918409521   2.433901330003   0.229993353325   0.228458744764  3.548221 11.5 2459381.15419459      99.00000000
 2459381.5   2.434237746404   2.439216463614   0.228372763572   0.226831303335  3.558162 11.5 2459382.15230889      99.00000000
 2459382.5   2.439583376987   2.444557676869   0.226734192433   0.225185938804  3.568003 11.5 2459383.15042729      99.00000000
 2459383.5   2.444954596316   2.449924296469   0.225077762360   0.223522735073  3.577745 11.5 2459384.14854966      99.00000000
 2459384.5   2.450350821517   2.455315820620   0.223403560057   0.221841730216  3.587387 11.5 2459385.14667592      99.00000000
 2459385.5   2.455771380962   2.460731701695   0.221711715496   0.220143005288  3.596926 11.5 2459386.14480597      99.00000000
 2459386.5   2.461215736879   2.466171545808   0.220002319197   0.218426615219  3.606364 11.5 2459387.14293974      99.00000000
 2459387.5   2.466683277276   2.471634864572   0.218275500274   0.216692682477  3.615698 11.5 2459388.14107712      99.00000000
 2459388.5   2.472173537490   2.477121248240   0.216531342414   0.214941322620  3.624929 11.5 2459389.13921805      99.00000000
 2459389.5   2.477685989484   2.482630122071   0.214769962092   0.213172718818  3.634057 11.5 2459390.13736245      99.00000000
 2459390.5   2.483220255029   2.488160966083   0.212991425507   0.211387018040  3.643080 11.5 2459391.13551028      99.00000000
 2459391.5   2.488775885817   2.493713145752   0.211195829797   0.209584384060  3.651998 11.5 2459392.13366144      99.00000000
 2459392.5   2.494352566319   2.499286182764   0.209383223115   0.207764896048  3.660811 11.5 2459393.13181591      99.00000000
 2459393.5   2.499949889258   2.504879579631   0.207553689165   0.205928629448  3.669517 11.5 2459394.12997361      99.00000000
 2459394.5   2.505567557648   2.510493032696   0.205707268614   0.204075588457  3.678117 11.5 2459395.12813449      99.00000000
 2459395.5   2.511205165605   2.516126193840   0.203844043933   0.202205807975  3.686608 11.5 2459396.12629848      99.00000000
 2459396.5   2.516862406038   2.521778847760   0.201964059342   0.200319287137  3.694991 11.5 2459397.12446556      99.00000000
 2459397.5   2.522538858236   2.527450673300   0.200067404362   0.198416080878  3.703263 11.5 2459398.12263562      99.00000000
 2459398.5   2.528234198972   2.533141437243   0.198154132006   0.196496220476  3.711425 11.5 2459399.12080865      99.00000000
 2459399.5   2.533947993045   2.538850776004   0.196224341640   0.194559796393  3.719474 11.5 2459400.11898456      99.00000000
 2459400.5   2.539679904276   2.544578402342   0.194278096331   0.192606874069  3.727411 11.5 2459401.11716331      99.00000000
 2459401.5   2.545429486455   2.550323894466   0.192315505870   0.190637575757  3.735233 11.4 2459402.11534481      99.00000000
 2459402.5   2.551196392895   2.556086904237   0.190336643904   0.188651995944  3.742941 11.4 2459403.11352903      99.00000000
 2459403.5   2.556980167351   2.561866947959   0.188341631478   0.186650283323  3.750533 11.4 2459404.11171588      99.00000000
 2459404.5   2.562780452429   2.567663616295   0.186330554056   0.184632554873  3.758008 11.4 2459405.10990531      99.00000000
 2459405.5   2.568596781194   2.573476371187   0.184303545497   0.182598976151  3.765364 11.4 2459406.10809724      99.00000000
 2459406.5   2.574428785461   2.579304763646   0.182260704713   0.180549672670  3.772603 11.4 2459407.10629162      99.00000000
 2459407.5   2.580275989113   2.585148241087   0.180202179720   0.178484808755  3.779721 11.4 2459408.10448837      99.00000000
 2459408.5   2.586138017198   2.591006372487   0.178128083541   0.176404498557  3.786720 11.4 2459409.10268743      99.00000000
 2459409.5   2.592014391488   2.596878659294   0.176038577981   0.174308887611  3.793597 11.4 2459410.10088872      99.00000000
 2459410.5   2.597904740593   2.602764755570   0.173933788522   0.172198068378  3.800352 11.4 2459411.09909219      99.00000000
 2459411.5   2.603808597554   2.608664267354   0.171813887685   0.170072168587  3.806986 11.4 2459412.09729775      99.00000000
 2459412.5   2.609725610644   2.614576954126   0.169679008864   0.167931273271  3.813497 11.4 2459413.09550537      99.00000000
 2459413.5   2.615655342537   2.620502507375   0.167529329252   0.165775519133  3.819884 11.4 2459414.09371497      99.00000000
 2459414.5   2.621597481307   2.626440730786   0.165364982601   0.163605019135  3.826149 11.4 2459415.09192651      99.00000000
 2459415.5   2.627551640210   2.632391305151   0.163186141820   0.161419954886  3.832290 11.4 2459416.09013992      99.00000000
 2459416.5   2.633517567109   2.638353969213   0.160992931051   0.159220491176  3.838308 11.4 2459417.08835519      99.00000000
 2459417.5   2.639494941791   2.644328309598   0.158785508877   0.157006851379  3.844202 11.4 2459418.08657225      99.00000000
 2459418.5   2.645483579843   2.650313987826   0.156563981287   0.154779211787  3.849973 11.4 2459419.08479108      99.00000000
 2459419.5   2.651483223728   2.656310580745   0.154328487410   0.152537765295  3.855619 11.4 2459420.08301165      99.00000000
 2459420.5   2.657493739546   2.662317830906   0.152079114952   0.150282620798  3.861142 11.4 2459421.08123392      99.00000000
 2459421.5   2.663514903871   2.668335466724   0.149815988886   0.148013889722  3.866540 11.4 2459422.07945787      99.00000000
 2459422.5   2.669546598932   2.674363398659   0.147539188243   0.145731612707  3.871813 11.4 2459423.07768348      99.00000000
 2459423.5   2.675588602119   2.680401485404   0.145248835499   0.143435864561  3.876960 11.4 2459424.07591070      99.00000000
 2459424.5   2.681640785267   2.686449701806   0.142945012226   0.141126682932  3.881982 11.4 2459425.07413952      99.00000000
 2459425.5   2.687702909446   2.692507908189   0.140627847375   0.138804164363  3.886876 11.4 2459426.07236991      99.00000000
 2459426.5   2.693774827911   2.698576038024   0.138297431118   0.136468380271  3.891644 11.4 2459427.07060183      99.00000000
 2459427.5   2.699856283747   2.704653889477   0.135953902277   0.134119463779  3.896283 11.3 2459428.06883525      99.00000000
 2459428.5   2.705947113549   2.710741327888   0.133597361139   0.131757520408  3.900794 11.3 2459429.06707014      99.00000000
 2459429.5   2.712047045382   2.716838084711   0.131227956938   0.129382713829  3.905176 11.3 2459430.06530646      99.00000000
 2459430.5   2.718155901489   2.722943961238   0.128845800412   0.126995176601  3.909427 11.3 2459431.06354419      99.00000000
 2459431.5   2.724273395681   2.729058627489   0.126451051877   0.124595096722  3.913548 11.3 2459432.06178326      99.00000000
 2459432.5   2.730399334981   2.735181826657   0.124043833810   0.122182627634  3.917538 11.3 2459433.06002367      99.00000000
 2459433.5   2.736533416907   2.741313178815   0.121624319526   0.119757973318  3.921395 11.3 2459434.05826534      99.00000000
 2459434.5   2.742675431110   2.747452393746   0.119192645569   0.117321295186  3.925121 11.3 2459435.05650826      99.00000000
 2459435.5   2.748825057949   2.753599085973   0.116749000502   0.114872794775  3.928713 11.3 2459436.05475237      99.00000000
 2459436.5   2.754982071733   2.759752996464   0.114293536426   0.112412619561  3.932172 11.3 2459437.05299763      99.00000000
 2459437.5   2.761146141955   2.765913809044   0.111826457134   0.109940948888  3.935496 11.3 2459438.05124399      99.00000000
 2459438.5   2.767317038925   2.772081360710   0.109347928120   0.107457906598  3.938687 11.3 2459439.04949141      99.00000000
 2459439.5   2.773494437430   2.778255435415   0.106858163773   0.104963656764  3.941743 11.3 2459440.04773985      99.00000000
 2459440.5   2.779678123605   2.784435946643   0.104357335985   0.102458324408  3.944665 11.3 2459441.04598927      99.00000000
 2459441.5   2.785867799057   2.790622709173   0.101845660884   0.099942095159  3.947452 11.2 2459442.04423962      99.00000000
 2459442.5   2.792063286822   2.796815613356   0.099323306829   0.097415132575  3.950105 11.2 2459443.04249089      99.00000000
 2459443.5   2.798264333924   2.803014406447   0.096790481540   0.094877668635  3.952623 11.2 2459444.04074303      99.00000000
 2459444.5   2.804470814741   2.809218891876   0.094247340317   0.092329907277  3.955007 11.2 2459445.03899604      99.00000000
 2459445.5   2.810682530473   2.815428745198   0.091694074400   0.089772101120  3.957257 11.2 2459446.03724987      99.00000000
 2459446.5   2.816899408593   2.821643747318   0.089130820279   0.087204444419  3.959373 11.2 2459447.03550452      99.00000000
 2459447.5   2.823121298160   2.827863621251   0.086557750146   0.084627148049  3.961354 11.2 2459448.03375996      99.00000000
 2459448.5   2.829348165200   2.834088261598   0.083974982933   0.082040341032  3.963203 11.2 2459449.03201620      99.00000000
 2459449.5   2.835579885082   2.840317541544   0.081382676946   0.079444163419  3.964917 11.2 2459450.03027320      99.00000000
 2459450.5   2.841816436711   2.846551498533   0.078780941948   0.076838686880  3.966497 11.2 2459451.02853098      99.00000000
 2459451.5   2.848057695798   2.852790103278   0.076169932553   0.074224020805  3.967942 11.2 2459452.02678950      99.00000000
 2459452.5   2.854303631629   2.859033428351   0.073549759649   0.071600234946  3.969253 11.1 2459453.02504877      99.00000000
 2459453.5   2.860554103682   2.865281422920   0.070920583048   0.068967459225  3.970429 11.1 2459454.02330875      99.00000000
 2459454.5   2.866809061679   2.871534100680   0.068282521371   0.066325795891  3.971470 11.1 2459455.02156945      99.00000000
 2459455.5   2.873068344613   2.877791335437   0.065635743830   0.063675410668  3.972375 11.1 2459456.01983082      99.00000000
 2459456.5   2.879331882281   2.884053064044   0.062980379003   0.061016439277  3.973144 11.1 2459457.01809288      99.00000000
 2459457.5   2.885599494650   2.890319089113   0.060316606464   0.058349076910  3.973776 11.1 2459458.01635558      99.00000000
 2459458.5   2.891871093168   2.896589283526   0.057644565234   0.055673484654  3.974272 11.1 2459459.01461892      99.00000000
 2459459.5   2.898146479236   2.902863392090   0.054964445902   0.052989879976  3.974630 11.1 2459460.01288285      99.00000000
 2459460.5   2.904425544736   2.909141236172   0.052276399218   0.050298442988  3.974851 11.0 2459461.01114736      99.00000000
 2459461.5   2.910708069609   2.915422518580   0.049580628937   0.047599405901  3.974933 11.0 2459462.00941241      99.00000000
 2459462.5   2.916993922337   2.921707036142   0.046877300478   0.044892956267  3.974878 11.0 2459463.00767800      99.00000000
 2459463.5   2.923282857998   2.927994495134   0.044166634037   0.042179323374  3.974683 11.0 2459464.00594406      99.00000000
 2459464.5   2.929574720771   2.934284732716   0.041448812474   0.039458679594  3.974350 11.0 2459465.00421058      99.00000000
 2459465.5   2.935869244777   2.940577530519   0.038724073516   0.036731230150  3.973877 11.0 2459466.00247751      99.00000000
 2459466.5   2.942166260573   2.946872817730   0.035992615623   0.033997124101  3.973265 11.0 2459467.00074483      99.00000000
 2459467.5   2.948465499386   2.953170451551   0.033254688382   0.031256559305  3.972515 11.0 2459467.99901248      99.00000000
 2459468.5   2.954766802258   2.959470389296   0.030510496317   0.028509706584  3.971625 10.9 2459468.99728046      99.00000000
 2459469.5   2.961069924299   2.965772460624   0.027760288477   0.025756816309  3.970596 10.9 2459469.99554872      99.00000000
 2459470.5   2.967374742169   2.972076562293   0.025004262015   0.022998120808  3.969429 10.9 2459470.99381725      99.00000000
 2459471.5   2.973681054395   2.978382457846   0.022242653015   0.020233901455  3.968125 10.9 2459471.99208602      99.00000000
 2459472.5   2.979988784872   2.984689979431   0.019475641455   0.017464372077  3.966682 10.9 2459472.99035503      99.00000000
 2459473.5   2.986297778716   2.990998838349   0.016703444124   0.014689775390  3.965103 10.9 2459473.98862424      99.00000000
 2459474.5   2.992608002688   2.997308867782   0.013926221109   0.011910297052  3.963386 10.9 2459474.98689367      99.00000000
 2459475.5   2.998919338004   3.003619858544   0.011144170495   0.009126153782  3.961533 11.0 2459475.98516328      99.00000000
 2459476.5   3.005231779232   3.009931778347   0.008357435942   0.006337490616  3.959544 11.0 2459476.98343307      99.00000000
 2459477.5   3.011545225486   3.016244560718   0.005566202650   0.003544474275  3.957419 11.0 2459477.98170303      99.00000000
 2459478.5   3.017859679356   3.022558286483   0.002770605428   0.000747206469  3.955157 11.0 2459478.97997316      99.00000000
 2459479.5   3.024175038161   3.028872950781  -0.000029174830  -0.002054170380  3.952760 11.0 2459479.97824344      99.00000000
 2459480.5   3.030491294677   3.035188640286  -0.002833003477  -0.004859556561  3.950227 11.0 2459480.97651387      99.00000000
 2459481.5   3.036808329874   3.041505308887  -0.005640695997  -0.007668792735  3.947559 11.0 2459481.97478443      99.00000000
 2459482.5   3.043126116304   3.047822972493  -0.008452111408  -0.010481750730  3.944754 11.0 2459482.97305511      99.00000000
 2459483.5   3.049444512282   3.054141502092  -0.011267056852  -0.013298238314  3.941813 11.0 2459483.97132589      99.00000000
 2459484.5   3.055763467241   3.060460832589  -0.014085381978  -0.016118095497  3.938736 11.1 2459484.96959677      99.00000000
 2459485.5   3.062082816125   3.066780762498  -0.016906883863  -0.018941101738  3.935523 11.1 2459485.96786771      99.00000000
 2459486.5   3.068402485398   3.073101165264  -0.019731401805  -0.021767072957  3.932173 11.1 2459486.96613871      99.00000000
 2459487.5   3.074722286383   3.079421787666  -0.022558721952  -0.024595768072  3.928687 11.1 2459487.96440973      99.00000000
 2459488.5   3.081042121064   3.085742461296  -0.025388671946  -0.027426985846  3.925064 11.1 2459488.96268076      99.00000000
 2459489.5   3.087361773885   3.092062902458  -0.028221024850  -0.030260471909  3.921304 11.1 2459489.96095175      99.00000000
 2459490.5   3.093681117544   3.098382930289  -0.031055593473  -0.033096017975  3.917408 11.1 2459490.95922270      99.00000000
 2459491.5   3.099999904193   3.104702274826  -0.033892133820  -0.035933371972  3.913375 11.1 2459491.95749355      99.00000000
 2459492.5   3.106317973206   3.111020802486  -0.036730439836  -0.038772339879  3.909205 11.1 2459492.95576430      99.00000000
 2459493.5   3.112635044634   3.117338319049  -0.039570247751  -0.041612693820  3.904898 11.1 2459493.95403487      99.00000000
 2459494.5   3.118950932226   3.123654772120  -0.042411333071  -0.044454264735  3.900454 11.1 2459494.95230527      99.00000000
 2459495.5   3.125265341445   3.129970012813  -0.045253417594  -0.047296834610  3.895875 11.1 2459495.95057542      99.00000000
 2459496.5   3.131578087589   3.136283962196  -0.048096269473  -0.050140215526  3.891160 11.1 2459496.94884530      99.00000000
 2459497.5   3.137888894590   3.142596368181  -0.050939611971  -0.052984141290  3.886309 11.2 2459497.94711488      99.00000000
 2459498.5   3.144197611688   3.148907013028  -0.053783223808  -0.055828363853  3.881324 11.2 2459498.94538413      99.00000000
 2459499.5   3.150504006004   3.155215532501  -0.056626846006  -0.058672570715  3.876206 11.2 2459499.94365301      99.00000000
 2459500.5   3.156807973350   3.161521672159  -0.059470279459  -0.061516500785  3.870954 11.2 2459500.94192150      99.00000000
 2459501.5   3.163109324006   3.167825115654  -0.062313288531  -0.064359865224  3.865569 11.2 2459501.94018959      99.00000000
 2459502.5   3.169407990441   3.174125719048  -0.065155696317  -0.067202453667  3.860053 11.2 2459502.93845726      99.00000000
 2459503.5   3.175703810263   3.180423302178  -0.067997286536  -0.070044039870  3.854406 11.2 2459503.93672447      99.00000000
 2459504.5   3.181996734456   3.186717851087  -0.070837898182  -0.072884474447  3.848629 11.2 2459504.93499124      99.00000000
 2459505.5   3.188286609762   3.193009285742  -0.073677327008  -0.075723580907  3.842721 11.2 2459505.93325753      99.00000000
 2459506.5   3.194573388588   3.199297651216  -0.076515420335  -0.078561243257  3.836684 11.2 2459506.93152335      99.00000000
 2459507.5   3.200856911191   3.205582880795  -0.079351978512  -0.081397300013  3.830517 11.2 2459507.92978864      99.00000000
 2459508.5   3.207137117511   3.211864991712  -0.082186850102  -0.084231632844  3.824222 11.2 2459508.92805343      99.00000000
 2459509.5   3.213413829345   3.218143856460  -0.085019833532  -0.087064063654  3.817798 11.2 2459509.92631766      99.00000000
 2459510.5   3.219686964432   3.224419412322  -0.087850772898  -0.089894448101  3.811246 11.2 2459510.92458133      99.00000000
 2459511.5   3.225956318738   3.230691444689  -0.090679460009  -0.092722577640  3.804566 11.2 2459511.92284440      99.00000000
 2459512.5   3.232221782762   3.236959808495  -0.093505730898  -0.095548277578  3.797758 11.2 2459512.92110686      99.00000000
 2459513.5   3.238483123482   3.243224217110  -0.096329368202  -0.098371311891  3.790823 11.2 2459513.91936866      99.00000000
 2459514.5   3.244740202224   3.249484467519  -0.099150198111  -0.101191482691  3.783760 11.2 2459514.91762979      99.00000000
 2459515.5   3.250992755348   3.255740227991  -0.101967992679  -0.104008535051  3.776570 11.2 2459515.91589019      99.00000000
 2459516.5   3.257240612825   3.261991263947  -0.104782566732  -0.106822256405  3.769254 11.2 2459516.91414986      99.00000000
 2459517.5   3.263483476918   3.268237225136  -0.107593679646  -0.109632381494  3.761811 11.2 2459517.91240872      99.00000000
 2459518.5   3.269721141200   3.274477875952  -0.110401131856  -0.112438693179  3.754242 11.2 2459518.91066676      99.00000000
 2459519.5   3.275953267551   3.280712886292  -0.113204666063  -0.115240929684  3.746546 11.2 2459519.90892391      99.00000000
 2459520.5   3.282179607040   3.286942065424  -0.116004063765  -0.118038887624  3.738726 11.3 2459520.90718014      99.00000000
 2459521.5   3.288399777881   3.293165143255  -0.118799047042  -0.120832327832  3.730780 11.3 2459521.90543539      99.00000000
 2459522.5   3.294613492054   3.299381979306  -0.121589377062  -0.123621070120  3.722709 11.3 2459522.90368961      99.00000000
 2459523.5   3.300820338175   3.305592301073  -0.124374758891  -0.126404882902  3.714514 11.3 2459523.90194273      99.00000000
 2459524.5   3.307020016034   3.311795880614  -0.127154943913  -0.129183561728  3.706197 11.3 2459524.90019471      99.00000000
 2459525.5   3.313212122198   3.317992280698  -0.129929637768  -0.131956816890  3.697757 11.3 2459525.89844548      99.00000000
 2459526.5   3.319396385280   3.324181097709  -0.132698603976  -0.134724373314  3.689196 11.3 2459526.89669501      99.00000000
 2459527.5   3.325572444076   3.330361791728  -0.135461570034  -0.137485892574  3.680515 11.3 2459527.89494322      99.00000000
 2459528.5   3.331740075171   3.336533978694  -0.138218327161  -0.140241097516  3.671715 11.3 2459528.89319009      99.00000000
 2459529.5   3.337898960732   3.342697241847  -0.140968631707  -0.142989694062  3.662797 11.3 2459529.89143557      99.00000000
 2459530.5   3.344048911752   3.348851366804  -0.143712301314  -0.145731476144  3.653762 11.3 2459530.88967963      99.00000000
 2459531.5   3.350189632005   3.354996093611  -0.146449114218  -0.148466223991  3.644612 11.3 2459531.88792223      99.00000000
 2459532.5   3.356320943316   3.361131320381  -0.149178904967  -0.151193793364  3.635347 11.3 2459532.88616334      99.00000000
 2459533.5   3.362442549640   3.367256845108  -0.151901464018  -0.153914007491  3.625969 11.3 2459533.88440290      99.00000000
 2459534.5   3.368554265949   3.373372576266  -0.154616634232  -0.156626746337  3.616477 11.3 2459534.88264091      99.00000000
 2459535.5   3.374655782208   3.379478282886  -0.157324211074  -0.159331841069  3.606873 11.3 2459535.88087729      99.00000000
 2459536.5   3.380746895052   3.385573816800  -0.160024039688  -0.162029166453  3.597158 11.3 2459536.87911202      99.00000000
 2459537.5   3.386827270729   3.391658870117  -0.162715915346  -0.164718538191  3.587332 11.3 2459537.87734505      99.00000000
 2459538.5   3.392896679044   3.397733208100  -0.165399680830  -0.167399808359  3.577397 11.3 2459538.87557634      99.00000000
 2459539.5   3.398954754983   3.403796433474  -0.168075127027  -0.170072765830  3.567352 11.3 2459539.87380582      99.00000000
 2459540.5   3.405001234992   3.409848228984  -0.170742090606  -0.172737234943  3.557199 11.3 2459540.87203346      99.00000000
 2459541.5   3.411035717263   3.415888125900  -0.173400354814  -0.175392978662  3.546938 11.3 2459541.87025918      99.00000000
 2459542.5   3.417057900337   3.421915751831  -0.176049747453  -0.178039799289  3.536570 11.3 2459542.86848294      99.00000000
 2459543.5   3.423067341691   3.427930598203  -0.178690041769  -0.180677442615  3.526095 11.3 2459543.86670467      99.00000000
 2459544.5   3.429063698228   3.433932269542  -0.181321054495  -0.183305699095  3.515514 11.3 2459544.86492432      99.00000000
 2459545.5   3.435046482514   3.439920248156  -0.183942546513  -0.185924308163  3.504829 11.3 2459545.86314179      99.00000000
 2459546.5   3.441015304739   3.445894145150  -0.186554320622  -0.188533059972  3.494039 11.3 2459546.86135705      99.00000000
 2459547.5   3.446969626474   3.451853462813  -0.189156121777  -0.191131700694  3.483145 11.3 2459547.85956999      99.00000000
 2459548.5   3.452909004907   3.457797844214  -0.191747734730  -0.193720035000  3.472149 11.3 2459548.85778054      99.00000000
 2459549.5   3.458832846030   3.463726821164  -0.194328884578  -0.196297829418  3.461051 11.3 2459549.85598862      99.00000000
 2459550.5   3.464740654653   3.469640040648  -0.196899335844  -0.198864907497  3.449852 11.3 2459550.85419415      99.00000000
 2459551.5   3.470631791413   3.475536976030  -0.199458795700  -0.201421039110  3.438554 11.2 2459551.85239701      99.00000000
 2459552.5   3.476505732559   3.481417132568  -0.202007017000  -0.203966020123  3.427156 11.2 2459552.85059713      99.00000000
 2459553.5   3.482361831314   3.487279777587  -0.204543705519  -0.206499558077  3.415662 11.2 2459553.84879440      99.00000000
 2459554.5   3.488199582249   3.493124226342  -0.207068625529  -0.209021372395  3.404072 11.2 2459554.84698874      99.00000000
 2459555.5   3.494018376005   3.498949665328  -0.209581506361  -0.211531118417  3.392389 11.2 2459555.84518005      99.00000000
 2459556.5   3.499817756006   3.504755484554  -0.212082144132  -0.214028518445  3.380613 11.2 2459556.84336827      99.00000000
 2459557.5   3.505597158919   3.510541058560  -0.214570302604  -0.216513286855  3.368746 11.2 2459557.84155330      99.00000000
 2459558.5   3.511356164540   3.516305992511  -0.217045809795  -0.218985235169  3.356790 11.2 2459558.83973509      99.00000000
 2459559.5   3.517094229399   3.522049825373  -0.219508455630  -0.221444165286  3.344747 11.2 2459559.83791354      99.00000000
 2459560.5   3.522810939236   3.527772248537  -0.221958087685  -0.223889954766  3.332618 11.2 2459560.83608860      99.00000000
 2459561.5   3.528505742694   3.533472813581  -0.224394509416  -0.226322445182  3.320404 11.2 2459561.83426017      99.00000000
 2459562.5   3.534178209691   3.539151175324  -0.226817577225  -0.228741531499  3.308107 11.2 2459562.83242819      99.00000000
 2459563.5   3.539827765235   3.544806817749  -0.229227099896  -0.231147056854  3.295728 11.2 2459563.83059257      99.00000000
 2459564.5   3.545453952296   3.550439313867  -0.231622936652  -0.233538907357  3.283269 11.2 2459564.82875323      99.00000000
 2459565.5   3.551056163827   3.556048057068  -0.234004897065  -0.235916910216  3.270730 11.2 2459565.82691007      99.00000000
 2459566.5   3.556633908654   3.561632528944  -0.236372839390  -0.238280930657  3.258114 11.2 2459566.82506301      99.00000000
 2459567.5   3.562186540618   3.567192032385  -0.238726570415  -0.240630771662  3.245420 11.2 2459567.82321195      99.00000000
 2459568.5   3.567713527157   3.572725967172  -0.241065943781  -0.242966272790  3.232651 11.2 2459568.82135681      99.00000000
 2459569.5   3.573214175480   3.578233565220  -0.243390759708  -0.245287212113  3.219808 11.2 2459569.81949747      99.00000000
 2459570.5   3.578687904193   3.583714173134  -0.245700863380  -0.247593407471  3.206892 11.2 2459570.81763384      99.00000000
 2459571.5   3.584133966735   3.589166986356  -0.247996044676  -0.249884620356  3.193904 11.2 2459571.81576579      99.00000000
 2459572.5   3.589551726331   3.594591334182  -0.250276136726  -0.252160658541  3.180845 11.2 2459572.81389323      99.00000000
 2459573.5   3.594940376608   3.599986408053  -0.252540915646  -0.254421280478  3.167717 11.2 2459573.81201603      99.00000000
 2459574.5   3.600299219821   3.605351545118  -0.254790199185  -0.256666297895  3.154521 11.2 2459574.81013408      99.00000000
 2459575.5   3.605627384514   3.610685947104  -0.257023746368  -0.258895479493  3.141258 11.1 2459575.80824724      99.00000000
 2459576.5   3.610924107518   3.615988957824  -0.259241356288  -0.261108652120  3.127931 11.1 2459576.80635539      99.00000000
 2459577.5   3.616188449825   3.621259764097  -0.261442768088  -0.263305600805  3.114539 11.1 2459577.80445838      99.00000000
 2459578.5   3.621419584971   3.626497656115  -0.263627760944  -0.265486162829  3.101085 11.1 2459578.80255609      99.00000000
 2459579.5   3.626616516726   3.631701704604  -0.265796056099  -0.267650116763  3.087570 11.1 2459579.80064834      99.00000000
 2459580.5   3.631778377890   3.636871019875  -0.267947420188  -0.269797265696  3.073997 11.1 2459580.79873500      99.00000000
 2459581.5   3.636904151752   3.642004458197  -0.270081570980  -0.271927324687  3.060368 11.1 2459581.79681590      99.00000000
