2455560.86617973
2455561.86609220
2455562.86603387
2455563.86600405
2455564.86600209
2455565.86602739
2455566.86607934
2455567.86615741
2455568.86626106
2455569.86638979
2455570.86654312
2455571.86672060
2455572.86692176
2455573.86714617
2455574.86739339
2455575.86766301
2455576.86795461
2455577.86826778
2455578.86860210
2455579.86895716
2455580.86933256
2455581.86972787
2455582.87014264
2455583.87057642
2455584.87102870
2455585.87149898
2455586.87198669
2455587.87249126
2455588.87301208
2455589.87354854
2455590.87410000
2455591.87466583
2455592.87524537
2455593.87583797
2455594.87644300
2455595.87705978
2455596.87768769
2455597.87832606
2455598.87897426
2455599.87963164
2455600.88029756
2455601.88097139
2455602.88165249
2455603.88234022
2455604.88303397
2455605.88373311
2455606.88443704
2455607.88514515
2455608.88585685
2455609.88657156
2455610.88728870
2455611.88800770
2455612.88872797
2455613.88944895
2455614.89017003
2455615.89089063
2455616.89161014
2455617.89232798
2455618.89304357
2455619.89375635
2455620.89446576
2455621.89517128
2455622.89587240
2455623.89656866
2455624.89725960
2455625.89794479
2455626.89862383
2455627.89929635
2455628.89996201
2455629.90062049
2455630.90127152
2455631.90191482
2455632.90255017
2455633.90317737
2455634.90379624
2455635.90440666
2455636.90500850
2455637.90560169
2455638.90618617
2455639.90676193
2455640.90732894
2455641.90788724
2455642.90843682
2455643.90897773
2455644.90951000
2455645.91003366
2455646.91054878
2455647.91105542
2455648.91155368
2455649.91204364
2455650.91252545
2455651.91299922
2455652.91346513
2455653.91392334
2455654.91437405
2455655.91481747
2455656.91525381
2455657.91568332
2455658.91610625
2455659.91652288
2455660.91693349
2455661.91733838
2455662.91773788
2455663.91813231
2455664.91852203
2455665.91890741
2455666.91928881
2455667.91966665
2455668.92004132
2455669.92041325
2455670.92078285
2455671.92115052
2455672.92151669
2455673.92188175
2455674.92224610
2455675.92261014
2455676.92297425
2455677.92333884
2455678.92370429
2455679.92407100
2455680.92443937
2455681.92480978
2455682.92518263
2455683.92555832
2455684.92593723
2455685.92631976
2455686.92670629
2455687.92709722
2455688.92749293
2455689.92789382
2455690.92830028
2455691.92871270
2455692.92913147
2455693.92955701
2455694.92998969
2455695.93042994
2455696.93087814
2455697.93133470
2455698.93180001
2455699.93227443
2455700.93275833
2455701.93325206
2455702.93375594
2455703.93427027
2455704.93479535
2455705.93533144
2455706.93587880
2455707.93643766
2455708.93700823
2455709.93759071
2455710.93818528
2455711.93879210
2455712.93941129
2455713.94004297
2455714.94068723
2455715.94134413
2455716.94201373
2455717.94269605
2455718.94339110
2455719.94409888
2455720.94481935
2455721.94555248
2455722.94629821
2455723.94705646
2455724.94782714
2455725.94861013
2455726.94940529
2455727.95021245
2455728.95103142
2455729.95186198
2455730.95270386
2455731.95355679
2455732.95442044
2455733.95529446
2455734.95617848
2455735.95707208
2455736.95797483
2455737.95888626
2455738.95980589
2455739.96073320
2455740.96166765
2455741.96260867
2455742.96355569
2455743.96450810
2455744.96546527
2455745.96642658
2455746.96739137
2455747.96835900
2455748.96932882
2455749.97030017
2455750.97127243
2455751.97224494
2455752.97321708
2455753.97418823
2455754.97515775
2455755.97612504
2455756.97708950
2455757.97805053
2455758.97900753
2455759.97995995
2455760.98090719
2455761.98184872
2455762.98278399
2455763.98371246
2455764.98463363
2455765.98554701
2455766.98645210
2455767.98734846
2455768.98823564
2455769.98911324
2455770.98998084
2455771.99083808
2455772.99168459
2455773.99252004
2455774.99334413
2455775.99415657
2455776.99495713
2455777.99574558
2455778.99652176
2455779.99728553
2455780.99803678
2455781.99877543
2455782.99950145
2455784.00021481
2455785.00091554
2455786.00160368
2455787.00227930
2455788.00294250
2455789.00359338
2455790.00423209
2455791.00485877
2455792.00547359
2455793.00607675
2455794.00666847
2455795.00724898
2455796.00781851
2455797.00837735
2455798.00892575
2455799.00946401
2455800.00999241
2455801.01051127
2455802.01102089
2455803.01152160
2455804.01201372
2455805.01249759
2455806.01297358
2455807.01344205
2455808.01390339
2455809.01435801
2455810.01480632
2455811.01524875
2455812.01568576
2455813.01611780
2455814.01654533
2455815.01696883
2455816.01738878
2455817.01780568
2455818.01822002
2455819.01863229
2455820.01904300
2455821.01945265
2455822.01986175
2455823.02027081
2455824.02068032
2455825.02109080
2455826.02150274
2455827.02191665
2455828.02233303
2455829.02275236
2455830.02317513
2455831.02360180
2455832.02403285
2455833.02446872
2455834.02490985
2455835.02535669
2455836.02580968
2455837.02626925
2455838.02673585
2455839.02720992
2455840.02769189
2455841.02818221
2455842.02868131
2455843.02918961
2455844.02970754
2455845.03023552
2455846.03077394
2455847.03132320
2455848.03188367
2455849.03245573
2455850.03303971
2455851.03363597
2455852.03424480
2455853.03486652
2455854.03550141
2455855.03614971
2455856.03681166
2455857.03748746
2455858.03817731
2455859.03888133
2455860.03959965
2455861.04033234
2455862.04107943
2455863.04184093
2455864.04261680
2455865.04340699
2455866.04421141
2455867.04502997
2455868.04586253
2455869.04670895
2455870.04756904
2455871.04844260
2455872.04932939
2455873.05022916
2455874.05114159
2455875.05206637
2455876.05300314
2455877.05395150
2455878.05491105
2455879.05588134
2455880.05686188
2455881.05785217
2455882.05885166
2455883.05985980
2455884.06087600
2455885.06189962
2455886.06293002
2455887.06396652
2455888.06500841
2455889.06605496
2455890.06710539
2455891.06815890
2455892.06921469
2455893.07027191
2455894.07132973
2455895.07238732
2455896.07344383
2455897.07449845
2455898.07555035
2455899.07659874
2455900.07764282
2455901.07868181
2455902.07971494
2455903.08074147
2455904.08176066
2455905.08277182
2455906.08377425
2455907.08476730
2455908.08575033
2455909.08672275
2455910.08768396
2455911.08863344
2455912.08957066
2455913.09049512
2455914.09140638
2455915.09230400
2455916.09318756
2455917.09405669
2455918.09491102
2455919.09575019
2455920.09657389
2455921.09738181
2455922.09817368
2455923.09894926
2455924.09970833
2455925.10045072
2455926.10117630
2455927.10188497
2455928.10257665
2455929.10325130
2455930.10390893
2455931.10454956
