 2455561.5   4.511854115294   4.514595258355  -0.273657971624  -0.273872310150  4.631535  9.7 2455561.94180639      99.00000000
 2455562.5   4.517230052155   4.519973888148  -0.274312046718  -0.274520819855  4.626637  9.7 2455562.93992731      99.00000000
 2455563.5   4.522596286401   4.525342990678  -0.274950451559  -0.275153747340  4.621559  9.8 2455563.93804666      99.00000000
 2455564.5   4.527952271712   4.530701913354  -0.275573251711  -0.275771175033  4.616300  9.8 2455564.93616435      99.00000000
 2455565.5   4.533297422814   4.536049954797  -0.276180507831  -0.276373157612  4.610862  9.8 2455565.93428028      99.00000000
 2455566.5   4.538631194220   4.541386470143  -0.276772298968  -0.276959749515  4.605245  9.8 2455566.93239437      99.00000000
 2455567.5   4.543953009242   4.546710818390  -0.277348698395  -0.277530988691  4.599451  9.8 2455567.93050652      99.00000000
 2455568.5   4.549262336824   4.552022446310  -0.277909796494  -0.278086928007  4.593480  9.8 2455568.92861666      99.00000000
 2455569.5   4.554558618027   4.557320811864  -0.278455676697  -0.278627618251  4.587333  9.8 2455569.92672468      99.00000000
 2455570.5   4.559841341005   4.562605450025  -0.278986438296  -0.279153135154  4.581012  9.8 2455570.92483053      99.00000000
 2455571.5   4.565109965765   4.567875886474  -0.279502172731  -0.279663557463  4.574517  9.8 2455571.92293411      99.00000000
 2455572.5   4.570363998590   4.573131702065  -0.280002986451  -0.280158989685  4.567850  9.8 2455572.92103534      99.00000000
 2455573.5   4.575602916514   4.578372449324  -0.280488977555  -0.280639538054  4.561011  9.8 2455573.91913415      99.00000000
 2455574.5   4.580826242452   4.583597720982  -0.280960258595  -0.281105332420  4.554003  9.8 2455574.91723046      99.00000000
 2455575.5   4.586033470239   4.588807068177  -0.281416933388  -0.281556502373  4.546826  9.8 2455575.91532419      99.00000000
 2455576.5   4.591224140813   4.594000068089  -0.281859119563  -0.281993198502  4.539481  9.8 2455576.91341528      99.00000000
 2455577.5   4.596397767509   4.599176238277  -0.282286925345  -0.282415566599  4.531970  9.8 2455577.91150364      99.00000000
 2455578.5   4.601553912218   4.604335101429  -0.282700471697  -0.282823764254  4.524293  9.8 2455578.90958920      99.00000000
 2455579.5   4.606692108920   4.609476102485  -0.283099869046  -0.283217928684  4.516453  9.8 2455579.90767190      99.00000000
 2455580.5   4.611811937019   4.614598689562  -0.283485239224  -0.283598187392  4.508450  9.8 2455580.90575165      99.00000000
 2455581.5   4.616912940051   4.619702261572  -0.283856692614  -0.283964626684  4.500286  9.8 2455581.90382840      99.00000000
 2455582.5   4.621994694154   4.624786283837  -0.284214350624  -0.284317314649  4.491960  9.8 2455582.90190206      99.00000000
 2455583.5   4.627056722550   4.629850248519  -0.284558324056  -0.284656293617  4.483475  9.8 2455583.89997256      99.00000000
 2455584.5   4.632098563379   4.634893760613  -0.284888736626  -0.284981626991  4.474831  9.8 2455584.89803983      99.00000000
 2455585.5   4.637119687066   4.639916432172  -0.285205704409  -0.285293400175  4.466028  9.8 2455585.89610379      99.00000000
 2455586.5   4.642119570898   4.644917904724  -0.285509359548  -0.285591752904  4.457069  9.8 2455586.89416435      99.00000000
 2455587.5   4.647097623670   4.649897720318  -0.285799829515  -0.285876852258  4.447953  9.8 2455587.89222143      99.00000000
 2455588.5   4.652053266921   4.654855369853  -0.286077259896  -0.286148899922  4.438681  9.8 2455588.89027492      99.00000000
 2455589.5   4.656985863158   4.659790214469  -0.286341792859  -0.286408094219  4.429256  9.8 2455589.88832474      99.00000000
 2455590.5   4.661894798775   4.664701581071  -0.286593588987  -0.286654639477  4.419677  9.8 2455590.88637077      99.00000000
 2455591.5   4.666779411675   4.669588712131  -0.286832805279  -0.286888717453  4.409946  9.8 2455591.88441291      99.00000000
 2455592.5   4.671639073406   4.674450872002  -0.287059616467  -0.287110507031  4.400065  9.8 2455592.88245107      99.00000000
 2455593.5   4.676473115203   4.679287294449  -0.287274192906  -0.287320164529  4.390034  9.8 2455593.88048512      99.00000000
 2455594.5   4.681280909220   4.684097280222  -0.287476721612  -0.287517849618  4.379857  9.8 2455594.87851499      99.00000000
 2455595.5   4.686061793052   4.688880131036  -0.287667384176  -0.287703709747  4.369534  9.8 2455595.87654055      99.00000000
 2455596.5   4.690815150063   4.693635232010  -0.287846377637  -0.287877907525  4.359067  9.8 2455596.87456171      99.00000000
 2455597.5   4.695540332264   4.698361970087  -0.288013892530  -0.288040604414  4.348458  9.8 2455597.87257838      99.00000000
 2455598.5   4.700236739677   4.703059804592  -0.288170133728  -0.288191985267  4.337709  9.8 2455598.87059045      99.00000000
 2455599.5   4.704903741707   4.707728177874  -0.288315298724  -0.288332238513  4.326822  9.8 2455599.86859784      99.00000000
 2455600.5   4.709540756025   4.712366583920  -0.288449598515  -0.288461577064  4.315798  9.8 2455600.86660044      99.00000000
 2455601.5   4.714147169171   4.716974480329  -0.288573236136  -0.288580215993  4.304641  9.8 2455601.86459818      99.00000000
 2455602.5   4.718722415851   4.721551360597  -0.288686427518  -0.288688391925  4.293351  9.8 2455602.86259095      99.00000000
 2455603.5   4.723265899604   4.726096668403  -0.288789380138  -0.288786340207  4.281931  9.8 2455603.86057867      99.00000000
 2455604.5   4.727777073093   4.730609871204  -0.288882313706  -0.288874313540  4.270383  9.8 2455604.85856124      99.00000000
 2455605.5   4.732255358930   4.735090373440  -0.288965438760  -0.288952557647  4.258709  9.8 2455605.85653859      99.00000000
 2455606.5   4.736700230391   4.739537590201  -0.289038977059  -0.289021326401  4.246911  9.8 2455606.85451062      99.00000000
 2455607.5   4.741111130810   4.743950864674  -0.289103140123  -0.289080852391  4.234991  9.8 2455607.85247724      99.00000000
 2455608.5   4.745487552061   4.748329557386  -0.289158149549  -0.289131357014  4.222952  9.8 2455608.85043838      99.00000000
 2455609.5   4.749828948974   4.752672991098  -0.289204216008  -0.289173021304  4.210794  9.8 2455609.84839394      99.00000000
 2455610.5   4.754134812194   4.756980571610  -0.289241560322  -0.289206007554  4.198520  9.8 2455610.84634385      99.00000000
 2455611.5   4.758404576356   4.761251741208  -0.289270393851  -0.289230455014  4.186131  9.8 2455611.84428801      99.00000000
 2455612.5   4.762637690406   4.765486060436  -0.289290940951  -0.289246529013  4.173630  9.8 2455612.84222634      99.00000000
 2455613.5   4.766833527618   4.769683079397  -0.289303420500  -0.289254427058  4.161018  9.8 2455613.84015873      99.00000000
 2455614.5   4.770991464069   4.773842346134  -0.289308068450  -0.289254408714  4.148296  9.8 2455614.83808510      99.00000000
 2455615.5   4.775110798850   4.777963266033  -0.289305118578  -0.289246763706  4.135466  9.8 2455615.83600533      99.00000000
 2455616.5   4.779190842615   4.782045167603  -0.289294823459  -0.289231809997  4.122530  9.8 2455616.83391931      99.00000000
 2455617.5   4.783230843073   4.786087241986  -0.289277433742  -0.289209853242  4.109490  9.8 2455617.83182693      99.00000000
 2455618.5   4.787230075359   4.790088665029  -0.289253217927  -0.289181195918  4.096348  9.8 2455618.82972806      99.00000000
 2455619.5   4.791187765325   4.794048552135  -0.289222441106  -0.289146114339  4.083107  9.8 2455619.82762258      99.00000000
 2455620.5   4.795103177405   4.797966069345  -0.289185384531  -0.289104881531  4.069768  9.7 2455620.82551037      99.00000000
 2455621.5   4.798975534525   4.801840367061  -0.289142324508  -0.289057751703  4.056333  9.7 2455621.82339131      99.00000000
 2455622.5   4.802804104271   4.805670672828  -0.289093552075  -0.289004985604  4.042806  9.7 2455622.82126529      99.00000000
 2455623.5   4.806588116875   4.809456210798  -0.289039352100  -0.288946835167  4.029190  9.7 2455623.81913217      99.00000000
 2455624.5   4.810326850994   4.813196285036  -0.288980023010  -0.288883568047  4.015485  9.7 2455624.81699186      99.00000000
 2455625.5   4.814019550587   4.816890190520  -0.288915856008  -0.288815450993  4.001696  9.7 2455625.81484423      99.00000000
 2455626.5   4.817665510676   4.820537290557  -0.288847154804  -0.288742772441  3.987825  9.7 2455626.81268917      99.00000000
 2455627.5   4.821263993148   4.824136922741  -0.288774214933  -0.288665823549  3.973875  9.7 2455627.81052657      99.00000000
 2455628.5   4.824814312484   4.827688474696  -0.288697343527  -0.288584918074  3.959849  9.7 2455628.80835633      99.00000000
 2455629.5   4.828315750567   4.831191289926  -0.288616838742  -0.288500370864  3.945749  9.7 2455629.80617832      99.00000000
 2455630.5   4.831767642649   4.834644746502  -0.288533009571  -0.288412515671  3.931579  9.7 2455630.80399245      99.00000000
 2455631.5   4.835169291570   4.838048165483  -0.288446155323  -0.288321682229  3.917341  9.7 2455631.80179860      99.00000000
 2455632.5   4.838520054421   4.841400893094  -0.288356585395  -0.288228212829  3.903039  9.7 2455632.79959669      99.00000000
 2455633.5   4.841819256376   4.844702211303  -0.288264598692  -0.288132437944  3.888675  9.7 2455633.79738659      99.00000000
 2455634.5   4.845066277794   4.847951424034  -0.288170503282  -0.288034690547  3.874252  9.7 2455634.79516822      99.00000000
 2455635.5   4.848260466580   4.851147774261  -0.288074595786  -0.287935278695  3.859773  9.7 2455635.79294147      99.00000000
 2455636.5   4.851401223601   4.854290544808  -0.287977181158  -0.287834497523  3.845242  9.7 2455636.79070624      99.00000000
 2455637.5   4.854487910380   4.857378995907  -0.287878552537  -0.287732603881  3.830660  9.7 2455637.78846242      99.00000000
 2455638.5   4.857519929281   4.860412486508  -0.287779011973  -0.287629839498  3.816031  9.6 2455638.78620993      99.00000000
 2455639.5   4.860496624224   4.863390409897  -0.287678851683  -0.287526427737  3.801357  9.6 2455639.78394867      99.00000000
 2455640.5   4.863417357139   4.866312271190  -0.287578376364  -0.287422621936  3.786641  9.6 2455640.78167852      99.00000000
 2455641.5   4.866281408748   4.869177540257  -0.287477885573  -0.287318711818  3.771885  9.6 2455641.77939939      99.00000000
 2455642.5   4.869088063046   4.871985659754  -0.287377696102  -0.287215051586  3.757093  9.6 2455642.77711115      99.00000000
 2455643.5   4.871836519754   4.874735897779  -0.287278123071  -0.287112024404  3.742265  9.6 2455643.77481369      99.00000000
 2455644.5   4.874525992261   4.877427434541  -0.287179500158  -0.287010034863  3.727406  9.6 2455644.77250688      99.00000000
 2455645.5   4.877155628010   4.880059314410  -0.287082158461  -0.286909465731  3.712518  9.6 2455645.77019058      99.00000000
 2455646.5   4.879724609731   4.882630593123  -0.286986445242  -0.286810687875  3.697604  9.6 2455646.76786466      99.00000000
 2455647.5   4.882232072782   4.885140291554  -0.286892702147  -0.286714041090  3.682667  9.6 2455647.76552898      99.00000000
 2455648.5   4.884677202491   4.887587512492  -0.286801284098  -0.286619860513  3.667711  9.6 2455648.76318341      99.00000000
 2455649.5   4.887059146105   4.889971358290  -0.286712537933  -0.286528463431  3.652739  9.6 2455649.76082782      99.00000000
 2455650.5   4.889377107392   4.892291023509  -0.286626821847  -0.286440175107  3.637754  9.6 2455650.75846209      99.00000000
 2455651.5   4.891630255769   4.894545699014  -0.286544484391  -0.286355312599  3.622760  9.5 2455651.75608608      99.00000000
 2455652.5   4.893817820746   4.896734660318  -0.286465884199  -0.286274207905  3.607761  9.5 2455652.75369967      99.00000000
 2455653.5   4.895939000071   4.898857168770  -0.286391369037  -0.286197189834  3.592760  9.5 2455653.75130275      99.00000000
 2455654.5   4.897993055057   4.900912558989  -0.286321295599  -0.286124605715  3.577761  9.5 2455654.74889518      99.00000000
 2455655.5   4.899979218063   4.902900137459  -0.286256008465  -0.286056801677  3.562768  9.5 2455655.74647687      99.00000000
 2455656.5   4.901896788561   4.904819269107  -0.286195859930  -0.285994142476  3.547784  9.5 2455656.74404769      99.00000000
 2455657.5   4.903745039537   4.906669274631  -0.286141188905  -0.285936989271  3.532814  9.5 2455657.74160754      99.00000000
 2455658.5   4.905523313914   4.908449519536  -0.286092340844  -0.285885716921  3.517862  9.5 2455658.73915632      99.00000000
 2455659.5   4.907230929581   4.910159314294  -0.286049646635  -0.285840689349  3.502930  9.5 2455659.73669391      99.00000000
 2455660.5   4.908867276062   4.911798009347  -0.286013442679  -0.285802275024  3.488024  9.5 2455660.73422023      99.00000000
 2455661.5   4.910431718094   4.913364900718  -0.285984049764  -0.285770820851  3.473147  9.5 2455661.73173517      99.00000000
 2455662.5   4.911923692320   4.914859333195  -0.285961793322  -0.285746666909  3.458303  9.4 2455662.72923864      99.00000000
 2455663.5   4.913342608666   4.916280613990  -0.285946982358  -0.285730120105  3.443496  9.4 2455663.72673055      99.00000000
 2455664.5   4.914687945613   4.917628127930  -0.285939930106  -0.285721470511  3.428729  9.4 2455664.72421082      99.00000000
 2455665.5   4.915959147089   4.918901261692  -0.285940933444  -0.285720970361  3.414007  9.4 2455665.72167936      99.00000000
 2455666.5   4.917155713700   4.920099524196  -0.285950294589  -0.285728862229  3.399333  9.4 2455666.71913609      99.00000000
 2455667.5   4.918277093368   4.921222454222  -0.285968301692  -0.285745375675  3.384711  9.4 2455667.71658092      99.00000000
 2455668.5   4.919322769656   4.922269695151  -0.285995252005  -0.285770772703  3.370144  9.4 2455668.71401378      99.00000000
 2455669.5   4.920292151988   4.923240833566  -0.286031433261  -0.285805347590  3.355635  9.4 2455669.71143458      99.00000000
 2455670.5   4.921184671641   4.924135425380  -0.286077146794  -0.285849451386  3.341189  9.4 2455670.70884323      99.00000000
 2455671.5   4.921999683399   4.924952848938  -0.286132687288  -0.285903452880  3.326809  9.3 2455671.70623962      99.00000000
 2455672.5   4.922736576623   4.925692416570  -0.286198363527  -0.285967730769  3.312498  9.3 2455672.70362366      99.00000000
 2455673.5   4.923394686808   4.926353328376  -0.286274475405  -0.286042629017  3.298260  9.3 2455673.70099525      99.00000000
 2455674.5   4.923973411945   4.926934841479  -0.286361333001  -0.286128469273  3.284100  9.3 2455674.69835429      99.00000000
 2455675.5   4.924472121167   4.927436215959  -0.286459232778  -0.286225533179  3.270022  9.3 2455675.69570067      99.00000000
 2455676.5   4.924890266477   4.927856841287  -0.286568477099  -0.286334092657  3.256029  9.3 2455676.69303432      99.00000000
 2455677.5   4.925227284175   4.928196136144  -0.286689351079  -0.286454396862  3.242127  9.3 2455677.69035514      99.00000000
 2455678.5   4.925482702600   4.928453647299  -0.286822143104  -0.286586699481  3.228319  9.3 2455678.68766306      99.00000000
 2455679.5   4.925656039519   4.928628937004  -0.286967122193  -0.286731240249  3.214610  9.2 2455679.68495801      99.00000000
 2455680.5   4.925746909551   4.928721681710  -0.287124559094  -0.286888268227  3.201004  9.2 2455680.68223994      99.00000000
 2455681.5   4.925754920438   4.928731560735  -0.287294703645  -0.287058020763  3.187507  9.2 2455681.67950877      99.00000000
 2455682.5   4.925679781990   4.928658357825  -0.287477806042  -0.287240745695  3.174122  9.2 2455682.67676447      99.00000000
 2455683.5   4.925521202006   4.928501849054  -0.287674093944  -0.287436679201  3.160855  9.2 2455683.67400701      99.00000000
 2455684.5   4.925278996696   4.928261904314  -0.287883793807  -0.287646066770  3.147710  9.2 2455684.67123634      99.00000000
 2455685.5   4.924952985553   4.927938373109  -0.288107107754  -0.287869138529  3.134692  9.2 2455685.66845244      99.00000000
 2455686.5   4.924543102189   4.927531188095  -0.288344235127  -0.288106127269  3.121805  9.2 2455686.66565532      99.00000000
 2455687.5   4.924049286951   4.927040254176  -0.288595349303  -0.288357240360  3.109054  9.1 2455687.66284495      99.00000000
 2455688.5   4.923471597079   4.926465560689  -0.288860619700  -0.288622675531  3.096444  9.1 2455688.66002135      99.00000000
 2455689.5   4.922810096222   4.925807079379  -0.289140188740  -0.288902591756  3.083979  9.1 2455689.65718453      99.00000000
 2455690.5   4.922064963383   4.925064888058  -0.289434194478  -0.289197126673  3.071663  9.1 2455690.65433452      99.00000000
 2455691.5   4.921236378909   4.924239076174  -0.289742747831  -0.289506371186  3.059502  9.1 2455691.65147135      99.00000000
 2455692.5   4.920324631727   4.923329874296  -0.290065955983  -0.289830393458  3.047499  9.1 2455692.64859506      99.00000000
 2455693.5   4.919330001114   4.922337556895  -0.290403900084  -0.290169222260  3.035659  9.1 2455693.64570569      99.00000000
 2455694.5   4.918252861580   4.921262560350  -0.290756659685  -0.290522882454  3.023985  9.0 2455694.64280331      99.00000000
 2455695.5   4.917093560580   4.920105356724  -0.291124291106  -0.290891389297  3.012482  9.0 2455695.63988798      99.00000000
 2455696.5   4.915852523224   4.918866530104  -0.291506852870  -0.291274789861  3.001154  9.0 2455696.63695976      99.00000000
 2455697.5   4.914530131256   4.917546605251  -0.291904384120  -0.291673150278  2.990005  9.0 2455697.63401873      99.00000000
 2455698.5   4.913126835951   4.916146107008  -0.292316929734  -0.292086574918  2.979038  9.0 2455698.63106494      99.00000000
 2455699.5   4.911643047488   4.914665420868  -0.292744516939  -0.292515162859  2.968257  9.0 2455699.62809848      99.00000000
 2455700.5   4.910079261858   4.913104932613  -0.293187178399  -0.292959005651  2.957666  9.0 2455700.62511941      99.00000000
 2455701.5   4.908435959511   4.911464972311  -0.293644926275  -0.293418144231  2.947270  9.0 2455701.62212781      99.00000000
 2455702.5   4.906713737811   4.909745997920  -0.294117773959  -0.293892587657  2.937072  8.9 2455702.61912378      99.00000000
 2455703.5   4.904913206812   4.907948524761  -0.294605709372  -0.294382295233  2.927077  8.9 2455703.61610741      99.00000000
 2455704.5   4.903035116594   4.906073262760  -0.295108717438  -0.294887211606  2.917289  8.9 2455704.61307881      99.00000000
 2455705.5   4.901080244534   4.904120996729  -0.295626754145  -0.295407251797  2.907712  8.9 2455705.61003812      99.00000000
 2455706.5   4.899049517209   4.902092694668  -0.296159770433  -0.295942331655  2.898351  8.9 2455706.60698547      99.00000000
 2455707.5   4.896943892308   4.899989376328  -0.296707686921  -0.296492345872  2.889209  8.9 2455707.60392103      99.00000000
 2455708.5   4.894764479330   4.897812223479  -0.297270418692  -0.297057193702  2.880292  8.8 2455708.60084497      99.00000000
 2455709.5   4.892512419913   4.895562452325  -0.297847850079  -0.297636754112  2.871603  8.8 2455709.59775748      99.00000000
 2455710.5   4.890189009881   4.893241428755  -0.298439859830  -0.298230910831  2.863146  8.8 2455710.59465875      99.00000000
 2455711.5   4.887795579301   4.890850541192  -0.299046295585  -0.298839526781  2.854925  8.8 2455711.59154901      99.00000000
 2455712.5   4.885333615976   4.888391315796  -0.299666999263  -0.299462468428  2.846945  8.8 2455712.58842849      99.00000000
 2455713.5   4.882804644391   4.885865286637  -0.300301781222  -0.300099577688  2.839210  8.8 2455713.58529742      99.00000000
 2455714.5   4.880210348960   4.883274112052  -0.300950446042  -0.300750693066  2.831722  8.8 2455714.58215609      99.00000000
 2455715.5   4.877552449679   4.880619448549  -0.301612766673  -0.301415617424  2.824486  8.7 2455715.57900475      99.00000000
 2455716.5   4.874832822741   4.877903077941  -0.302288511006  -0.302094136819  2.817505  8.7 2455716.57584370      99.00000000
 2455717.5   4.872053371011   4.875126793813  -0.302977416400  -0.302785988534  2.810783  8.7 2455717.57267324      99.00000000
 2455718.5   4.869216140932   4.872292541895  -0.303679217345  -0.303490885273  2.804323  8.7 2455718.56949368      99.00000000
 2455719.5   4.866323188069   4.869402311153  -0.304393620490  -0.304208492161  2.798127  8.7 2455719.56630537      99.00000000
 2455720.5   4.863376691634   4.866458269016  -0.305120333328  -0.304938462666  2.792199  8.7 2455720.56310862      99.00000000
 2455721.5   4.860378817352   4.863462633418  -0.305859039477  -0.305680425872  2.786540  8.7 2455721.55990379      99.00000000
 2455722.5   4.857331832222   4.860417780784  -0.306609428050  -0.306434029534  2.781154  8.6 2455722.55669124      99.00000000
 2455723.5   4.854237967711   4.857326085158  -0.307371168753  -0.307198927575  2.776042  8.6 2455723.55347131      99.00000000
 2455724.5   4.851099538203   4.854189998817  -0.308143941446  -0.307974816000  2.771206  8.6 2455724.55024438      99.00000000
 2455725.5   4.847918808822   4.851011878075  -0.308927410416  -0.308761404523  2.766649  8.6 2455725.54701081      99.00000000
 2455726.5   4.844698122304   4.847794079053  -0.309721253300  -0.309558432307  2.762372  8.6 2455726.54377095      99.00000000
 2455727.5   4.841439775614   4.844538828499  -0.310525133669  -0.310365621137  2.758377  8.6 2455727.54052518      99.00000000
 2455728.5   4.838146156706   4.841248384432  -0.311338728703  -0.311182684647  2.754665  8.5 2455728.53727386      99.00000000
 2455729.5   4.834819627173   4.837924961594  -0.312161700017  -0.312009289903  2.751238  8.5 2455729.53401736      99.00000000
 2455730.5   4.831462661713   4.834570913191  -0.312993720771  -0.312845086596  2.748099  8.5 2455730.53075608      99.00000000
 2455731.5   4.828077727430   4.831188635838  -0.313834446012  -0.313689688139  2.745248  8.5 2455731.52749039      99.00000000
 2455732.5   4.824667417545   4.827780708050  -0.314683540609  -0.314542712260  2.742686  8.5 2455732.52422070      99.00000000
 2455733.5   4.821234322595   4.824349751160  -0.315540650186  -0.315403762190  2.740417  8.5 2455733.52094742      99.00000000
 2455734.5   4.817781157868   4.820898540796  -0.316405430350  -0.316272461359  2.738440  8.5 2455734.51767098      99.00000000
 2455735.5   4.814310629325   4.817429857810  -0.317277518124  -0.317148426837  2.736757  8.4 2455735.51439181      99.00000000
 2455736.5   4.810825558899   4.813946602300  -0.318156562024  -0.318031298989  2.735369  8.4 2455736.51111034      99.00000000
 2455737.5   4.807328749243   4.810451650394  -0.319042193427  -0.318920711952  2.734277  8.4 2455737.50782703      99.00000000
 2455738.5   4.803823109866   4.806947974241  -0.319934056973  -0.319816322771  2.733482  8.4 2455738.50454232      99.00000000
 2455739.5   4.800311522492   4.803438501129  -0.320831781510  -0.320717781348  2.732985  8.4 2455739.50125668 2455740.49797056
 2455740.5   4.796796968368   4.799926233506  -0.321735010606  -0.321624759062  2.732785  8.4 2455741.49468445      99.00000000
 2455741.5   4.793282393518   4.796414106382  -0.322643373025  -0.322536916165  2.732883  8.4 2455742.49139880      99.00000000
 2455742.5   4.789770835231   4.792905108050  -0.323556513473  -0.323453926930  2.733279  8.4 2455743.48811409      99.00000000
 2455743.5   4.786265284450   4.789402142885  -0.324474062910  -0.324375442551  2.733972  8.4 2455744.48483079      99.00000000
 2455744.5   4.782768808092   4.785908164945  -0.325395669921  -0.325301114142  2.734963  8.4 2455745.48154939      99.00000000
 2455745.5   4.779284405748   4.782426058377  -0.326320971337  -0.326230557733  2.736251  8.5 2455746.47827034      99.00000000
 2455746.5   4.775815126455   4.778958786030  -0.327249624576  -0.327163386748  2.737834  8.5 2455747.47499413      99.00000000
 2455747.5   4.772363921065   4.775509270919  -0.328181278647  -0.328099191403  2.739712  8.5 2455748.47172120      99.00000000
 2455748.5   4.768933757564   4.772080525639  -0.329115607171  -0.329037586183  2.741883  8.5 2455749.46845202      99.00000000
 2455749.5   4.765527475422   4.768675498312  -0.330052279143  -0.329978196898  2.744345  8.5 2455750.46518703      99.00000000
 2455750.5   4.762147906002   4.765297164094  -0.330990991796  -0.330920705305  2.747096  8.5 2455751.46192665      99.00000000
 2455751.5   4.758797734199   4.761948347005  -0.331931440375  -0.331864822718  2.750135  8.5 2455752.45867131      99.00000000
 2455752.5   4.755479626813   4.758631810405  -0.332873350293  -0.332810316583  2.753459  8.6 2455753.45542140      99.00000000
 2455753.5   4.752196102248   4.755350101415  -0.333816445669  -0.333756966609  2.757066  8.6 2455754.45217732      99.00000000
 2455754.5   4.748949665903   4.752105680456  -0.334760480713  -0.334704580110  2.760953  8.6 2455755.44893944      99.00000000
 2455755.5   4.745742686099   4.748900811890  -0.335705207149  -0.335652944990  2.765119  8.6 2455756.44570812      99.00000000
 2455756.5   4.742577533597   4.745737733994  -0.336650405052  -0.336601851486  2.769561  8.6 2455757.44248374      99.00000000
 2455757.5   4.739456459877   4.742618572934  -0.337595849536  -0.337551058136  2.774276  8.6 2455758.43926661      99.00000000
 2455758.5   4.736381735807   4.739545510817  -0.338541341536  -0.338500329011  2.779262  8.7 2455759.43605712      99.00000000
 2455759.5   4.733355527088   4.736520676041  -0.339486674396  -0.339449411280  2.784517  8.7 2455760.43285557      99.00000000
 2455760.5   4.730380027651   4.733546275971  -0.340431665180  -0.340398077264  2.790037  8.7 2455761.42966233      99.00000000
 2455761.5   4.727457329959   4.730624455281  -0.341376121619  -0.341346099390  2.795821  8.7 2455762.42647770      99.00000000
 2455762.5   4.724589553114   4.727757407927  -0.342319874125  -0.342293285835  2.801866  8.7 2455763.42330202      99.00000000
 2455763.5   4.721778710165   4.724947229438  -0.343262743049  -0.343239448346  2.808169  8.7 2455764.42013561      99.00000000
 2455764.5   4.719026834085   4.722196031703  -0.344204571132  -0.344184433045  2.814727  8.7 2455765.41697877      99.00000000
 2455765.5   4.716335845411   4.719505802951  -0.345145190758  -0.345128085684  2.821536  8.8 2455766.41383180      99.00000000
 2455766.5   4.713707678699   4.716878528852  -0.346084456509  -0.346070281937  2.828595  8.8 2455767.41069501      99.00000000
 2455767.5   4.711144152154   4.714316057151  -0.347022212200  -0.347010892548  2.835900  8.8 2455768.40756866      99.00000000
 2455768.5   4.708647094990   4.711820219468  -0.347958323370  -0.347949813213  2.843447  8.8 2455769.40445304      99.00000000
 2455769.5   4.706218218398   4.709392696325  -0.348892644091  -0.348886927795  2.851233  8.8 2455770.40134841      99.00000000
 2455770.5   4.703859241884   4.707035139823  -0.349825049491  -0.349822134988  2.859254  8.8 2455771.39825503      99.00000000
 2455771.5   4.701571762651   4.704749046075  -0.350755402569  -0.350755307714  2.867507  8.8 2455772.39517314      99.00000000
 2455772.5   4.699357377147   4.702535892110  -0.351683587075  -0.351686318240  2.875988  8.9 2455773.39210297      99.00000000
 2455773.5   4.697217545328   4.700397029773  -0.352609474778  -0.352615001790  2.884693  8.9 2455774.38904475      99.00000000
 2455774.5   4.695153705561   4.698333838379  -0.353532959016  -0.353541194463  2.893617  8.9 2455775.38599869      99.00000000
 2455775.5   4.693167135455   4.696347614938  -0.354453922522  -0.354464715689  2.902757  8.9 2455776.38296497      99.00000000
 2455776.5   4.691259066171   4.694439691684  -0.355372271325  -0.355385422137  2.912107  8.9 2455777.37994378      99.00000000
 2455777.5   4.689430549289   4.692611273513  -0.356287902434  -0.356303192356  2.921663  8.9 2455778.37693527      99.00000000
 2455778.5   4.687682580141   4.690863511539  -0.357200737135  -0.357217965372  2.931421  8.9 2455779.37393958      99.00000000
 2455779.5   4.686015976864   4.689197334378  -0.358110687781  -0.358129699949  2.941376  8.9 2455780.37095684      99.00000000
 2455780.5   4.684431513239   4.687613553618  -0.359017690118  -0.359038390810  2.951523  9.0 2455781.36798714      99.00000000
 2455781.5   4.682929805552   4.686112748703  -0.359921669327  -0.359944017659  2.961858  9.0 2455782.36503057      99.00000000
 2455782.5   4.681511448194   4.684695420688  -0.360822571827  -0.360846563876  2.972376  9.0 2455783.36208723      99.00000000
 2455783.5   4.680176901916   4.683361908998  -0.361720331138  -0.361745976091  2.983072  9.0 2455784.35915715      99.00000000
 2455784.5   4.678926627488   4.682112555185  -0.362614899608  -0.362642195830  2.993943  9.0 2455785.35624042      99.00000000
 2455785.5   4.677760972492   4.680947614551  -0.363506214453  -0.363535130873  3.004984  9.0 2455786.35333707      99.00000000
 2455786.5   4.676680301326   4.679867401732  -0.364394229616  -0.364424695246  3.016192  9.0 2455787.35044716      99.00000000
 2455787.5   4.675684879458   4.678872179334  -0.365278882142  -0.365310784868  3.027561  9.1 2455788.34757073      99.00000000
 2455788.5   4.674774999051   4.677962278003  -0.366160124263  -0.366193317313  3.039087  9.1 2455789.34470783      99.00000000
 2455789.5   4.673950860436   4.677137965458  -0.367037890210  -0.367072203855  3.050767  9.1 2455790.34185848      99.00000000
 2455790.5   4.673212693798   4.676399553404  -0.367912128504  -0.367947383584  3.062597  9.1 2455791.33902271      99.00000000
 2455791.5   4.672560639059   4.675747263682  -0.368782769176  -0.368818790142  3.074572  9.1 2455792.33620055      99.00000000
 2455792.5   4.671994865367   4.675181337373  -0.369649756141  -0.369686381731  3.086688  9.1 2455793.33339203      99.00000000
 2455793.5   4.671515451364   4.674701908070  -0.370513014677  -0.370550105908  3.098942  9.1 2455794.33059714      99.00000000
 2455794.5   4.671122504239   4.674309116543  -0.371372483710  -0.371409928952  3.111329  9.1 2455795.32781592      99.00000000
 2455795.5   4.670816041630   4.674002989209  -0.372228083446  -0.372265800970  3.123845  9.2 2455796.32504834      99.00000000
 2455796.5   4.670596110748   4.673783554115  -0.373079747460  -0.373117684951  3.136485  9.2 2455797.32229443      99.00000000
 2455797.5   4.670462671528   4.673650721180  -0.373927390480  -0.373965520901  3.149246  9.2 2455798.31955416      99.00000000
 2455798.5   4.670415714441   4.673604399622  -0.374770940334  -0.374809252448  3.162124  9.2 2455799.31682753      99.00000000
 2455799.5   4.670455142462   4.673644386102  -0.375610306047  -0.375648788556  3.175113  9.2 2455800.31411452      99.00000000
 2455800.5   4.670580884222   4.673770495985  -0.376445409893  -0.376484029430  3.188210  9.2 2455801.31141511      99.00000000
 2455801.5   4.670792771214   4.673982472470  -0.377276156122  -0.377314833805  3.201411  9.2 2455802.30872927      99.00000000
 2455802.5   4.671090643934   4.674280131473  -0.378102463352  -0.378141058806  3.214710  9.2 2455803.30605697      99.00000000
 2455803.5   4.671474225280   4.674663260914  -0.378924234014  -0.378962547823  3.228104  9.3 2455804.30339815      99.00000000
 2455804.5   4.671943225688   4.675131716942  -0.379741386737  -0.379779185674  3.241587  9.3 2455805.30075277      99.00000000
 2455805.5   4.672497223363   4.675685255343  -0.380553825777  -0.380590883379  3.255154  9.3 2455806.29812076      99.00000000
 2455806.5   4.673135780083   4.676323581664  -0.381361472448  -0.381397607399  3.268802  9.3 2455807.29550204      99.00000000
 2455807.5   4.673858335585   4.677046197913  -0.382164233794  -0.382199330513  3.282526  9.3 2455808.29289652      99.00000000
 2455808.5   4.674664333396   4.677852519110  -0.382962032858  -0.382996038993  3.296321  9.3 2455809.29030410      99.00000000
 2455809.5   4.675553121481   4.678741797352  -0.383754777016  -0.383787683987  3.310183  9.3 2455810.28772468      99.00000000
 2455810.5   4.676524077338   4.679713284095  -0.384542387812  -0.384574204354  3.324107  9.3 2455811.28515814      99.00000000
 2455811.5   4.677576505909   4.680766162289  -0.385324769671  -0.385355497256  3.338091  9.3 2455812.28260439      99.00000000
 2455812.5   4.678709759080   4.681899689624  -0.386101839759  -0.386131454436  3.352130  9.4 2455813.28006331      99.00000000
 2455813.5   4.679923129777   4.683113104768  -0.386873497275  -0.386901939771  3.366219  9.4 2455814.27753480      99.00000000
 2455814.5   4.681215967047   4.684405745413  -0.387639653320  -0.387666826743  3.380357  9.4 2455815.27501875      99.00000000
 2455815.5   4.682587568114   4.685776936352  -0.388400200683  -0.388425974892  3.394538  9.4 2455816.27251505      99.00000000
 2455816.5   4.684037290605   4.687226092895  -0.389155043614  -0.389179264278  3.408759  9.4 2455817.27002362      99.00000000
 2455817.5   4.685564443540   4.688752599885  -0.389904068061  -0.389926568614  3.423018  9.4 2455818.26754433      99.00000000
 2455818.5   4.687168397347   4.690355908988  -0.390647171291  -0.390667785437  3.437310  9.4 2455819.26507709      99.00000000
 2455819.5   4.688848474239   4.692035417286  -0.391384232547  -0.391402805772  3.451632  9.4 2455820.26262181      99.00000000
 2455820.5   4.690604056620   4.693790566461  -0.392115142477  -0.392131541005  3.465980  9.4 2455821.26017838      99.00000000
 2455821.5   4.692434477579   4.695620727063  -0.392839774160  -0.392853890917  3.480352  9.4 2455822.25774670      99.00000000
 2455822.5   4.694339128555   4.697525302856  -0.393558012266  -0.393569769481  3.494743  9.4 2455823.25532668      99.00000000
 2455823.5   4.696317350705   4.699503620626  -0.394269724392  -0.394279073187  3.509151  9.5 2455824.25291821      99.00000000
 2455824.5   4.698368542321   4.701555037397  -0.394974789909  -0.394981706556  3.523571  9.5 2455825.25052120      99.00000000
 2455825.5   4.700492051018   4.703678833686  -0.395673071615  -0.395677550340  3.538002  9.5 2455826.24813553      99.00000000
 2455826.5   4.702687280177   4.705874323917  -0.396364444317  -0.396366485699  3.552438  9.5 2455827.24576113      99.00000000
 2455827.5   4.704953580332   4.708140757594  -0.397048766956  -0.397048361705  3.566878  9.5 2455828.24339787      99.00000000
 2455828.5   4.707290352186   4.710477441848  -0.397725911123  -0.397723020041  3.581316  9.5 2455829.24104567      99.00000000
 2455829.5   4.709696934222   4.712883659008  -0.398395733928  -0.398390268671  3.595751  9.5 2455830.23870442      99.00000000
 2455830.5   4.712172699833   4.715358797086  -0.399058106653  -0.399049919476  3.610177  9.5 2455831.23637402      99.00000000
 2455831.5   4.714716940992   4.717902251240  -0.399712888365  -0.399701780876  3.624591  9.5 2455832.23405435      99.00000000
 2455832.5   4.717328963728   4.720513499632  -0.400359954324  -0.400345708669  3.638991  9.5 2455833.23174532      99.00000000
 2455833.5   4.720007977103   4.723191931497  -0.400999169496  -0.400981592707  3.653371  9.5 2455834.22944678      99.00000000
 2455834.5   4.722753198931   4.725936879706  -0.401630415634  -0.401609376696  3.667728  9.5 2455835.22715862      99.00000000
 2455835.5   4.725563759054   4.728747481850  -0.402253563901  -0.402229006412  3.682059  9.6 2455836.22488069      99.00000000
 2455836.5   4.728438816153   4.731622807045  -0.402868500530  -0.402840428271  3.696360  9.6 2455837.22261287      99.00000000
 2455837.5   4.731377467178   4.734561811372  -0.403475099281  -0.403443546426  3.710629  9.6 2455838.22035499      99.00000000
 2455838.5   4.734378862638   4.737563503508  -0.404073246803  -0.404038247156  3.724861  9.6 2455839.21810693      99.00000000
 2455839.5   4.737442111212   4.740626883050  -0.404662815888  -0.404624380472  3.739055  9.6 2455840.21586854      99.00000000
 2455840.5   4.740566387941   4.743751062698  -0.405243691039  -0.405201796203  3.753206  9.6 2455841.21363970      99.00000000
 2455841.5   4.743750833688   4.746935167504  -0.405815742561  -0.405770327369  3.767313  9.6 2455842.21142027      99.00000000
 2455842.5   4.746994658955   4.750178431264  -0.406378852091  -0.406329822007  3.781373  9.6 2455843.20921014      99.00000000
 2455843.5   4.750297041620   4.753480084279  -0.406932887246  -0.406880121986  3.795383  9.6 2455844.20700917      99.00000000
 2455844.5   4.753657229193   4.756839445134  -0.407477726875  -0.407421090515  3.809341  9.6 2455845.20481725      99.00000000
 2455845.5   4.757074436542   4.760255807645  -0.408013236128  -0.407952588432  3.823243  9.6 2455846.20263426      99.00000000
 2455846.5   4.760547947393   4.763728531859  -0.408539291363  -0.408474498869  3.837089  9.6 2455847.20046010      99.00000000
 2455847.5   4.764077012180   4.767256932211  -0.409055755643  -0.408986701577  3.850874  9.6 2455848.19829464      99.00000000
 2455848.5   4.767660948697   4.770840370212  -0.409562503320  -0.409489095064  3.864597  9.6 2455849.19613779      99.00000000
 2455849.5   4.771299039932   4.774478146786  -0.410059395968  -0.409981569452  3.878255  9.6 2455850.19398943      99.00000000
 2455850.5   4.774990633897   4.778169599792  -0.410546306650  -0.410464026996  3.891847  9.6 2455851.19184946      99.00000000
 2455851.5   4.778735041624   4.781914002601  -0.411023096272  -0.410936354885  3.905368  9.7 2455852.18971777      99.00000000
 2455852.5   4.782531636421   4.785710666631  -0.411489637514  -0.411398445490  3.918818  9.7 2455853.18759426      99.00000000
 2455853.5   4.786379752118   4.789558845371  -0.411945791614  -0.411850169887  3.932193  9.7 2455854.18547882      99.00000000
 2455854.5   4.790278781542   4.793457841853  -0.412391432002  -0.412291398209  3.945492  9.7 2455855.18337137      99.00000000
 2455855.5   4.794228074198   4.797406919807  -0.412826421633  -0.412721974502  3.958710  9.7 2455856.18127179      99.00000000
 2455856.5   4.798227032530   4.801405419402  -0.413250636497  -0.413141739251  3.971847  9.7 2455857.17917999      99.00000000
 2455857.5   4.802275007074   4.805452676659  -0.413663943725  -0.413550510753  3.984899  9.7 2455858.17709586      99.00000000
 2455858.5   4.806371388607   4.809548137729  -0.414066225160  -0.413948118339  3.997864  9.7 2455859.17501931      99.00000000
 2455859.5   4.810515500101   4.813691255944  -0.414457356215  -0.414334398279  4.010739  9.7 2455860.17295024      99.00000000
 2455860.5   4.814706687022   4.817881553885  -0.414837229083  -0.414709235934  4.023521  9.7 2455861.17088855      99.00000000
 2455861.5   4.818944212422   4.822118455799  -0.415205731455  -0.415072554564  4.036207  9.7 2455862.16883411      99.00000000
 2455862.5   4.823227355044   4.826401316752  -0.415562768151  -0.415424327801  4.048795  9.7 2455863.16678681      99.00000000
 2455863.5   4.827555316689   4.830729297209  -0.415908238681  -0.415764531236  4.061282  9.7 2455864.16474652      99.00000000
 2455864.5   4.831927331574   4.835101496381  -0.416242057118  -0.416093134125  4.073665  9.7 2455865.16271312      99.00000000
 2455865.5   4.836342580836   4.839516927095  -0.416564129383  -0.416410062235  4.085943  9.7 2455866.16068647      99.00000000
 2455866.5   4.840800301780   4.843974682807  -0.416874372909  -0.416715220046  4.098113  9.7 2455867.15866645      99.00000000
 2455867.5   4.845299697690   4.848473878169  -0.417172695073  -0.417008481773  4.110173  9.7 2455868.15665293      99.00000000
 2455868.5   4.849840039756   4.853013755052  -0.417459013389  -0.417289724775  4.122121  9.7 2455869.15464581      99.00000000
 2455869.5   4.854420570852   4.857593575338  -0.417733235095  -0.417558818826  4.133956  9.7 2455870.15264497      99.00000000
 2455870.5   4.859040602863   4.862212702892  -0.417995277423  -0.417815651527  4.145675  9.7 2455871.15065029      99.00000000
 2455871.5   4.863699418499   4.866870491338  -0.418245047795  -0.418060110744  4.157277  9.7 2455872.14866168      99.00000000
 2455872.5   4.868396367620   4.871566369305  -0.418482463728  -0.418292104954  4.168761  9.7 2455873.14667903      99.00000000
 2455873.5   4.873130769441   4.876299733468  -0.418707433375  -0.418511543754  4.180123  9.7 2455874.14470223      99.00000000
 2455874.5   4.877902009026   4.881070036827  -0.418919874975  -0.418718356556  4.191364  9.7 2455875.14273120      99.00000000
 2455875.5   4.882709440111   4.885876683866  -0.419119697753  -0.418912472330  4.202481  9.7 2455876.14076584      99.00000000
 2455876.5   4.887552481452   4.890719120188  -0.419306820985  -0.419093836444  4.213473  9.7 2455877.13880606      99.00000000
 2455877.5   4.892430519668   4.895596730500  -0.419481155366  -0.419262389025  4.224338  9.7 2455878.13685175      99.00000000
 2455878.5   4.897343004836   4.900508932775  -0.419642621787  -0.419418079654  4.235074  9.7 2455879.13490284      99.00000000
 2455879.5   4.902289352853   4.905455083401  -0.419791133239  -0.419560845029  4.245681  9.7 2455880.13295923      99.00000000
 2455880.5   4.907269040042   4.910434579016  -0.419926613335  -0.419690623247  4.256156  9.7 2455881.13102084      99.00000000
 2455881.5   4.912281504966   4.915446769448  -0.420048978766  -0.419807333014  4.266498  9.7 2455882.12908757      99.00000000
 2455882.5   4.917326242053   4.920491065674  -0.420158157571  -0.419910889802  4.276704  9.7 2455883.12715935      99.00000000
 2455883.5   4.922402702723   4.925566857395  -0.420254072171  -0.420001188779  4.286775  9.7 2455884.12523609      99.00000000
 2455884.5   4.927510387614   4.930673622576  -0.420336657478  -0.420078125108  4.296707  9.7 2455885.12331772      99.00000000
 2455885.5   4.932648746243   4.935810842302  -0.420405844612  -0.420141583615  4.306498  9.7 2455886.12140413      99.00000000
 2455886.5   4.937817266968   4.940978097819  -0.420461578934  -0.420191466936  4.316148  9.7 2455887.11949525      99.00000000
 2455887.5   4.943015374852   4.946174958294  -0.420503804394  -0.420227693773  4.325654  9.7 2455888.11759101      99.00000000
 2455888.5   4.948242520583   4.951401035121  -0.420532481117  -0.420250229694  4.335014  9.7 2455889.11569130      99.00000000
 2455889.5   4.953498080217   4.956655826468  -0.420547569593  -0.420259076668  4.344226  9.7 2455890.11379603      99.00000000
 2455890.5   4.958781449241   4.961938758469  -0.420549046696  -0.420254279343  4.353288  9.7 2455891.11190511      99.00000000
 2455891.5   4.964091951108   4.967249075259  -0.420536888649  -0.420235884875  4.362199  9.7 2455892.11001841      99.00000000
 2455892.5   4.969428940687   4.972585973510  -0.420511085077  -0.420203931598  4.370957  9.7 2455893.10813585      99.00000000
 2455893.5   4.974791720066   4.977948580690  -0.420471621420  -0.420158418017  4.379561  9.7 2455894.10625729      99.00000000
 2455894.5   4.980179643965   4.983336117813  -0.420418492594  -0.420099319404  4.388008  9.7 2455895.10438265      99.00000000
 2455895.5   4.985592032799   4.988747839829  -0.420351686634  -0.420026585163  4.396298  9.7 2455896.10251180      99.00000000
 2455896.5   4.991028272040   4.994183132327  -0.420271199140  -0.419940167904  4.404430  9.7 2455897.10064466      99.00000000
 2455897.5   4.996487719215   4.999641399995  -0.420177018416  -0.419840018814  4.412403  9.7 2455898.09878113      99.00000000
 2455898.5   5.001969798324   5.005122140086  -0.420069140255  -0.419726107061  4.420216  9.7 2455899.09692112      99.00000000
 2455899.5   5.007473904235   5.010624830185  -0.419947553820  -0.419598406765  4.427867  9.7 2455900.09506453      99.00000000
 2455900.5   5.012999495934   5.016149010306  -0.419812256094  -0.419456910636  4.435356  9.7 2455901.09321130      99.00000000
 2455901.5   5.018546001192   5.021694180079  -0.419663238036  -0.419301615126  4.442683  9.7 2455902.09136132      99.00000000
 2455902.5   5.024112910370   5.027259886625  -0.419500498478  -0.419132533131  4.449846  9.7 2455903.08951452      99.00000000
 2455903.5   5.029699682003   5.032845624530  -0.419324030528  -0.418949679266  4.456844  9.7 2455904.08767082      99.00000000
 2455904.5   5.035305837068   5.038450924691  -0.419133835006  -0.418753081385  4.463676  9.7 2455905.08583014      99.00000000
 2455905.5   5.040930864834   5.044075256008  -0.418929907272  -0.418542764625  4.470343  9.7 2455906.08399241      99.00000000
 2455906.5   5.046574316659   5.049718118396  -0.418712250422  -0.418318760333  4.476843  9.7 2455907.08215756      99.00000000
 2455907.5   5.052235711034   5.055378952547  -0.418480862761  -0.418081088581  4.483175  9.7 2455908.08032549      99.00000000
 2455908.5   5.057914625962   5.061057243522  -0.418235750930  -0.417829766173  4.489338  9.7 2455909.07849616      99.00000000
 2455909.5   5.063610602528   5.066752441181  -0.417976918115  -0.417564791278  4.495333  9.7 2455910.07666948      99.00000000
 2455910.5   5.069323235664   5.072464070647  -0.417704377106  -0.417286155344  4.501156  9.7 2455911.07484540      99.00000000
 2455911.5   5.075052076434   5.078191652857  -0.417418139146  -0.416993834403  4.506809  9.7 2455912.07302382      99.00000000
 2455912.5   5.080796721677   5.083934806608  -0.417118226793  -0.416687807656  4.512290  9.7 2455913.07120471      99.00000000
 2455913.5   5.086556715557   5.089693152851  -0.416804663258  -0.416368055662  4.517597  9.7 2455914.06938797      99.00000000
 2455914.5   5.092331638600   5.095466393740  -0.416477484910  -0.416034583265  4.522730  9.7 2455915.06757355      99.00000000
 2455915.5   5.098121009103   5.101254189615  -0.416136730920  -0.415687419589  4.527687  9.7 2455916.06576138      99.00000000
 2455916.5   5.103924372654   5.107056211505  -0.415782455064  -0.415326636466  4.532468  9.7 2455917.06395138      99.00000000
 2455917.5   5.109741205426   5.112872003300  -0.415414715120  -0.414952337219  4.537071  9.6 2455918.06214348      99.00000000
 2455918.5   5.115571007351   5.118701045702  -0.415033583234  -0.414564656237  4.541496  9.6 2455919.06033758      99.00000000
 2455919.5   5.121413211002   5.124542664951  -0.414639134319  -0.414163728718  4.545740  9.6 2455920.05853360      99.00000000
 2455920.5   5.127267281190   5.130396166646  -0.414231454636  -0.413749679933  4.549804  9.6 2455921.05673145      99.00000000
 2455921.5   5.133132629427   5.136260804167  -0.413810629572  -0.413322602591  4.553687  9.6 2455922.05493102      99.00000000
 2455922.5   5.139008716313   5.142135928389  -0.413376751616  -0.412882567098  4.557388  9.6 2455923.05313225      99.00000000
 2455923.5   5.144894965281   5.148020922833  -0.412929909091  -0.412429622270  4.560906  9.6 2455924.05133502      99.00000000
 2455924.5   5.150790861318   5.153915296514  -0.412470194877  -0.411963817939  4.564242  9.6 2455925.04953927      99.00000000
 2455925.5   5.156695859812   5.159818571530  -0.411997696758  -0.411485205716  4.567395  9.6 2455926.04774490      99.00000000
 2455926.5   5.162609480705   5.165730353872  -0.411512506747  -0.410993853096  4.570365  9.6 2455927.04595186      99.00000000
 2455927.5   5.168531214164   5.171650221264  -0.411014712403  -0.410489835578  4.573151  9.6 2455928.04416005      99.00000000
 2455928.5   5.174460613095   5.177577804699  -0.410504405977  -0.409973244378  4.575755  9.6 2455929.04236942      99.00000000
