2455565.7020833  18.821509016155 -22.158729309139 389845.48198
2455565.7027778  18.822142190070 -22.157164640707 389847.98772
2455565.7034722  18.822775354239 -22.155599428514 389850.49351
2455565.7041667  18.823408483839 -22.154033701136 389852.99934
2455565.7048611  18.824041591278 -22.152467444408 389855.50520
2455565.7055556  18.824674676546 -22.150900658420 389858.01110
2455565.7062500  18.825307739652 -22.149333343218 389860.51704
2455565.7069444  18.825940793001 -22.147765484571 389863.02302
2455565.7076389  18.826573811761 -22.146197111191 389865.52903
2455565.7083333  18.827206808336 -22.144628208864 389868.03509
2455565.7090278  18.827839782737 -22.143058777627 389870.54118
2455565.7097222  18.828472747368 -22.141488803212 389873.04731
2455565.7104167  18.829105677391 -22.139918314433 389875.55348
2455565.7111111  18.829738585229 -22.138347296974 389878.05968
2455565.7118056  18.830371470874 -22.136775750941 389880.56592
2455565.7125000  18.831004334315 -22.135203676413 389883.07220
2455565.7131944  18.831637187976 -22.133631059017 389885.57852
2455565.7138889  18.832270007020 -22.132057927689 389888.08488
2455565.7145833  18.832902803851 -22.130484268097 389890.59127
2455565.7152778  18.833535578479 -22.128910080290 389893.09770
2455565.7159722  18.834168330894 -22.127335364365 389895.60417
2455565.7166667  18.834801073499 -22.125760105937 389898.11067
2455565.7173611  18.835433781478 -22.124184333991 389900.61721
2455565.7180556  18.836066467235 -22.122608034156 389903.12379
2455565.7187500  18.836699130767 -22.121031206511 389905.63041
2455565.7194444  18.837331772063 -22.119453851145 389908.13706
2455565.7201389  18.837964403545 -22.117875953580 389910.64375
2455565.7208333  18.838597000380 -22.116297542947 389913.15048
2455565.7215278  18.839229574971 -22.114718604828 389915.65725
2455565.7222222  18.839862127327 -22.113139139267 389918.16405
2455565.7229167  18.840494657438 -22.111559146360 389920.67089
2455565.7236111  18.841127177705 -22.109978611610 389923.17776
2455565.7243056  18.841759663318 -22.108397564223 389925.68467
2455565.7250000  18.842392126676 -22.106815989719 389928.19162
2455565.7256944  18.843024567771 -22.105233888190 389930.69860
2455565.7263889  18.843656999021 -22.103651245056 389933.20563
2455565.7270833  18.844289395599 -22.102068089652 389935.71268
2455565.7277778  18.844921769903 -22.100484407454 389938.21978
2455565.7284722  18.845554121944 -22.098900198509 389940.72691
2455565.7291667  18.846186451712 -22.097315462911 389943.23407
2455565.7298611  18.846818771612 -22.095730186054 389945.74128
2455565.7305556  18.847451056818 -22.094144397384 389948.24852
2455565.7312500  18.848083319749 -22.092558082275 389950.75579
2455565.7319444  18.848715560394 -22.090971240821 389953.26310
2455565.7326389  18.849347778744 -22.089383873117 389955.77045
2455565.7333333  18.849979987216 -22.087795964468 389958.27783
2455565.7340278  18.850612160986 -22.086207544435 389960.78525
2455565.7347222  18.851244312452 -22.084618598380 389963.29271
2455565.7354167  18.851876441623 -22.083029126350 389965.80020
2455565.7361111  18.852508548491 -22.081439128438 389968.30773
2455565.7368056  18.853140645449 -22.079848589948 389970.81529
2455565.7375000  18.853772707699 -22.078257540500 389973.32289
2455565.7381944  18.854404747635 -22.076665965399 389975.83052
2455565.7388889  18.855036765255 -22.075073864725 389978.33819
2455565.7395833  18.855668760548 -22.073481238575 389980.84589
2455565.7402778  18.856300745930 -22.071888072148 389983.35363
2455565.7409722  18.856932696581 -22.070294395217 389985.86141
2455565.7416667  18.857564624897 -22.068700193039 389988.36922
2455565.7423611  18.858196530887 -22.067105465661 389990.87706
2455565.7430556  18.858828414542 -22.065510213175 389993.38495
2455565.7437500  18.859460288256 -22.063914420779 389995.89286
2455565.7444444  18.860092127231 -22.062318118304 389998.40081
2455565.7451389  18.860723943863 -22.060721290950 390000.90880
2455565.7458333  18.861355738140 -22.059123938819 390003.41682
2455565.7465278  18.861987522476 -22.057526047010 390005.92488
2455565.7472222  18.862619272055 -22.055927645490 390008.43297
2455565.7479167  18.863250999272 -22.054328719423 390010.94109
2455565.7486111  18.863882704135 -22.052729268852 390013.44925
2455565.7493056  18.864514386636 -22.051129293871 390015.95745
2455565.7500000  18.865146059171 -22.049528779566 390018.46568
2455565.7506944  18.865777696930 -22.047927756005 390020.97394
2455565.7513889  18.866409312324 -22.046326208254 390023.48224
2455565.7520833  18.867040905343 -22.044724136402 390025.99057
2455565.7527778  18.867672475977 -22.043121540548 390028.49894
2455565.7534722  18.868304036636 -22.041518405684 390031.00734
2455565.7541667  18.868935562511 -22.039914761989 390033.51578
2455565.7548611  18.869567065992 -22.038310594526 390036.02425
2455565.7555556  18.870198547090 -22.036705903336 390038.53275
2455565.7562500  18.870830005794 -22.035100688512 390041.04129
2455565.7569444  18.871461454494 -22.033494935048 390043.54986
2455565.7576389  18.872092868402 -22.031888673179 390046.05847
2455565.7583333  18.872724259908 -22.030281887914 390048.56711
2455565.7590278  18.873355629002 -22.028674579342 390051.07578
2455565.7597222  18.873986975694 -22.027066747509 390053.58449
2455565.7604167  18.874618312372 -22.025458377352 390056.09323
2455565.7611111  18.875249614237 -22.023849499254 390058.60201
2455565.7618056  18.875880893679 -22.022240098158 390061.11082
2455565.7625000  18.876512150706 -22.020630174116 390063.61966
2455565.7631944  18.877143397706 -22.019019712016 390066.12854
2455565.7638889  18.877774609877 -22.017408742348 390068.63745
2455565.7645833  18.878405799624 -22.015797249961 390071.14639
2455565.7652778  18.879036966939 -22.014185234949 390073.65537
2455565.7659722  18.879668111811 -22.012572697415 390076.16438
2455565.7666667  18.880299246647 -22.010959622140 390078.67342
2455565.7673611  18.880930346645 -22.009346039719 390081.18249
2455565.7680556  18.881561424192 -22.007731935007 390083.69160
2455565.7687500  18.882192479298 -22.006117308045 390086.20075
2455565.7694444  18.882823511953 -22.004502158925 390088.70992
2455565.7701389  18.883454534549 -22.002886472422 390091.21913
2455565.7708333  18.884085522287 -22.001270279234 390093.72837
2455565.7715278  18.884716487572 -21.999653564105 390096.23765
2455565.7722222  18.885347430394 -21.998036327137 390098.74695
2455565.7729167  18.885978350745 -21.996418568418 390101.25629
2455565.7736111  18.886609261026 -21.994800272634 390103.76567
2455565.7743056  18.887240136442 -21.993181470590 390106.27507
2455565.7750000  18.887870989377 -21.991562147031 390108.78451
2455565.7756944  18.888501819841 -21.989942302000 390111.29398
2455565.7763889  18.889132627824 -21.988321935594 390113.80348
2455565.7770833  18.889763425709 -21.986701032495 390116.31302
2455565.7777778  18.890394188722 -21.985079623563 390118.82258
2455565.7784722  18.891024929246 -21.983457693488 390121.33218
2455565.7791667  18.891655647271 -21.981835242365 390123.84181
2455565.7798611  18.892286355197 -21.980212254781 390126.35148
2455565.7805556  18.892917028235 -21.978588761738 390128.86117
2455565.7812500  18.893547678771 -21.976964747866 390131.37090
2455565.7819444  18.894178306796 -21.975340213260 390133.88066
2455565.7826389  18.894808912321 -21.973715157959 390136.39045
2455565.7833333  18.895439507724 -21.972089566554 390138.90028
2455565.7840278  18.896070068219 -21.970463470152 390141.41013
2455565.7847222  18.896700606204 -21.968836853288 390143.92002
2455565.7854167  18.897331121670 -21.967209716067 390146.42994
2455565.7861111  18.897961614607 -21.965582058578 390148.93989
2455565.7868056  18.898592097414 -21.963953865303 390151.44988
2455565.7875000  18.899222545305 -21.962325167456 390153.95989
2455565.7881944  18.899852970659 -21.960695949577 390156.46993
2455565.7888889  18.900483373485 -21.959066211707 390158.98001
2455565.7895833  18.901113753775 -21.957435953947 390161.49012
2455565.7902778  18.901744123906 -21.955805160775 390164.00026
2455565.7909722  18.902374459113 -21.954173863454 390166.51043
2455565.7916667  18.903004771775 -21.952542046475 390169.02063
2455565.7923611  18.903635061889 -21.950909709918 390171.53087
2455565.7930556  18.904265329445 -21.949276853878 390174.04113
2455565.7937500  18.904895586839 -21.947643462722 390176.55143
2455565.7944444  18.905525809290 -21.946009567884 390179.06175
2455565.7951389  18.906156009175 -21.944375153795 390181.57211
2455565.7958333  18.906786186503 -21.942740220504 390184.08250
2455565.7965278  18.907416353650 -21.941104752387 390186.59292
2455565.7972222  18.908046485836 -21.939468780956 390189.10337
2455565.7979167  18.908676595458 -21.937832290559 390191.61385
2455565.7986111  18.909306682506 -21.936195281282 390194.12436
2455565.7993056  18.909936746969 -21.934557753225 390196.63490
2455565.8000000  18.910566801242 -21.932919690669 390199.14547
2455565.8006944  18.911196820548 -21.931281125228 390201.65607
2455565.8013889  18.911826817268 -21.929642041227 390204.16671
2455565.8020833  18.912456791392 -21.928002438755 390206.67737
2455565.8027778  18.913086742931 -21.926362317860 390209.18806
2455565.8034722  18.913716684257 -21.924721662822 390211.69879
2455565.8041667  18.914346590597 -21.923080505361 390214.20954
2455565.8048611  18.914976474343 -21.921438829710 390216.72032
2455565.8055556  18.915606335486 -21.919796635968 390219.23114
2455565.8062500  18.916236174016 -21.918153924233 390221.74198
2455565.8069444  18.916866002323 -21.916510678671 390224.25286
2455565.8076389  18.917495795638 -21.914866931115 390226.76376
2455565.8083333  18.918125566332 -21.913222665797 390229.27469
2455565.8090278  18.918755314414 -21.911577882763 390231.78566
2455565.8097222  18.919385039876 -21.909932582105 390234.29665
2455565.8104167  18.920014755087 -21.908286748001 390236.80767
2455565.8111111  18.920644435298 -21.906640412324 390239.31873
2455565.8118056  18.921274092881 -21.904993559267 390241.82981
2455565.8125000  18.921903727831 -21.903346188899 390244.34092
2455565.8131944  18.922533352519 -21.901698285355 390246.85206
2455565.8138889  18.923162942196 -21.900049880599 390249.36323
2455565.8145833  18.923792509233 -21.898400958769 390251.87443
2455565.8152778  18.924422053620 -21.896751519966 390254.38566
2455565.8159722  18.925051575368 -21.895101564229 390256.89692
2455565.8166667  18.925681086843 -21.893451075634 390259.40820
2455565.8173611  18.926310563282 -21.891800086314 390261.91952
2455565.8180556  18.926940017074 -21.890148580295 390264.43086
2455565.8187500  18.927569448208 -21.888496557674 390266.94224
2455565.8194444  18.928198856674 -21.886844018548 390269.45364
2455565.8201389  18.928828254860 -21.885190946889 390271.96507
2455565.8208333  18.929457618003 -21.883537374930 390274.47653
2455565.8215278  18.930086958472 -21.881883286700 390276.98802
2455565.8222222  18.930716276275 -21.880228682245 390279.49954
2455565.8229167  18.931345571404 -21.878573561664 390282.01109
2455565.8236111  18.931974856229 -21.876917908904 390284.52266
2455565.8243056  18.932604105993 -21.875261756306 390287.03427
2455565.8250000  18.933233333081 -21.873605087798 390289.54590
2455565.8256944  18.933862537483 -21.871947903476 390292.05756
2455565.8263889  18.934491719190 -21.870290203437 390294.56925
2455565.8270833  18.935120890585 -21.868631971544 390297.08096
2455565.8277778  18.935750026912 -21.866973240240 390299.59271
2455565.8284722  18.936379140536 -21.865313993456 390302.10448
2455565.8291667  18.937008231467 -21.863654231233 390304.61628
2455565.8298611  18.937637312067 -21.861993937448 390307.12811
2455565.8305556  18.938266357583 -21.860333144628 390309.63997
2455565.8312500  18.938895380397 -21.858671836606 390312.15186
2455565.8319444  18.939524380501 -21.857010013478 390314.66377
2455565.8326389  18.940153357890 -21.855347675324 390317.17571
2455565.8333333  18.940782324927 -21.853684805964 390319.68768
2455565.8340278  18.941411256881 -21.852021437980 390322.19968
2455565.8347222  18.942040166112 -21.850357555207 390324.71170
2455565.8354167  18.942669052613 -21.848693157744 390327.22375
2455565.8361111  18.943297916392 -21.847028245623 390329.73583
2455565.8368056  18.943926769809 -21.845362802627 390332.24794
2455565.8375000  18.944555588118 -21.843696861486 390334.76007
2455565.8381944  18.945184383697 -21.842030405932 390337.27223
2455565.8388889  18.945813156538 -21.840363436060 390339.78442
2455565.8395833  18.946441906630 -21.838695951970 390342.29664
2455565.8402778  18.947070646353 -21.837027937322 390344.80888
2455565.8409722  18.947699350961 -21.835359424961 390347.32115
2455565.8416667  18.948328032812 -21.833690398615 390349.83345
2455565.8423611  18.948956691917 -21.832020858329 390352.34577
2455565.8430556  18.949585328268 -21.830350804202 390354.85812
2455565.8437500  18.950213954226 -21.828680219872 390357.37050
2455565.8444444  18.950842545051 -21.827009138299 390359.88290
2455565.8451389  18.951471113119 -21.825337543101 390362.39533
2455565.8458333  18.952099658420 -21.823665434373 390364.90779
2455565.8465278  18.952728193311 -21.821992795740 390367.42028
2455565.8472222  18.953356693072 -21.820319660183 390369.93279
2455565.8479167  18.953985170058 -21.818646011336 390372.44533
2455565.8486111  18.954613624261 -21.816971849293 390374.95789
2455565.8493056  18.955242055691 -21.815297174098 390377.47048
2455565.8500000  18.955870476701 -21.813621969321 390379.98310
2455565.8506944  18.956498862555 -21.811946268105 390382.49574
2455565.8513889  18.957127225628 -21.810270053973 390385.00841
2455565.8520833  18.957755565911 -21.808593327025 390387.52111
2455565.8527778  18.958383883393 -21.806916087353 390390.03383
2455565.8534722  18.959012190448 -21.805238318430 390392.54658
2455565.8541667  18.959640462342 -21.803560053492 390395.05935
2455565.8548611  18.960268711433 -21.801881276056 390397.57215
2455565.8555556  18.960896937715 -21.800201986214 390400.08498
2455565.8562500  18.961525141195 -21.798522184009 390402.59783
2455565.8569444  18.962153334227 -21.796841852910 390405.11070
2455565.8576389  18.962781492078 -21.795161026269 390407.62361
2455565.8583333  18.963409627121 -21.793479687499 390410.13654
2455565.8590278  18.964037739346 -21.791797836704 390412.64949
2455565.8597222  18.964665828745 -21.790115473981 390415.16247
2455565.8604167  18.965293907686 -21.788432582688 390417.67547
2455565.8611111  18.965921951441 -21.786749196280 390420.18851
2455565.8618056  18.966549972361 -21.785065298178 390422.70156
2455565.8625000  18.967177970457 -21.783380888426 390425.21464
2455565.8631944  18.967805958076 -21.781695950402 390427.72775
2455565.8638889  18.968433910501 -21.780010517617 390430.24088
2455565.8645833  18.969061840080 -21.778324573459 390432.75404
2455565.8652778  18.969689746823 -21.776638117967 390435.26722
2455565.8659722  18.970317630722 -21.774951151241 390437.78042
2455565.8666667  18.970945504123 -21.773263656600 390440.29366
2455565.8673611  18.971573342325 -21.771575667631 390442.80691
2455565.8680556  18.972201157673 -21.769887167667 390445.32019
2455565.8687500  18.972828950160 -21.768198156803 390447.83350
2455565.8694444  18.973456719795 -21.766508635079 390450.34683
2455565.8701389  18.974084478925 -21.764818585771 390452.86019
2455565.8708333  18.974712202830 -21.763128042621 390455.37357
2455565.8715278  18.975339903875 -21.761436988848 390457.88697
2455565.8722222  18.975967582052 -21.759745424557 390460.40040
2455565.8729167  18.976595237350 -21.758053349840 390462.91385
2455565.8736111  18.977222882136 -21.756360747860 390465.42733
2455565.8743056  18.977850491690 -21.754667652471 390467.94083
2455565.8750000  18.978478078366 -21.752974046877 390470.45436
2455565.8756944  18.979105642153 -21.751279931176 390472.96791
2455565.8763889  18.979733183062 -21.749585305410 390475.48148
2455565.8770833  18.980360713437 -21.747890152745 390477.99508
2455565.8777778  18.980988208562 -21.746194507137 390480.50871
2455565.8784722  18.981615680802 -21.744498351702 390483.02235
2455565.8791667  18.982243130147 -21.742801686538 390485.53602
2455565.8798611  18.982870568939 -21.741104494772 390488.04972
2455565.8805556  18.983497972486 -21.739406810381 390490.56344
2455565.8812500  18.984125353130 -21.737708616502 390493.07718
2455565.8819444  18.984752710862 -21.736009913230 390495.59094
2455565.8826389  18.985380045693 -21.734310700610 390498.10473
2455565.8833333  18.986007369962 -21.732610961711 390500.61854
2455565.8840278  18.986634658962 -21.730910730673 390503.13238
2455565.8847222  18.987261925052 -21.729209990528 390505.64624
2455565.8854167  18.987889168224 -21.727508741371 390508.16012
2455565.8861111  18.988516388475 -21.725806983280 390510.67403
2455565.8868056  18.989143598143 -21.724104699270 390513.18796
2455565.8875000  18.989770772544 -21.722401923537 390515.70191
2455565.8881944  18.990397924016 -21.720698639113 390518.21588
2455565.8888889  18.991025052549 -21.718994846090 390520.72988
2455565.8895833  18.991652158155 -21.717290544515 390523.24390
2455565.8902778  18.992279253171 -21.715585717349 390525.75795
2455565.8909722  18.992906312894 -21.713880398945 390528.27202
2455565.8916667  18.993533349682 -21.712174572228 390530.78611
2455565.8923611  18.994160363526 -21.710468237293 390533.30022
2455565.8930556  18.994787354416 -21.708761394240 390535.81435
2455565.8937500  18.995414334708 -21.707054025925 390538.32851
2455565.8944444  18.996041279702 -21.705346166804 390540.84269
2455565.8951389  18.996668201742 -21.703637799783 390543.35690
2455565.8958333  18.997295100818 -21.701928924963 390545.87112
2455565.8965278  18.997921989284 -21.700219525158 390548.38537
2455565.8972222  18.998548842444 -21.698509634906 390550.89964
2455565.8979167  18.999175672632 -21.696799237093 390553.41393
2455565.8986111  18.999802479859 -21.695088331760 390555.92825
2455565.8993056  19.000429264116 -21.693376919010 390558.44259
2455565.9000000  19.001056037736 -21.691664981652 390560.95695
2455565.9006944  19.001682776045 -21.689952554283 390563.47133
2455565.9013889  19.002309491376 -21.688239619731 390565.98573
2455565.9020833  19.002936183720 -21.686526178097 390568.50016
2455565.9027778  19.003562853088 -21.684812229418 390571.01460
2455565.9034722  19.004189511811 -21.683097756469 390573.52907
2455565.9041667  19.004816135199 -21.681382793995 390576.04356
2455565.9048611  19.005442735603 -21.679667324716 390578.55807
2455565.9055556  19.006069313013 -21.677951348734 390581.07261
2455565.9062500  19.006695867428 -21.676234866128 390583.58716
2455565.9069444  19.007322411177 -21.674517859612 390586.10174
2455565.9076389  19.007948919593 -21.672800363983 390588.61634
2455565.9083333  19.008575405006 -21.671082361973 390591.13096
2455565.9090278  19.009201867407 -21.669363853670 390593.64560
2455565.9097222  19.009828306805 -21.667644839127 390596.16026
2455565.9104167  19.010454735531 -21.665925301005 390598.67495
2455565.9111111  19.011081128899 -21.664205274257 390601.18965
2455565.9118056  19.011707499257 -21.662484741503 390603.70438
2455565.9125000  19.012333846598 -21.660763702844 390606.21913
2455565.9131944  19.012960183247 -21.659042140904 390608.73389
2455565.9138889  19.013586484543 -21.657320090660 390611.24868
2455565.9145833  19.014212762813 -21.655597534748 390613.76349
2455565.9152778  19.014839018048 -21.653874473271 390616.27832
2455565.9159722  19.015465250259 -21.652150906266 390618.79317
2455565.9166667  19.016091471771 -21.650426816309 390621.30805
2455565.9173611  19.016717657913 -21.648702238517 390623.82294
2455565.9180556  19.017343821009 -21.646977155478 390626.33785
2455565.9187500  19.017969961071 -21.645251567230 390628.85278
2455565.9194444  19.018596078090 -21.643525473878 390631.36774
2455565.9201389  19.019222184390 -21.641798857937 390633.88271
2455565.9208333  19.019848255314 -21.640071754598 390636.39771
2455565.9215278  19.020474303188 -21.638344146390 390638.91272
2455565.9222222  19.021100328002 -21.636616033410 390641.42776
2455565.9229167  19.021726329767 -21.634887415705 390643.94281
2455565.9236111  19.022352320805 -21.633158275744 390646.45789
2455565.9243056  19.022978276444 -21.631428648870 390648.97298
2455565.9250000  19.023604209026 -21.629698517508 390651.48810
2455565.9256944  19.024230118543 -21.627967881760 390654.00323
2455565.9263889  19.024856004991 -21.626236741701 390656.51839
2455565.9270833  19.025481880693 -21.624505079755 390659.03356
2455565.9277778  19.026107720997 -21.622772931309 390661.54876
2455565.9284722  19.026733538226 -21.621040278798 390664.06397
2455565.9291667  19.027359332371 -21.619307122313 390666.57921
2455565.9298611  19.027985115770 -21.617573444183 390669.09446
2455565.9305556  19.028610863758 -21.615839279933 390671.60973
2455565.9312500  19.029236588654 -21.614104611953 390674.12503
2455565.9319444  19.029862290468 -21.612369440288 390676.64034
2455565.9326389  19.030487969193 -21.610633765035 390679.15567
2455565.9333333  19.031113637145 -21.608897568518 390681.67102
2455565.9340278  19.031739269681 -21.607160886318 390684.18639
2455565.9347222  19.032364879120 -21.605423700769 390686.70178
2455565.9354167  19.032990465452 -21.603686011970 390689.21718
2455565.9361111  19.033616028688 -21.601947819967 390691.73261
2455565.9368056  19.034241581145 -21.600209107030 390694.24806
2455565.9375000  19.034867098169 -21.598469908882 390696.76352
2455565.9381944  19.035492592077 -21.596730207803 390699.27900
2455565.9388889  19.036118062879 -21.594990003836 390701.79451
2455565.9395833  19.036743510567 -21.593249297082 390704.31003
2455565.9402778  19.037368947455 -21.591508069767 390706.82557
2455565.9409722  19.037994348905 -21.589766357671 390709.34112
2455565.9416667  19.038619727235 -21.588024143028 390711.85670
2455565.9423611  19.039245082433 -21.586281425935 390714.37230
2455565.9430556  19.039870414511 -21.584538206439 390716.88791
2455565.9437500  19.040495735782 -21.582794466711 390719.40354
2455565.9444444  19.041121021593 -21.581050242692 390721.91919
2455565.9451389  19.041746284277 -21.579305516503 390724.43486
2455565.9458333  19.042371523824 -21.577560288254 390726.95054
2455565.9465278  19.042996752547 -21.575814540069 390729.46625
2455565.9472222  19.043621945815 -21.574068307921 390731.98197
2455565.9479167  19.044247115938 -21.572321573945 390734.49771
2455565.9486111  19.044872262916 -21.570574338221 390737.01347
2455565.9493056  19.045497386740 -21.568826600856 390739.52925
2455565.9500000  19.046122499738 -21.567078343869 390742.04504
2455565.9506944  19.046747577264 -21.565329603387 390744.56085
2455565.9513889  19.047372631628 -21.563580361495 390747.07668
2455565.9520833  19.047997662841 -21.561830618247 390749.59253
2455565.9527778  19.048622670893 -21.560080373733 390752.10839
2455565.9534722  19.049247668095 -21.558329609987 390754.62427
2455565.9541667  19.049872629820 -21.556578363178 390757.14017
2455565.9548611  19.050497568377 -21.554826615347 390759.65609
2455565.9555556  19.051122483758 -21.553074366590 390762.17202
2455565.9562500  19.051747375975 -21.551321616958 390764.68798
2455565.9569444  19.052372257332 -21.549568348424 390767.20394
2455565.9576389  19.052997103197 -21.547814597295 390769.71993
2455565.9583333  19.053621925875 -21.546060345569 390772.23593
2455565.9590278  19.054246725379 -21.544305593281 390774.75195
2455565.9597222  19.054871501700 -21.542550340536 390777.26799
2455565.9604167  19.055496267142 -21.540794569260 390779.78404
2455565.9611111  19.056120997087 -21.539038315823 390782.30011
2455565.9618056  19.056745703841 -21.537281562170 390784.81620
2455565.9625000  19.057370387396 -21.535524308398 390787.33231
2455565.9631944  19.057995060074 -21.533766536339 390789.84843
2455565.9638889  19.058619697242 -21.532008282503 390792.36456
2455565.9645833  19.059244311202 -21.530249528787 390794.88072
2455565.9652778  19.059868901967 -21.528490275241 390797.39689
2455565.9659722  19.060493469527 -21.526730521954 390799.91307
2455565.9666667  19.061118026184 -21.524970250771 390802.42928
2455565.9673611  19.061742547327 -21.523209498244 390804.94550
2455565.9680556  19.062367045257 -21.521448246226 390807.46173
2455565.9687500  19.062991519974 -21.519686494788 390809.97798
2455565.9694444  19.063615971467 -21.517924244040 390812.49425
2455565.9701389  19.064240412058 -21.516161475707 390815.01053
2455565.9708333  19.064864817118 -21.514398226503 390817.52683
2455565.9715278  19.065489198947 -21.512634478226 390820.04315
2455565.9722222  19.066113557558 -21.510870230919 390822.55948
2455565.9729167  19.066737892940 -21.509105484680 390825.07583
2455565.9736111  19.067362217393 -21.507340221249 390827.59219
2455565.9743056  19.067986506312 -21.505574477378 390830.10857
2455565.9750000  19.068610771996 -21.503808234821 390832.62496
2455565.9756944  19.069235014436 -21.502041493672 390835.14137
2455565.9763889  19.069859233642 -21.500274253978 390837.65780
2455565.9770833  19.070483441914 -21.498506497423 390840.17424
2455565.9777778  19.071107614627 -21.496738260921 390842.69070
2455565.9784722  19.071731764101 -21.494969526114 390845.20717
2455565.9791667  19.072355890326 -21.493200293101 390847.72366
2455565.9798611  19.072980005605 -21.491430543511 390850.24016
2455565.9805556  19.073604085319 -21.489660314336 390852.75667
2455565.9812500  19.074228141783 -21.487889587180 390855.27321
2455565.9819444  19.074852174990 -21.486118362137 390857.78975
2455565.9826389  19.075476184930 -21.484346639313 390860.30632
2455565.9833333  19.076100183917 -21.482574400245 390862.82289
2455565.9840278  19.076724147335 -21.480801682030 390865.33949
2455565.9847222  19.077348087481 -21.479028466269 390867.85609
2455565.9854167  19.077972004363 -21.477254753012 390870.37271
2455565.9861111  19.078595897974 -21.475480542352 390872.88935
2455565.9868056  19.079219780606 -21.473705815841 390875.40600
2455565.9875000  19.079843627666 -21.471930610617 390877.92266
2455565.9881944  19.080467451449 -21.470154908235 390880.43934
2455565.9888889  19.081091251950 -21.468378708776 390882.95604
2455565.9895833  19.081715029163 -21.466602012338 390885.47275
2455565.9902778  19.082338795396 -21.464824800367 390887.98947
2455565.9909722  19.082962526042 -21.463047110148 390890.50621
2455565.9916667  19.083586233392 -21.461268923200 390893.02296
2455565.9923611  19.084209917456 -21.459490239559 390895.53972
2455565.9930556  19.084833590525 -21.457711040680 390898.05650
2455565.9937500  19.085457227992 -21.455931363941 390900.57329
2455565.9944444  19.086080842167 -21.454151190756 390903.09010
2455565.9951389  19.086704433041 -21.452370521219 390905.60692
2455565.9958333  19.087328000606 -21.450589355429 390908.12376
2455565.9965278  19.087951557168 -21.448807674740 390910.64060
2455565.9972222  19.088575078126 -21.447025516629 390913.15747
2455565.9979167  19.089198575768 -21.445242862508 390915.67434
2455565.9986111  19.089822050104 -21.443459712424 390918.19123
2455565.9993056  19.090445501126 -21.441676066471 390920.70813
2455566.0000000  19.091068941127 -21.439891905990 390923.22505
2455566.0006944  19.091692345507 -21.438107268562 390925.74198
2455566.0013889  19.092315726573 -21.436322135488 390928.25892
2455566.0020833  19.092939084315 -21.434536506874 390930.77588
2455566.0027778  19.093562418726 -21.432750382818 390933.29285
2455566.0034722  19.094185742109 -21.430963744567 390935.80983
2455566.0041667  19.094809029869 -21.429176629803 390938.32682
2455566.0048611  19.095432294291 -21.427389019839 390940.84383
2455566.0055556  19.096055535385 -21.425600914719 390943.36085
2455566.0062500  19.096678753143 -21.423812314541 390945.87789
2455566.0069444  19.097301959847 -21.422023200564 390948.39493
2455566.0076389  19.097925130925 -21.420233610503 390950.91199
2455566.0083333  19.098548278660 -21.418443525634 390953.42907
2455566.0090278  19.099171403044 -21.416652946045 390955.94615
2455566.0097222  19.099794516377 -21.414861852902 390958.46325
2455566.0104167  19.100417594070 -21.413070284064 390960.98036
2455566.0111111  19.101040648412 -21.411278220737 390963.49748
2455566.0118056  19.101663679393 -21.409485663019 390966.01462
2455566.0125000  19.102286687025 -21.407692610949 390968.53176
2455566.0131944  19.102909683587 -21.405899045700 390971.04892
2455566.0138889  19.103532644493 -21.404105005231 390973.56609
2455566.0145833  19.104155582044 -21.402310470654 390976.08328
2455566.0152778  19.104778496230 -21.400515442074 390978.60047
2455566.0159722  19.105401387042 -21.398719919587 390981.11768
2455566.0166667  19.106024266778 -21.396923884257 390983.63490
2455566.0173611  19.106647110857 -21.395127374141 390986.15213
2455566.0180556  19.107269931556 -21.393330370363 390988.66938
2455566.0187500  19.107892728885 -21.391532872965 390991.18663
2455566.0194444  19.108515502838 -21.389734882048 390993.70390
2455566.0201389  19.109138265694 -21.387936378662 390996.22118
2455566.0208333  19.109760992878 -21.386137400961 390998.73847
2455566.0215278  19.110383696684 -21.384337929968 391001.25577
2455566.0222222  19.111006377104 -21.382537965779 391003.77308
2455566.0229167  19.111629034129 -21.380737508496 391006.29041
2455566.0236111  19.112251680052 -21.378936539077 391008.80774
2455566.0243056  19.112874290300 -21.377135095784 391011.32509
2455566.0250000  19.113496877146 -21.375333159636 391013.84245
2455566.0256944  19.114119440603 -21.373530730685 391016.35982
2455566.0263889  19.114741992941 -21.371727789898 391018.87720
2455566.0270833  19.115364509590 -21.369924375621 391021.39459
2455566.0277778  19.115987002842 -21.368120468779 391023.91199
2455566.0284722  19.116609472689 -21.366316069473 391026.42941
2455566.0291667  19.117231919122 -21.364511177800 391028.94683
2455566.0298611  19.117854354431 -21.362705774634 391031.46426
2455566.0305556  19.118476754049 -21.360899898409 391033.98171
2455566.0312500  19.119099130252 -21.359093530049 391036.49917
2455566.0319444  19.119721483033 -21.357286669648 391039.01663
2455566.0326389  19.120343812403 -21.355479317249 391041.53411
2455566.0333333  19.120966130629 -21.353671453730 391044.05160
2455566.0340278  19.121588413149 -21.351863117629 391046.56910
2455566.0347222  19.122210672252 -21.350054289774 391049.08661
2455566.0354167  19.122832907927 -21.348244970268 391051.60413
