 -3   // //   2  2   2 47   3 17   3 40   3 59   4 28   4 50   5  9   5 26   5 42   5 58   6  7   6 16   6 16   6 20   6 25   6 29   6 33   6 38   6 44   6 49   6 55   7  2   7  9   7 18   7 27   7 38
 -2   // //   2  3   2 48   3 18   3 41   3 59   4 28   4 51   5 10   5 26   5 42   5 59   6  7   6 17   6 17   6 21   6 25   6 29   6 34   6 39   6 44   6 49   6 55   7  2   7  9   7 18   7 27   7 38
 -1   // //   2  4   2 49   3 19   3 42   4  0   4 29   4 51   5 10   5 27   5 43   5 59   6  8   6 17   6 17   6 21   6 25   6 29   6 34   6 39   6 44   6 49   6 56   7  2   7  9   7 18   7 27   7 38
  0   // //   2  6   2 50   3 20   3 43   4  1   4 30   4 52   5 11   5 27   5 43   5 59   6  8   6 17   6 17   6 21   6 25   6 30   6 34   6 39   6 44   6 50   6 56   7  2   7  9   7 18   7 27   7 38
  1   // //   2  7   2 51   3 21   3 43   4  2   4 30   4 52   5 11   5 28   5 44   6  0   6  8   6 17   6 17   6 21   6 25   6 30   6 34   6 39   6 44   6 50   6 56   7  2   7  9   7 17   7 27   7 37
  2    0 17   2  8   2 52   3 22   3 44   4  2   4 31   4 53   5 12   5 28   5 44   6  0   6  9   6 18   6 18   6 21   6 26   6 30   6 34   6 39   6 44   6 50   6 55   7  2   7  9   7 17   7 26   7 37
  3    0 26   2 10   2 53   3 23   3 45   4  3   4 32   4 54   5 12   5 29   5 44   6  0   6  9   6 18   6 18   6 22   6 26   6 30   6 34   6 39   6 44   6 49   6 55   7  2   7  9   7 17   7 26   7 36
  4    0 33   2 12   2 54   3 24   3 46   4  4   4 32   4 54   5 13   5 29   5 45   6  1   6  9   6 18   6 18   6 22   6 26   6 30   6 34   6 39   6 44   6 49   6 55   7  1   7  9   7 16   7 25   7 36
  5    0 40   2 13   2 56   3 25   3 47   4  5   4 33   4 55   5 13   5 29   5 45   6  1   6  9   6 18   6 18   6 22   6 26   6 30   6 34   6 39   6 44   6 49   6 55   7  1   7  8   7 16   7 25   7 35
  6    0 45   2 15   2 57   3 26   3 48   4  6   4 34   4 55   5 14   5 30   5 45   6  1   6  9   6 18   6 18   6 22   6 26   6 30   6 34   6 39   6 44   6 49   6 55   7  1   7  8   7 15   7 24   7 34
  7    0 51   2 17   2 58   3 27   3 49   4  7   4 34   4 56   5 14   5 30   5 46   6  1   6  9   6 18   6 18   6 22   6 26   6 30   6 34   6 38   6 43   6 49   6 54   7  0   7  7   7 15   7 23   7 33
  8    0 56   2 19   3  0   3 28   3 50   4  8   4 35   4 57   5 15   5 31   5 46   6  1   6  9   6 18   6 18   6 22   6 26   6 30   6 34   6 38   6 43   6 48   6 54   7  0   7  7   7 14   7 23   7 33
  9    1  0   2 21   3  1   3 29   3 51   4  8   4 36   4 57   5 15   5 31   5 46   6  1   6  9   6 18   6 18   6 22   6 25   6 29   6 34   6 38   6 43   6 48   6 53   6 59   7  6   7 13   7 22   7 32
 10    1  5   2 23   3  3   3 31   3 52   4  9   4 37   4 58   5 15   5 31   5 46   6  1   6  9   6 18   6 18   6 21   6 25   6 29   6 33   6 38   6 42   6 47   6 53   6 59   7  5   7 13   7 21   7 30
 11    1 10   2 25   3  4   3 32   3 53   4 10   4 37   4 58   5 16   5 32   5 46   6  1   6  9   6 18   6 18   6 21   6 25   6 29   6 33   6 37   6 42   6 47   6 52   6 58   7  5   7 12   7 20   7 29
 12    1 14   2 27   3  6   3 33   3 54   4 11   4 38   4 59   5 16   5 32   5 47   6  1   6  9   6 18   6 18   6 21   6 25   6 29   6 33   6 37   6 41   6 46   6 52   6 57   7  4   7 11   7 19   7 28
 13    1 19   2 29   3  7   3 34   3 55   4 12   4 39   5  0   5 17   5 32   5 47   6  1   6  9   6 17   6 17   6 21   6 24   6 28   6 32   6 36   6 41   6 46   6 51   6 57   7  3   7 10   7 18   7 27
 14    1 23   2 31   3  9   3 36   3 56   4 13   4 40   5  0   5 17   5 33   5 47   6  1   6  9   6 17   6 17   6 21   6 24   6 28   6 32   6 36   6 40   6 45   6 50   6 56   7  2   7  9   7 17   7 25
 15    1 27   2 33   3 11   3 37   3 58   4 14   4 40   5  1   5 18   5 33   5 47   6  1   6  9   6 17   6 17   6 20   6 24   6 27   6 31   6 35   6 40   6 44   6 49   6 55   7  1   7  8   7 15   7 24
 16    1 32   2 36   3 12   3 38   3 59   4 15   4 41   5  1   5 18   5 33   5 47   6  1   6  9   6 17   6 17   6 20   6 23   6 27   6 31   6 35   6 39   6 44   6 49   6 54   7  0   7  7   7 14   7 22
 17    1 36   2 38   3 14   3 40   4  0   4 16   4 42   5  2   5 19   5 33   5 47   6  1   6  9   6 16   6 16   6 20   6 23   6 27   6 30   6 34   6 38   6 43   6 48   6 53   6 59   7  5   7 13   7 21
 18    1 40   2 40   3 16   3 41   4  1   4 17   4 43   5  2   5 19   5 34   5 47   6  1   6  8   6 16   6 16   6 19   6 23   6 26   6 30   6 34   6 38   6 42   6 47   6 52   6 58   7  4   7 11   7 19
 19    1 44   2 42   3 17   3 43   4  2   4 18   4 43   5  3   5 19   5 34   5 47   6  1   6  8   6 16   6 16   6 19   6 22   6 25   6 29   6 33   6 37   6 41   6 46   6 51   6 57   7  3   7 10   7 18
 20    1 48   2 45   3 19   3 44   4  3   4 19   4 44   5  3   5 20   5 34   5 47   6  1   6  8   6 15   6 15   6 18   6 22   6 25   6 28   6 32   6 36   6 40   6 45   6 50   6 55   7  1   7  8   7 16
 21    1 52   2 47   3 21   3 46   4  5   4 20   4 45   5  4   5 20   5 34   5 47   6  1   6  7   6 15   6 15   6 18   6 21   6 24   6 28   6 31   6 35   6 39   6 44   6 49   6 54   7  0   7  6   7 14
 22    1 56   2 50   3 23   3 47   4  6   4 21   4 46   5  5   5 20   5 34   5 47   6  0   6  7   6 14   6 14   6 17   6 20   6 24   6 27   6 31   6 34   6 38   6 43   6 47   6 53   6 58   7  5   7 12
 23    2  0   2 52   3 25   3 48   4  7   4 22   4 46   5  5   5 21   5 34   5 47   6  0   6  7   6 14   6 14   6 17   6 20   6 23   6 26   6 30   6 33   6 37   6 42   6 46   6 51   6 57   7  3   7 10
 24    2  4   2 54   3 26   3 50   4  8   4 23   4 47   5  6   5 21   5 35   5 47   6  0   6  6   6 13   6 13   6 16   6 19   6 22   6 25   6 29   6 32   6 36   6 40   6 45   6 50   6 55   7  1   7  8
 25    2  7   2 57   3 28   3 51   4 10   4 24   4 48   5  6   5 21   5 35   5 47   6  0   6  6   6 13   6 13   6 15   6 18   6 21   6 24   6 28   6 31   6 35   6 39   6 43   6 48   6 53   6 59   7  6
 26    2 11   2 59   3 30   3 53   4 11   4 25   4 49   5  7   5 22   5 35   5 47   5 59   6  5   6 12   6 12   6 15   6 18   6 21   6 24   6 27   6 30   6 34   6 38   6 42   6 47   6 52   6 57   7  4
 27    2 15   3  1   3 32   3 54   4 12   4 27   4 49   5  7   5 22   5 35   5 47   5 59   6  5   6 11   6 11   6 14   6 17   6 20   6 23   6 26   6 29   6 33   6 36   6 41   6 45   6 50   6 55   7  2
 28    2 18   3  4   3 34   3 56   4 13   4 28   4 50   5  8   5 22   5 35   5 47   5 58   6  4   6 11   6 11   6 13   6 16   6 19   6 22   6 25   6 28   6 31   6 35   6 39   6 43   6 48   6 53   6 59
 29    2 22   3  6   3 36   3 57   4 15   4 29   4 51   5  8   5 23   5 35   5 47   5 58   6  4   6 10   6 10   6 13   6 15   6 18   6 21   6 24   6 27   6 30   6 34   6 37   6 42   6 46   6 51   6 57
 30    2 26   3  9   3 37   3 59   4 16   4 30   4 52   5  9   5 23   5 35   5 47   5 58   6  3   6  9   6  9   6 12   6 14   6 17   6 20   6 23   6 26   6 29   6 32   6 36   6 40   6 44   6 49   6 55
 31    2 29   3 11   3 39   4  0   4 17   4 31   4 52   5  9   5 23   5 35   5 46   5 57   6  3   6  8   6  8   6 11   6 13   6 16   6 19   6 21   6 24   6 27   6 31   6 34   6 38   6 42   6 47   6 52
 32    2 33   3 14   3 41   4  2   4 18   4 32   4 53   5 10   5 23   5 35   5 46   5 57   6  2   6  8   6  8   6 10   6 12   6 15   6 17   6 20   6 23   6 26   6 29   6 33   6 36   6 40   6 45   6 50
 33    2 36   3 16   3 43   4  3   4 19   4 33   4 54   5 10   5 23   5 35   5 46   5 56   6  1   6  7   6  7   6  9   6 11   6 14   6 16   6 19   6 22   6 24   6 28   6 31   6 34   6 38   6 42   6 47
 34    2 40   3 18   3 45   4  5   4 21   4 34   4 54   5 10   5 24   5 35   5 46   5 56   6  1   6  6   6  6   6  8   6 10   6 13   6 15   6 18   6 20   6 23   6 26   6 29   6 32   6 36   6 40   6 45
 35    2 43   3 21   3 47   4  6   4 22   4 35   4 55   5 11   5 24   5 35   5 45   5 55   6  0   6  5   6  5   6  7   6  9   6 12   6 14   6 16   6 19   6 21   6 24   6 27   6 30   6 34   6 38   6 42
 36    2 46   3 23   3 49   4  8   4 23   4 36   4 56   5 11   5 24   5 35   5 45   5 55   5 59   6  4   6  4   6  6   6  8   6 10   6 13   6 15   6 17   6 20   6 23   6 25   6 28   6 32   6 35   6 39
 37    2 50   3 25   3 50   4  9   4 24   4 37   4 56   5 12   5 24   5 35   5 45   5 54   5 59   6  3   6  3   6  5   6  7   6  9   6 11   6 14   6 16   6 18   6 21   6 23   6 26   6 29   6 33   6 37
 38    2 53   3 28   3 52   4 11   4 26   4 38   4 57   5 12   5 24   5 35   5 44   5 53   5 58   6  2   6  2   6  4   6  6   6  8   6 10   6 12   6 14   6 17   6 19   6 22   6 24   6 27   6 30   6 34
 39    2 56   3 30   3 54   4 12   4 27   4 39   4 58   5 12   5 24   5 35   5 44   5 53   5 57   6  1   6  1   6  3   6  5   6  7   6  9   6 11   6 13   6 15   6 17   6 20   6 22   6 25   6 28   6 31
 40    2 59   3 32   3 56   4 14   4 28   4 40   4 58   5 13   5 24   5 35   5 44   5 52   5 56   6  0   6  0   6  2   6  4   6  6   6  7   6  9   6 11   6 13   6 15   6 18   6 20   6 22   6 25   6 28
 41    3  3   3 35   3 58   4 15   4 29   4 41   4 59   5 13   5 25   5 34   5 43   5 51   5 55   5 59   5 59   6  1   6  3   6  4   6  6   6  8   6 10   6 11   6 13   6 15   6 18   6 20   6 23   6 25
 42    3  6   3 37   3 59   4 17   4 30   4 42   5  0   5 13   5 25   5 34   5 43   5 51   5 54   5 58   5 58   6  0   6  1   6  3   6  5   6  6   6  8   6 10   6 12   6 13   6 15   6 18   6 20   6 22
 43    3  9   3 39   4  1   4 18   4 32   4 43   5  0   5 14   5 25   5 34   5 42   5 50   5 54   5 57   5 57   5 59   6  0   6  2   6  3   6  5   6  6   6  8   6 10   6 11   6 13   6 15   6 17   6 19
 44    3 12   3 42   4  3   4 20   4 33   4 44   5  1   5 14   5 25   5 34   5 42   5 49   5 53   5 56   5 56   5 57   5 59   6  0   6  2   6  3   6  5   6  6   6  8   6  9   6 11   6 13   6 14   6 16
 45    3 15   3 44   4  5   4 21   4 34   4 45   5  1   5 14   5 25   5 34   5 41   5 48   5 52   5 55   5 55   5 56   5 58   5 59   6  0   6  1   6  3   6  4   6  6   6  7   6  8   6 10   6 12   6 13
 46    3 18   3 46   4  7   4 22   4 35   4 46   5  2   5 15   5 25   5 33   5 41   5 48   5 51   5 54   5 54   5 55   5 56   5 57   5 59   6  0   6  1   6  2   6  3   6  5   6  6   6  7   6  9   6 10
 47    3 21   3 48   4  8   4 24   4 36   4 46   5  3   5 15   5 25   5 33   5 40   5 47   5 50   5 53   5 53   5 54   5 55   5 56   5 57   5 58   5 59   6  0   6  1   6  3   6  4   6  5   6  6   6  7
 48    3 24   3 51   4 10   4 25   4 37   4 47   5  3   5 15   5 25   5 33   5 40   5 46   5 49   5 51   5 51   5 52   5 53   5 54   5 55   5 56   5 57   5 58   5 59   6  0   6  1   6  2   6  3   6  4
 49    3 27   3 53   4 12   4 27   4 39   4 48   5  4   5 15   5 25   5 33   5 39   5 45   5 48   5 50   5 50   5 51   5 52   5 53   5 54   5 55   5 56   5 56   5 57   5 58   5 59   5 59   6  0   6  1
 50    3 30   3 55   4 14   4 28   4 40   4 49   5  4   5 16   5 25   5 32   5 39   5 44   5 47   5 49   5 49   5 50   5 51   5 51   5 52   5 53   5 54   5 54   5 55   5 56   5 56   5 57   5 57   5 58
 51    3 32   3 57   4 15   4 29   4 41   4 50   5  5   5 16   5 25   5 32   5 38   5 43   5 46   5 48   5 48   5 48   5 49   5 50   5 51   5 51   5 52   5 52   5 53   5 53   5 54   5 54   5 54   5 54
 52    3 35   3 59   4 17   4 31   4 42   4 51   5  5   5 16   5 25   5 32   5 38   5 42   5 44   5 46   5 46   5 47   5 48   5 48   5 49   5 49   5 50   5 50   5 51   5 51   5 51   5 51   5 51   5 51
 53    3 38   4  1   4 19   4 32   4 43   4 52   5  6   5 16   5 25   5 31   5 37   5 41   5 43   5 45   5 45   5 46   5 46   5 47   5 47   5 48   5 48   5 48   5 48   5 48   5 48   5 48   5 48   5 48
 54    3 41   4  4   4 20   4 34   4 44   4 53   5  6   5 17   5 25   5 31   5 36   5 40   5 42   5 44   5 44   5 44   5 45   5 45   5 45   5 46   5 46   5 46   5 46   5 46   5 46   5 45   5 45   5 44
 55    3 43   4  6   4 22   4 35   4 45   4 54   5  7   5 17   5 25   5 31   5 36   5 40   5 41   5 42   5 42   5 43   5 43   5 43   5 44   5 44   5 44   5 44   5 44   5 44   5 43   5 43   5 42   5 41
 56    3 46   4  8   4 24   4 36   4 46   4 54   5  7   5 17   5 24   5 30   5 35   5 39   5 40   5 41   5 41   5 41   5 42   5 42   5 42   5 42   5 42   5 42   5 41   5 41   5 40   5 40   5 39   5 37
 57    3 49   4 10   4 25   4 37   4 47   4 55   5  8   5 17   5 24   5 30   5 34   5 38   5 39   5 40   5 40   5 40   5 40   5 40   5 40   5 40   5 40   5 40   5 39   5 38   5 38   5 37   5 35   5 34
 58    3 51   4 12   4 27   4 39   4 48   4 56   5  8   5 17   5 24   5 30   5 34   5 37   5 38   5 38   5 38   5 38   5 38   5 38   5 38   5 38   5 38   5 37   5 37   5 36   5 35   5 34   5 32   5 30
 59    3 54   4 14   4 29   4 40   4 49   4 57   5  9   5 17   5 24   5 29   5 33   5 36   5 36   5 37   5 37   5 37   5 37   5 37   5 36   5 36   5 36   5 35   5 34   5 33   5 32   5 31   5 29   5 27
 60    3 57   4 16   4 30   4 41   4 50   4 58   5  9   5 18   5 24   5 29   5 32   5 34   5 35   5 35   5 35   5 35   5 35   5 35   5 35   5 34   5 34   5 33   5 32   5 31   5 29   5 28   5 26   5 23
 61    3 59   4 18   4 32   4 43   4 51   4 59   5 10   5 18   5 24   5 28   5 32   5 33   5 34   5 34   5 34   5 34   5 33   5 33   5 33   5 32   5 31   5 31   5 29   5 28   5 27   5 25   5 22   5 19
 62    4  2   4 20   4 33   4 44   4 52   4 59   5 10   5 18   5 24   5 28   5 31   5 32   5 33   5 32   5 32   5 32   5 32   5 31   5 31   5 30   5 29   5 28   5 27   5 25   5 24   5 21   5 19   5 16
 63    4  4   4 22   4 35   4 45   4 53   5  0   5 10   5 18   5 23   5 27   5 30   5 31   5 31   5 31   5 31   5 31   5 30   5 30   5 29   5 28   5 27   5 26   5 24   5 23   5 21   5 18   5 15   5 12
 64    4  7   4 24   4 36   4 46   4 54   5  1   5 11   5 18   5 23   5 27   5 29   5 30   5 30   5 29   5 29   5 29   5 28   5 28   5 27   5 26   5 25   5 24   5 22   5 20   5 18   5 15   5 12   5  8
 65    4  9   4 26   4 38   4 48   4 55   5  2   5 11   5 18   5 23   5 26   5 29   5 29   5 29   5 28   5 28   5 27   5 27   5 26   5 25   5 24   5 23   5 21   5 19   5 17   5 15   5 12   5  9   5  4
 66    4 12   4 28   4 39   4 49   4 56   5  2   5 12   5 18   5 23   5 26   5 28   5 28   5 27   5 26   5 26   5 26   5 25   5 24   5 23   5 22   5 20   5 19   5 17   5 15   5 12   5  9   5  5   5  1
 67    4 14   4 29   4 41   4 50   4 57   5  3   5 12   5 18   5 23   5 26   5 27   5 27   5 26   5 25   5 25   5 24   5 23   5 22   5 21   5 20   5 18   5 16   5 14   5 12   5  9   5  6   5  2   4 57
 68    4 16   4 31   4 42   4 51   4 58   5  4   5 12   5 18   5 22   5 25   5 26   5 26   5 25   5 23   5 23   5 22   5 21   5 20   5 19   5 18   5 16   5 14   5 12   5  9   5  6   5  2   4 58   4 53
 69    4 19   4 33   4 44   4 52   4 59   5  5   5 13   5 18   5 22   5 24   5 25   5 25   5 23   5 22   5 22   5 21   5 20   5 18   5 17   5 15   5 14   5 12   5  9   5  6   5  3   4 59   4 54   4 49
 70    4 21   4 35   4 45   4 54   5  0   5  5   5 13   5 19   5 22   5 24   5 25   5 23   5 22   5 20   5 20   5 19   5 18   5 17   5 15   5 13   5 11   5  9   5  6   5  3   5  0   4 56   4 51   4 45
 71    4 23   4 37   4 47   4 55   5  1   5  6   5 14   5 19   5 22   5 23   5 24   5 22   5 21   5 19   5 19   5 17   5 16   5 15   5 13   5 11   5  9   5  7   5  4   5  1   4 57   4 52   4 47   4 41
 72    4 26   4 39   4 48   4 56   5  2   5  7   5 14   5 19   5 22   5 23   5 23   5 21   5 19   5 17   5 17   5 16   5 14   5 13   5 11   5  9   5  7   5  4   5  1   4 58   4 54   4 49   4 43   4 37
 73    4 28   4 40   4 50   4 57   5  3   5  7   5 14   5 19   5 21   5 22   5 22   5 20   5 18   5 15   5 15   5 14   5 13   5 11   5  9   5  7   5  4   5  2   4 58   4 55   4 51   4 46   4 40   4 33
 74    4 30   4 42   4 51   4 58   5  4   5  8   5 15   5 19   5 21   5 22   5 21   5 19   5 17   5 14   5 14   5 12   5 11   5  9   5  7   5  5   5  2   4 59   4 56   4 52   4 47   4 42   4 36   4 29
 75    4 32   4 44   4 53   4 59   5  5   5  9   5 15   5 19   5 21   5 21   5 20   5 17   5 15   5 12   5 12   5 11   5  9   5  7   5  5   5  2   5  0   4 56   4 53   4 49   4 44   4 39   4 32   4 24
 76    4 35   4 46   4 54   5  0   5  5   5  9   5 15   5 19   5 20   5 21   5 19   5 16   5 14   5 10   5 10   5  9   5  7   5  5   5  3   5  0   4 57   4 54   4 50   4 46   4 41   4 35   4 28   4 20
 77    4 37   4 47   4 55   5  2   5  6   5 10   5 15   5 19   5 20   5 20   5 19   5 15   5 12   5  9   5  9   5  7   5  5   5  3   5  1   4 58   4 55   4 51   4 47   4 43   4 38   4 32   4 25   4 16
 78    4 39   4 49   4 57   5  3   5  7   5 11   5 16   5 19   5 20   5 20   5 18   5 14   5 11   5  7   5  7   5  5   5  3   5  1   4 58   4 56   4 52   4 49   4 45   4 40   4 34   4 28   4 21   4 12
 79    4 41   4 51   4 58   5  4   5  8   5 11   5 16   5 19   5 20   5 19   5 17   5 13   5  9   5  5   5  5   5  4   5  1   4 59   4 56   4 53   4 50   4 46   4 42   4 37   4 31   4 25   4 17   4  7
 80    4 43   4 53   5  0   5  5   5  9   5 12   5 16   5 19   5 19   5 18   5 16   5 11   5  8   5  4   5  4   5  2   4 59   4 57   4 54   4 51   4 48   4 44   4 39   4 34   4 28   4 21   4 13   4  3
 81    4 45   4 54   5  1   5  6   5 10   5 13   5 17   5 19   5 19   5 18   5 15   5 10   5  7   5  2   5  2   5  0   4 58   4 55   4 52   4 49   4 45   4 41   4 36   4 31   4 25   4 17   4  9   3 58
 82    4 47   4 56   5  2   5  7   5 11   5 13   5 17   5 19   5 19   5 17   5 14   5  9   5  5   5  0   5  0   4 58   4 56   4 53   4 50   4 46   4 43   4 38   4 33   4 28   4 21   4 14   4  5   3 54
 83    4 50   4 58   5  4   5  8   5 11   5 14   5 17   5 19   5 18   5 17   5 13   5  8   5  4   4 59   4 59   4 56   4 54   4 51   4 48   4 44   4 40   4 36   4 31   4 25   4 18   4 10   4  1   3 49
 84    4 52   4 59   5  5   5  9   5 12   5 15   5 18   5 19   5 18   5 16   5 12   5  6   5  2   4 57   4 57   4 55   4 52   4 49   4 46   4 42   4 38   4 33   4 28   4 22   4 15   4  6   3 57   3 45
 85    4 54   5  1   5  6   5 10   5 13   5 15   5 18   5 19   5 18   5 15   5 11   5  5   5  1   4 55   4 55   4 53   4 50   4 47   4 43   4 40   4 35   4 30   4 25   4 18   4 11   4  3   3 52   3 40
 86    4 56   5  3   5  8   5 11   5 14   5 16   5 18   5 19   5 17   5 15   5 11   5  4   4 59   4 54   4 54   4 51   4 48   4 45   4 41   4 37   4 33   4 28   4 22   4 15   4  8   3 59   3 48   3 35
 87    4 58   5  4   5  9   5 12   5 15   5 16   5 18   5 18   5 17   5 14   5 10   5  3   4 58   4 52   4 52   4 49   4 46   4 43   4 39   4 35   4 30   4 25   4 19   4 12   4  4   3 55   3 44   3 31
 88    5  0   5  6   5 10   5 13   5 16   5 17   5 19   5 18   5 17   5 14   5  9   5  1   4 56   4 50   4 50   4 47   4 44   4 41   4 37   4 32   4 28   4 22   4 16   4  9   4  1   3 51   3 40   3 26
 89    5  2   5  7   5 11   5 14   5 16   5 18   5 19   5 18   5 17   5 13   5  8   5  0   4 55   4 49   4 49   4 46   4 42   4 39   4 35   4 30   4 25   4 19   4 13   4  6   3 57   3 47   3 35   3 21
 90    5  4   5  9   5 13   5 15   5 17   5 18   5 19   5 18   5 16   5 12   5  7   4 59   4 53   4 47   4 47   4 44   4 40   4 37   4 32   4 28   4 23   4 17   4 10   4  2   3 54   3 43   3 31   3 16
 91    5  6   5 10   5 14   5 16   5 18   5 19   5 19   5 18   5 16   5 12   5  6   4 58   4 52   4 45   4 45   4 42   4 38   4 34   4 30   4 25   4 20   4 14   4  7   3 59   3 50   3 39   3 26   3 11
 92    5  8   5 12   5 15   5 17   5 19   5 19   5 20   5 18   5 16   5 11   5  5   4 56   4 50   4 43   4 43   4 40   4 36   4 32   4 28   4 23   4 17   4 11   4  4   3 56   3 47   3 35   3 22   3  5
 93    5  9   5 14   5 16   5 18   5 19   5 20   5 20   5 18   5 15   5 11   5  4   4 55   4 49   4 42   4 42   4 38   4 34   4 30   4 26   4 21   4 15   4  8   4  1   3 53   3 43   3 31   3 17   3  0
 94    5 11   5 15   5 18   5 19   5 20   5 21   5 20   5 18   5 15   5 10   5  3   4 54   4 48   4 40   4 40   4 36   4 32   4 28   4 23   4 18   4 12   4  6   3 58   3 49   3 39   3 27   3 13   2 55
 95    5 13   5 17   5 19   5 20   5 21   5 21   5 20   5 18   5 15   5  9   5  2   4 53   4 46   4 38   4 38   4 35   4 31   4 26   4 21   4 16   4 10   4  3   3 55   3 46   3 36   3 23   3  8   2 49
 96    5 15   5 18   5 20   5 21   5 22   5 22   5 21   5 18   5 14   5  9   5  1   4 51   4 45   4 36   4 36   4 33   4 29   4 24   4 19   4 13   4  7   4  0   3 52   3 43   3 32   3 19   3  3   2 43
 97    5 17   5 20   5 21   5 22   5 22   5 22   5 21   5 18   5 14   5  8   5  1   4 50   4 43   4 35   4 35   4 31   4 27   4 22   4 17   4 11   4  5   3 57   3 49   3 39   3 28   3 15   2 58   2 38
 98    5 19   5 21   5 23   5 23   5 23   5 23   5 21   5 18   5 14   5  8   5  0   4 49   4 42   4 33   4 33   4 29   4 25   4 20   4 15   4  9   4  2   3 54   3 46   3 36   3 24   3 10   2 53   2 32
 99    5 21   5 23   5 24   5 24   5 24   5 23   5 21   5 18   5 13   5  7   4 59   4 48   4 40   4 31   4 31   4 27   4 23   4 18   4 12   4  6   3 59   3 52   3 43   3 33   3 21   3  6   2 48   2 25
100    5 23   5 24   5 25   5 25   5 25   5 24   5 22   5 18   5 13   5  6   4 58   4 46   4 39   4 30   4 30   4 25   4 21   4 16   4 10   4  4   3 57   3 49   3 40   3 29   3 17   3  2   2 43   2 19
101    5 24   5 26   5 26   5 26   5 25   5 25   5 22   5 18   5 13   5  6   4 57   4 45   4 37   4 28   4 28   4 24   4 19   4 14   4  8   4  1   3 54   3 46   3 37   3 26   3 13   2 57   2 38   2 13
102    5 26   5 27   5 27   5 27   5 26   5 25   5 22   5 18   5 12   5  5   4 56   4 44   4 36   4 26   4 26   4 22   4 17   4 12   4  6   3 59   3 52   3 43   3 33   3 22   3  9   2 53   2 33   2  6
103    5 28   5 29   5 29   5 28   5 27   5 26   5 22   5 18   5 12   5  5   4 55   4 43   4 34   4 25   4 25   4 20   4 15   4  9   4  3   3 57   3 49   3 40   3 30   3 19   3  5   2 48   2 27   1 59
104    5 30   5 30   5 30   5 29   5 28   5 26   5 23   5 18   5 12   5  4   4 54   4 41   4 33   4 23   4 23   4 18   4 13   4  7   4  1   3 54   3 46   3 37   3 27   3 15   3  1   2 44   2 22   1 51
105    5 32   5 32   5 31   5 30   5 28   5 27   5 23   5 18   5 11   5  4   4 54   4 40   4 32   4 21   4 21   4 16   4 11   4  5   3 59   3 52   3 44   3 35   3 24   3 12   2 57   2 39   2 16   1 43
106    5 34   5 33   5 32   5 31   5 29   5 27   5 23   5 18   5 11   5  3   4 53   4 39   4 30   4 20   4 20   4 15   4  9   4  3   3 57   3 49   3 41   3 32   3 21   3  8   2 53   2 34   2 10   1 35
107    5 35   5 34   5 33   5 32   5 30   5 28   5 23   5 18   5 11   5  2   4 52   4 38   4 29   4 18   4 18   4 13   4  7   4  1   3 54   3 47   3 38   3 29   3 18   3  5   2 49   2 29   2  4   1 26
108    5 37   5 36   5 34   5 33   5 31   5 28   5 24   5 18   5 11   5  2   4 51   4 37   4 27   4 16   4 16   4 11   4  5   3 59   3 52   3 45   3 36   3 26   3 14   3  1   2 45   2 24   1 57   1 16
109    5 39   5 37   5 36   5 34   5 31   5 29   5 24   5 18   5 10   5  1   4 50   4 35   4 26   4 15   4 15   4  9   4  4   3 57   3 50   3 42   3 33   3 23   3 11   2 57   2 40   2 19   1 51   1  5
110    5 41   5 39   5 37   5 34   5 32   5 30   5 24   5 18   5 10   5  1   4 49   4 34   4 25   4 13   4 13   4  8   4  2   3 55   3 48   3 40   3 31   3 20   3  8   2 54   2 36   2 14   1 44   0 52
111    5 42   5 40   5 38   5 35   5 33   5 30   5 24   5 18   5 10   5  0   4 49   4 33   4 23   4 11   4 11   4  6   4  0   3 53   3 46   3 37   3 28   3 17   3  5   2 50   2 32   2  9   1 37   0 34
112    5 44   5 42   5 39   5 36   5 34   5 31   5 25   5 18   5  9   5  0   4 48   4 32   4 22   4 10   4 10   4  4   3 58   3 51   3 43   3 35   3 25   3 14   3  2   2 46   2 28   2  3   1 29  // //
113    5 46   5 43   5 40   5 37   5 34   5 31   5 25   5 18   5  9   4 59   4 47   4 31   4 20   4  8   4  8   4  2   3 56   3 49   3 41   3 33   3 23   3 11   2 58   2 42   2 23   1 58   1 20  // //
114    5 47   5 44   5 41   5 38   5 35   5 32   5 25   5 18   5  9   4 59   4 46   4 30   4 19   4  6   4  6   4  1   3 54   3 47   3 39   3 30   3 20   3  9   2 55   2 39   2 18   1 52   1 11  // //
115    5 49   5 46   5 42   5 39   5 36   5 32   5 25   5 18   5  9   4 58   4 45   4 28   4 18   4  5   4  5   3 59   3 52   3 45   3 37   3 28   3 18   3  6   2 52   2 35   2 14   1 46   1  1  // //
116    5 51   5 47   5 43   5 40   5 36   5 33   5 26   5 18   5  9   4 58   4 45   4 27   4 16   4  3   4  3   3 57   3 50   3 43   3 35   3 25   3 15   3  3   2 48   2 31   2  9   1 39   0 49  // //
117    5 52   5 48   5 45   5 41   5 37   5 33   5 26   5 18   5  8   4 57   4 44   4 26   4 15   4  2   4  2   3 55   3 49   3 41   3 33   3 23   3 12   3  0   2 45   2 27   2  4   1 33   0 33  // //
118    5 54   5 50   5 46   5 42   5 38   5 34   5 26   5 18   5  8   4 57   4 43   4 25   4 14   4  0   4  0   3 54   3 47   3 39   3 31   3 21   3 10   2 57   2 42   2 23   1 59   1 26  // //  // //
119    5 56   5 51   5 47   5 43   5 39   5 35   5 26   5 18   5  8   4 56   4 42   4 24   4 13   3 59   3 59   3 52   3 45   3 37   3 28   3 18   3  7   2 54   2 38   2 19   1 54   1 18  // //  // //
120    5 57   5 52   5 48   5 43   5 39   5 35   5 27   5 18   5  8   4 56   4 42   4 23   4 11   3 57   3 57   3 51   3 43   3 35   3 26   3 16   3  5   2 51   2 35   2 15   1 49   1 10  // //  // //
121    5 59   5 54   5 49   5 44   5 40   5 36   5 27   5 18   5  7   4 55   4 41   4 22   4 10   3 56   3 56   3 49   3 42   3 33   3 24   3 14   3  2   2 48   2 32   2 11   1 44   1  1  // //  // //
122    6  1   5 55   5 50   5 45   5 41   5 36   5 27   5 18   5  7   4 55   4 40   4 21   4  9   3 54   3 54   3 47   3 40   3 31   3 22   3 11   2 59   2 45   2 28   2  7   1 38   0 51  // //  // //
123    6  2   5 56   5 51   5 46   5 41   5 37   5 28   5 18   5  7   4 55   4 40   4 20   4  8   3 53   3 53   3 46   3 38   3 30   3 20   3  9   2 57   2 42   2 25   2  3   1 33   0 39  // //  // //
124    6  4   5 58   5 52   5 47   5 42   5 37   5 28   5 18   5  7   4 54   4 39   4 19   4  6   3 51   3 51   3 44   3 36   3 28   3 18   3  7   2 54   2 39   2 21   1 58   1 27   0 21  // //  // //
125    6  5   5 59   5 53   5 48   5 43   5 38   5 28   5 18   5  7   4 54   4 38   4 18   4  5   3 50   3 50   3 43   3 35   3 26   3 16   3  5   2 52   2 36   2 18   1 54   1 20  // //  // //  // //
126    6  7   6  0   5 54   5 49   5 43   5 38   5 28   5 18   5  7   4 53   4 38   4 17   4  4   3 48   3 48   3 41   3 33   3 24   3 14   3  2   2 49   2 33   2 14   1 49   1 13  // //  // //  // //
127    6  8   6  1   5 55   5 50   5 44   5 39   5 29   5 18   5  6   4 53   4 37   4 16   4  3   3 47   3 47   3 40   3 31   3 22   3 12   3  0   2 47   2 30   2 11   1 45   1  6  // //  // //  // //
128    6 10   6  3   5 56   5 50   5 45   5 40   5 29   5 18   5  6   4 53   4 36   4 15   4  2   3 46   3 46   3 38   3 30   3 20   3 10   2 58   2 44   2 28   2  7   1 40   0 58  // //  // //  // //
129    6 12   6  4   5 57   5 51   5 46   5 40   5 29   5 18   5  6   4 52   4 36   4 14   4  1   3 44   3 44   3 37   3 28   3 19   3  8   2 56   2 42   2 25   2  4   1 35   0 49  // //  // //  // //
130    6 13   6  5   5 58   5 52   5 46   5 41   5 30   5 18   5  6   4 52   4 35   4 13   4  0   3 43   3 43   3 35   3 26   3 17   3  6   2 54   2 39   2 22   2  0   1 31   0 39  // //  // //  // //
131    6 14   6  6   5 59   5 53   5 47   5 41   5 30   5 18   5  6   4 52   4 35   4 13   3 59   3 42   3 42   3 34   3 25   3 15   3  4   2 51   2 37   2 19   1 56   1 25   0 25  // //  // //  // //
132    6 16   6  8   6  0   5 54   5 48   5 42   5 30   5 19   5  6   4 51   4 34   4 12   3 58   3 40   3 40   3 32   3 23   3 13   3  2   2 49   2 34   2 16   1 53   1 20  // //  // //  // //  // //
133    6 17   6  9   6  1   5 55   5 48   5 42   5 31   5 19   5  6   4 51   4 34   4 11   3 57   3 39   3 39   3 31   3 22   3 12   3  0   2 47   2 32   2 13   1 49   1 15  // //  // //  // //  // //
134    6 19   6 10   6  2   5 55   5 49   5 43   5 31   5 19   5  6   4 51   4 33   4 10   3 56   3 38   3 38   3 30   3 20   3 10   2 58   2 45   2 29   2 10   1 45   1  9  // //  // //  // //  // //
135    6 20   6 11   6  3   5 56   5 50   5 43   5 31   5 19   5  6   4 51   4 33   4  9   3 55   3 37   3 37   3 28   3 19   3  9   2 57   2 43   2 27   2  7   1 41   1  3  // //  // //  // //  // //
136    6 22   6 12   6  4   5 57   5 50   5 44   5 31   5 19   5  6   4 50   4 32   4  9   3 54   3 36   3 36   3 27   3 18   3  7   2 55   2 41   2 24   2  4   1 37   0 56  // //  // //  // //  // //
137    6 23   6 13   6  5   5 58   5 51   5 44   5 32   5 19   5  5   4 50   4 32   4  8   3 53   3 34   3 34   3 26   3 16   3  5   2 53   2 39   2 22   2  1   1 34   0 49  // //  // //  // //  // //
138    6 24   6 15   6  6   5 59   5 52   5 45   5 32   5 19   5  5   4 50   4 31   4  7   3 52   3 33   3 33   3 24   3 15   3  4   2 51   2 37   2 20   1 58   1 30   0 40  // //  // //  // //  // //
139    6 26   6 16   6  7   5 59   5 52   5 45   5 32   5 19   5  5   4 50   4 31   4  6   3 51   3 32   3 32   3 23   3 13   3  2   2 50   2 35   2 17   1 55   1 26   0 30  // //  // //  // //  // //
140    6 27   6 17   6  8   6  0   5 53   5 46   5 33   5 20   5  5   4 49   4 30   4  6   3 50   3 31   3 31   3 22   3 12   3  1   2 48   2 33   2 15   1 53   1 21   0 16  // //  // //  // //  // //
141    6 28   6 18   6  9   6  1   5 54   5 47   5 33   5 20   5  5   4 49   4 30   4  5   3 49   3 30   3 30   3 21   3 11   2 59   2 46   2 31   2 13   1 50   1 17  // //  // //  // //  // //  // //
142    6 30   6 19   6 10   6  2   5 54   5 47   5 33   5 20   5  5   4 49   4 30   4  5   3 49   3 29   3 29   3 20   3 10   2 58   2 45   2 29   2 11   1 47   1 13  // //  // //  // //  // //  // //
143    6 31   6 20   6 11   6  2   5 55   5 48   5 34   5 20   5  5   4 49   4 29   4  4   3 48   3 28   3 28   3 19   3  8   2 57   2 43   2 27   2  8   1 44   1  8  // //  // //  // //  // //  // //
144    6 32   6 21   6 12   6  3   5 55   5 48   5 34   5 20   5  5   4 49   4 29   4  3   3 47   3 27   3 27   3 18   3  7   2 55   2 42   2 26   2  6   1 41   1  4  // //  // //  // //  // //  // //
145    6 33   6 22   6 12   6  4   5 56   5 49   5 34   5 20   5  5   4 49   4 29   4  3   3 46   3 26   3 26   3 17   3  6   2 54   2 40   2 24   2  4   1 38   0 59  // //  // //  // //  // //  // //
146    6 34   6 23   6 13   6  5   5 57   5 49   5 35   5 21   5  6   4 49   4 28   4  2   3 46   3 25   3 25   3 16   3  5   2 53   2 39   2 22   2  2   1 35   0 54  // //  // //  // //  // //  // //
147    6 36   6 24   6 14   6  5   5 57   5 50   5 35   5 21   5  6   4 48   4 28   4  2   3 45   3 25   3 25   3 15   3  4   2 52   2 37   2 21   2  0   1 33   0 49  // //  // //  // //  // //  // //
148    6 37   6 25   6 15   6  6   5 58   5 50   5 35   5 21   5  6   4 48   4 28   4  1   3 45   3 24   3 24   3 14   3  3   2 51   2 36   2 19   1 58   1 30   0 43  // //  // //  // //  // //  // //
149    6 38   6 26   6 16   6  7   5 58   5 51   5 36   5 21   5  6   4 48   4 28   4  1   3 44   3 23   3 23   3 13   3  2   2 49   2 35   2 17   1 56   1 27   0 37  // //  // //  // //  // //  // //
150    6 39   6 27   6 16   6  7   5 59   5 51   5 36   5 21   5  6   4 48   4 27   4  1   3 43   3 22   3 22   3 12   3  1   2 48   2 34   2 16   1 54   1 24   0 29  // //  // //  // //  // //  // //
151    6 40   6 28   6 17   6  8   5 59   5 52   5 36   5 22   5  6   4 48   4 27   4  0   3 43   3 22   3 22   3 12   3  0   2 47   2 32   2 15   1 52   1 22   0 20  // //  // //  // //  // //  // //
152    6 41   6 28   6 18   6  9   6  0   5 52   5 37   5 22   5  6   4 48   4 27   4  0   3 42   3 21   3 21   3 11   2 59   2 46   2 31   2 13   1 50   1 19   0  2  // //  // //  // //  // //  // //
153    6 42   6 29   6 19   6  9   6  1   5 52   5 37   5 22   5  6   4 48   4 27   3 59   3 42   3 20   3 20   3 10   2 59   2 45   2 30   2 12   1 49   1 17  // //  // //  // //  // //  // //  // //
154    6 43   6 30   6 19   6 10   6  1   5 53   5 37   5 22   5  6   4 48   4 27   3 59   3 42   3 20   3 20   3  9   2 58   2 45   2 29   2 11   1 47   1 14  // //  // //  // //  // //  // //  // //
155    6 44   6 31   6 20   6 10   6  2   5 53   5 38   5 22   5  6   4 48   4 27   3 59   3 41   3 19   3 19   3  9   2 57   2 44   2 28   2  9   1 45   1 11  // //  // //  // //  // //  // //  // //
156    6 45   6 32   6 21   6 11   6  2   5 54   5 38   5 23   5  6   4 48   4 27   3 59   3 41   3 19   3 19   3  8   2 56   2 43   2 27   2  8   1 44   1  9  // //  // //  // //  // //  // //  // //
157    6 45   6 32   6 21   6 11   6  3   5 54   5 38   5 23   5  7   4 48   4 26   3 58   3 41   3 18   3 18   3  8   2 56   2 42   2 26   2  7   1 43   1  7  // //  // //  // //  // //  // //  // //
158    6 46   6 33   6 22   6 12   6  3   5 55   5 39   5 23   5  7   4 48   4 26   3 58   3 40   3 18   3 18   3  7   2 55   2 42   2 26   2  6   1 41   1  4  // //  // //  // //  // //  // //  // //
159    6 47   6 34   6 22   6 12   6  3   5 55   5 39   5 23   5  7   4 48   4 26   3 58   3 40   3 18   3 18   3  7   2 55   2 41   2 25   2  5   1 40   1  2  // //  // //  // //  // //  // //  // //
160    6 48   6 34   6 23   6 13   6  4   5 55   5 39   5 24   5  7   4 48   4 26   3 58   3 40   3 17   3 17   3  7   2 54   2 40   2 24   2  4   1 39   1  0  // //  // //  // //  // //  // //  // //
161    6 48   6 35   6 24   6 13   6  4   5 56   5 40   5 24   5  7   4 49   4 26   3 58   3 40   3 17   3 17   3  6   2 54   2 40   2 24   2  4   1 38   0 58  // //  // //  // //  // //  // //  // //
162    6 49   6 36   6 24   6 14   6  5   5 56   5 40   5 24   5  7   4 49   4 26   3 58   3 39   3 17   3 17   3  6   2 54   2 40   2 23   2  3   1 37   0 56  // //  // //  // //  // //  // //  // //
163    6 50   6 36   6 24   6 14   6  5   5 57   5 40   5 24   5  8   4 49   4 26   3 58   3 39   3 17   3 17   3  6   2 53   2 39   2 23   2  2   1 36   0 54  // //  // //  // //  // //  // //  // //
164    6 50   6 37   6 25   6 15   6  5   5 57   5 41   5 25   5  8   4 49   4 27   3 58   3 39   3 16   3 16   3  5   2 53   2 39   2 22   2  2   1 35   0 52  // //  // //  // //  // //  // //  ++ ++
165    6 51   6 37   6 25   6 15   6  6   5 57   5 41   5 25   5  8   4 49   4 27   3 58   3 39   3 16   3 16   3  5   2 53   2 39   2 22   2  1   1 34   0 50  // //  // //  // //  // //  // //  ++ ++
166    6 51   6 38   6 26   6 16   6  6   5 57   5 41   5 25   5  8   4 49   4 27   3 58   3 39   3 16   3 16   3  5   2 53   2 38   2 22   2  1   1 34   0 49  // //  // //  // //  // //  // //  ++ ++
167    6 52   6 38   6 26   6 16   6  7   5 58   5 41   5 25   5  8   4 49   4 27   3 58   3 39   3 16   3 16   3  5   2 53   2 38   2 21   2  0   1 33   0 48  // //  // //  // //  // //  // //  ++ ++
168    6 52   6 38   6 27   6 16   6  7   5 58   5 42   5 25   5  8   4 50   4 27   3 58   3 39   3 16   3 16   3  5   2 53   2 38   2 21   2  0   1 33   0 47  // //  // //  // //  // //  // //  ++ ++
169    6 53   6 39   6 27   6 17   6  7   5 58   5 42   5 26   5  9   4 50   4 27   3 58   3 39   3 16   3 16   3  5   2 53   2 38   2 21   2  0   1 32   0 46  // //  // //  // //  // //  // //  ++ ++
170    6 53   6 39   6 27   6 17   6  7   5 59   5 42   5 26   5  9   4 50   4 27   3 58   3 40   3 16   3 16   3  5   2 53   2 38   2 21   2  0   1 32   0 46  // //  // //  // //  // //  // //  ++ ++
171    6 53   6 39   6 27   6 17   6  8   5 59   5 42   5 26   5  9   4 50   4 27   3 58   3 40   3 16   3 16   3  5   2 53   2 38   2 21   2  0   1 32   0 45  // //  // //  // //  // //  // //  ++ ++
172    6 54   6 40   6 28   6 17   6  8   5 59   5 43   5 26   5  9   4 50   4 28   3 59   3 40   3 17   3 17   3  6   2 53   2 38   2 21   2  0   1 32   0 45  // //  // //  // //  // //  // //  ++ ++
173    6 54   6 40   6 28   6 18   6  8   5 59   5 43   5 27   5 10   4 51   4 28   3 59   3 40   3 17   3 17   3  6   2 53   2 39   2 22   2  1   1 33   0 45  // //  // //  // //  // //  // //  ++ ++
174    6 54   6 40   6 28   6 18   6  8   6  0   5 43   5 27   5 10   4 51   4 28   3 59   3 40   3 17   3 17   3  6   2 53   2 39   2 22   2  1   1 33   0 46  // //  // //  // //  // //  // //  ++ ++
175    6 54   6 40   6 28   6 18   6  8   6  0   5 43   5 27   5 10   4 51   4 28   3 59   3 41   3 17   3 17   3  6   2 54   2 39   2 22   2  1   1 33   0 47  // //  // //  // //  // //  // //  ++ ++
176    6 54   6 40   6 28   6 18   6  9   6  0   5 43   5 27   5 10   4 51   4 29   4  0   3 41   3 18   3 18   3  7   2 54   2 40   2 23   2  2   1 34   0 48  // //  // //  // //  // //  // //  ++ ++
177    6 54   6 40   6 28   6 18   6  9   6  0   5 44   5 27   5 10   4 52   4 29   4  0   3 41   3 18   3 18   3  7   2 55   2 40   2 23   2  2   1 35   0 49  // //  // //  // //  // //  // //  ++ ++
178    6 54   6 40   6 29   6 18   6  9   6  0   5 44   5 28   5 11   4 52   4 29   4  0   3 42   3 19   3 19   3  8   2 55   2 41   2 24   2  3   1 35   0 50  // //  // //  // //  // //  // //  ++ ++
179    6 54   6 40   6 29   6 18   6  9   6  0   5 44   5 28   5 11   4 52   4 30   4  1   3 42   3 19   3 19   3  8   2 56   2 41   2 24   2  4   1 36   0 52  // //  // //  // //  // //  // //  ++ ++
180    6 54   6 40   6 29   6 18   6  9   6  0   5 44   5 28   5 11   4 52   4 30   4  1   3 43   3 20   3 20   3  9   2 56   2 42   2 25   2  4   1 37   0 54  // //  // //  // //  // //  // //  ++ ++
181    6 54   6 40   6 28   6 18   6  9   6  0   5 44   5 28   5 11   4 53   4 30   4  1   3 43   3 20   3 20   3  9   2 57   2 43   2 26   2  5   1 38   0 56  // //  // //  // //  // //  // //  ++ ++
182    6 54   6 40   6 28   6 18   6  9   6  0   5 44   5 28   5 12   4 53   4 31   4  2   3 43   3 21   3 21   3 10   2 57   2 43   2 27   2  6   1 40   0 58  // //  // //  // //  // //  // //  // //
183    6 53   6 40   6 28   6 18   6  9   6  1   5 44   5 28   5 12   4 53   4 31   4  2   3 44   3 21   3 21   3 10   2 58   2 44   2 27   2  7   1 41   1  0  // //  // //  // //  // //  // //  // //
184    6 53   6 40   6 28   6 18   6  9   6  1   5 44   5 29   5 12   4 53   4 31   4  3   3 44   3 22   3 22   3 11   2 59   2 45   2 28   2  8   1 42   1  2  // //  // //  // //  // //  // //  // //
185    6 53   6 39   6 28   6 18   6  9   6  1   5 45   5 29   5 12   4 54   4 32   4  3   3 45   3 23   3 23   3 12   3  0   2 46   2 29   2 10   1 44   1  5  // //  // //  // //  // //  // //  // //
186    6 52   6 39   6 28   6 18   6  9   6  0   5 45   5 29   5 12   4 54   4 32   4  4   3 46   3 23   3 23   3 13   3  0   2 47   2 30   2 11   1 45   1  7  // //  // //  // //  // //  // //  // //
187    6 52   6 39   6 28   6 18   6  9   6  0   5 45   5 29   5 13   4 54   4 32   4  4   3 46   3 24   3 24   3 13   3  1   2 48   2 32   2 12   1 47   1 10  // //  // //  // //  // //  // //  // //
188    6 51   6 38   6 27   6 18   6  9   6  0   5 45   5 29   5 13   4 55   4 33   4  5   3 47   3 25   3 25   3 14   3  2   2 49   2 33   2 13   1 49   1 13  // //  // //  // //  // //  // //  // //
189    6 51   6 38   6 27   6 17   6  9   6  0   5 45   5 29   5 13   4 55   4 33   4  5   3 48   3 25   3 25   3 15   3  3   2 50   2 34   2 15   1 51   1 15  // //  // //  // //  // //  // //  // //
190    6 50   6 38   6 27   6 17   6  8   6  0   5 45   5 29   5 13   4 55   4 34   4  6   3 48   3 26   3 26   3 16   3  4   2 51   2 35   2 16   1 52   1 18  // //  // //  // //  // //  // //  // //
191    6 50   6 37   6 26   6 17   6  8   6  0   5 45   5 29   5 13   4 55   4 34   4  6   3 49   3 27   3 27   3 17   3  5   2 52   2 36   2 18   1 54   1 21  // //  // //  // //  // //  // //  // //
192    6 49   6 37   6 26   6 17   6  8   6  0   5 45   5 30   5 14   4 56   4 34   4  7   3 50   3 28   3 28   3 18   3  6   2 53   2 38   2 19   1 56   1 24  // //  // //  // //  // //  // //  // //
193    6 48   6 36   6 25   6 16   6  8   6  0   5 45   5 30   5 14   4 56   4 35   4  8   3 50   3 29   3 29   3 19   3  7   2 54   2 39   2 21   1 58   1 27  // //  // //  // //  // //  // //  // //
194    6 48   6 35   6 25   6 16   6  7   6  0   5 45   5 30   5 14   4 56   4 35   4  8   3 51   3 30   3 30   3 20   3  8   2 56   2 41   2 23   2  0   1 30   0 26  // //  // //  // //  // //  // //
195    6 47   6 35   6 25   6 15   6  7   5 59   5 44   5 30   5 14   4 57   4 36   4  9   3 52   3 31   3 31   3 21   3 10   2 57   2 42   2 24   2  2   1 33   0 36  // //  // //  // //  // //  // //
196    6 46   6 34   6 24   6 15   6  7   5 59   5 44   5 30   5 14   4 57   4 36   4 10   3 53   3 32   3 32   3 22   3 11   2 58   2 43   2 26   2  5   1 36   0 44  // //  // //  // //  // //  // //
197    6 45   6 33   6 23   6 15   6  6   5 59   5 44   5 30   5 14   4 57   4 37   4 10   3 53   3 33   3 33   3 23   3 12   2 59   2 45   2 28   2  7   1 39   0 51  // //  // //  // //  // //  // //
198    6 44   6 33   6 23   6 14   6  6   5 59   5 44   5 30   5 15   4 58   4 37   4 11   3 54   3 34   3 34   3 24   3 13   3  1   2 47   2 30   2  9   1 42   0 57  // //  // //  // //  // //  // //
199    6 43   6 32   6 22   6 14   6  6   5 58   5 44   5 30   5 15   4 58   4 38   4 12   3 55   3 35   3 35   3 25   3 14   3  2   2 48   2 32   2 11   1 45   1  3  // //  // //  // //  // //  // //
200    6 42   6 31   6 22   6 13   6  5   5 58   5 44   5 30   5 15   4 58   4 38   4 12   3 56   3 36   3 36   3 26   3 16   3  4   2 50   2 33   2 13   1 47   1  8  // //  // //  // //  // //  // //
201    6 41   6 30   6 21   6 12   6  5   5 58   5 44   5 30   5 15   4 58   4 39   4 13   3 57   3 37   3 37   3 27   3 17   3  5   2 51   2 35   2 16   1 50   1 13  // //  // //  // //  // //  // //
202    6 40   6 29   6 20   6 12   6  4   5 57   5 43   5 30   5 15   4 59   4 39   4 14   3 58   3 38   3 38   3 29   3 18   3  6   2 53   2 37   2 18   1 53   1 18  // //  // //  // //  // //  // //
203    6 39   6 28   6 19   6 11   6  4   5 57   5 43   5 30   5 15   4 59   4 39   4 14   3 59   3 39   3 39   3 30   3 20   3  8   2 55   2 39   2 20   1 56   1 22  // //  // //  // //  // //  // //
204    6 38   6 28   6 19   6 11   6  3   5 56   5 43   5 30   5 15   4 59   4 40   4 15   3 59   3 40   3 40   3 31   3 21   3  9   2 56   2 41   2 23   1 59   1 27  // //  // //  // //  // //  // //
205    6 37   6 27   6 18   6 10   6  3   5 56   5 43   5 30   5 15   5  0   4 40   4 16   4  0   3 41   3 41   3 32   3 22   3 11   2 58   2 43   2 25   2  2   1 31   0 21  // //  // //  // //  // //
206    6 35   6 26   6 17   6  9   6  2   5 55   5 43   5 29   5 16   5  0   4 41   4 17   4  1   3 42   3 42   3 33   3 24   3 12   3  0   2 45   2 27   2  5   1 35   0 38  // //  // //  // //  // //
207    6 34   6 24   6 16   6  9   6  2   5 55   5 42   5 29   5 16   5  0   4 41   4 17   4  2   3 43   3 43   3 35   3 25   3 14   3  1   2 47   2 30   2  8   1 39   0 49  // //  // //  // //  // //
208    6 33   6 23   6 15   6  8   6  1   5 54   5 42   5 29   5 16   5  0   4 42   4 18   4  3   3 45   3 45   3 36   3 26   3 16   3  3   2 49   2 32   2 11   1 43   0 57  // //  // //  // //  // //
209    6 31   6 22   6 14   6  7   6  0   5 54   5 42   5 29   5 16   5  1   4 42   4 19   4  4   3 46   3 46   3 37   3 28   3 17   3  5   2 51   2 34   2 14   1 47   1  5  // //  // //  // //  // //
210    6 30   6 21   6 13   6  6   6  0   5 53   5 41   5 29   5 16   5  1   4 43   4 20   4  5   3 47   3 47   3 38   3 29   3 19   3  7   2 53   2 37   2 17   1 51   1 12  // //  // //  // //  // //
211    6 29   6 20   6 12   6  5   5 59   5 53   5 41   5 29   5 16   5  1   4 43   4 20   4  6   3 48   3 48   3 40   3 31   3 20   3  9   2 55   2 39   2 20   1 55   1 18  // //  // //  // //  // //
212    6 27   6 19   6 11   6  5   5 58   5 52   5 41   5 29   5 16   5  1   4 44   4 21   4  7   3 49   3 49   3 41   3 32   3 22   3 10   2 57   2 41   2 23   1 58   1 24  // //  // //  // //  // //
213    6 26   6 17   6 10   6  4   5 58   5 52   5 40   5 29   5 16   5  1   4 44   4 22   4  8   3 50   3 50   3 42   3 33   3 23   3 12   2 59   2 44   2 25   2  2   1 29  // //  // //  // //  // //
214    6 24   6 16   6  9   6  3   5 57   5 51   5 40   5 28   5 16   5  2   4 45   4 23   4  9   3 52   3 52   3 44   3 35   3 25   3 14   3  1   2 46   2 28   2  6   1 34   0 30  // //  // //  // //
215    6 23   6 15   6  8   6  2   5 56   5 50   5 39   5 28   5 16   5  2   4 45   4 23   4  9   3 53   3 53   3 45   3 36   3 27   3 16   3  3   2 49   2 31   2  9   1 39   0 45  // //  // //  // //
216    6 21   6 13   6  7   6  1   5 55   5 50   5 39   5 28   5 16   5  2   4 45   4 24   4 10   3 54   3 54   3 46   3 38   3 28   3 17   3  5   2 51   2 34   2 13   1 44   0 56  // //  // //  // //
217    6 19   6 12   6  6   6  0   5 54   5 49   5 38   5 28   5 16   5  2   4 46   4 25   4 11   3 55   3 55   3 48   3 39   3 30   3 19   3  7   2 53   2 37   2 16   1 49   1  6  // //  // //  // //
218    6 18   6 11   6  4   5 59   5 53   5 48   5 38   5 27   5 16   5  2   4 46   4 25   4 12   3 56   3 56   3 49   3 41   3 31   3 21   3  9   2 56   2 39   2 19   1 53   1 14  // //  // //  // //
219    6 16   6  9   6  3   5 58   5 53   5 48   5 38   5 27   5 16   5  3   4 47   4 26   4 13   3 57   3 57   3 50   3 42   3 33   3 23   3 11   2 58   2 42   2 23   1 58   1 21  // //  // //  // //
220    6 14   6  8   6  2   5 57   5 52   5 47   5 37   5 27   5 16   5  3   4 47   4 27   4 14   3 59   3 59   3 51   3 43   3 35   3 25   3 13   3  0   2 45   2 26   2  2   1 27  // //  // //  // //
221    6 12   6  6   6  1   5 56   5 51   5 46   5 37   5 27   5 16   5  3   4 48   4 28   4 15   4  0   4  0   3 53   3 45   3 36   3 26   3 15   3  3   2 48   2 29   2  6   1 34   0 18  // //  // //
222    6 11   6  5   5 59   5 55   5 50   5 45   5 36   5 26   5 16   5  3   4 48   4 28   4 16   4  1   4  1   3 54   3 46   3 38   3 28   3 17   3  5   2 50   2 32   2 10   1 39   0 42  // //  // //
223    6  9   6  3   5 58   5 53   5 49   5 44   5 35   5 26   5 15   5  3   4 48   4 29   4 17   4  2   4  2   3 55   3 48   3 39   3 30   3 19   3  7   2 53   2 36   2 14   1 45   0 55  // //  // //
224    6  7   6  2   5 57   5 52   5 48   5 44   5 35   5 26   5 15   5  3   4 49   4 30   4 18   4  3   4  3   3 57   3 49   3 41   3 32   3 21   3  9   2 55   2 39   2 18   1 50   1  6  // //  // //
225    6  5   6  0   5 55   5 51   5 47   5 43   5 34   5 25   5 15   5  4   4 49   4 31   4 19   4  5   4  5   3 58   3 51   3 43   3 34   3 23   3 12   2 58   2 42   2 22   1 55   1 15  // //  // //
226    6  3   5 58   5 54   5 50   5 46   5 42   5 34   5 25   5 15   5  4   4 50   4 31   4 20   4  6   4  6   3 59   3 52   3 44   3 35   3 25   3 14   3  1   2 45   2 25   2  0   1 23  // //  // //
227    6  1   5 57   5 53   5 49   5 45   5 41   5 33   5 25   5 15   5  4   4 50   4 32   4 21   4  7   4  7   4  1   3 54   3 46   3 37   3 27   3 16   3  3   2 48   2 29   2  5   1 30  // //  // //
228    5 59   5 55   5 51   5 47   5 44   5 40   5 33   5 24   5 15   5  4   4 50   4 33   4 22   4  8   4  8   4  2   3 55   3 47   3 39   3 29   3 18   3  6   2 51   2 33   2 10   1 37   0 29  // //
229    5 57   5 53   5 50   5 46   5 43   5 39   5 32   5 24   5 15   5  4   4 51   4 34   4 23   4  9   4  9   4  3   3 56   3 49   3 41   3 31   3 21   3  8   2 54   2 36   2 14   1 43   0 49  // //
230    5 55   5 52   5 48   5 45   5 42   5 38   5 31   5 24   5 15   5  4   4 51   4 34   4 24   4 11   4 11   4  5   3 58   3 51   3 42   3 33   3 23   3 11   2 57   2 40   2 18   1 49   1  2  // //
231    5 53   5 50   5 47   5 44   5 41   5 37   5 31   5 23   5 14   5  4   4 52   4 35   4 24   4 12   4 12   4  6   3 59   3 52   3 44   3 35   3 25   3 13   3  0   2 43   2 23   1 55   1 12  // //
232    5 51   5 48   5 45   5 42   5 39   5 36   5 30   5 23   5 14   5  4   4 52   4 36   4 25   4 13   4 13   4  7   4  1   3 54   3 46   3 37   3 27   3 16   3  2   2 46   2 27   2  1   1 22  // //
233    5 49   5 46   5 44   5 41   5 38   5 35   5 29   5 22   5 14   5  4   4 52   4 36   4 26   4 14   4 14   4  8   4  2   3 55   3 48   3 39   3 29   3 18   3  5   2 50   2 31   2  6   1 30  // //
234    5 47   5 44   5 42   5 40   5 37   5 34   5 29   5 22   5 14   5  4   4 53   4 37   4 27   4 15   4 15   4 10   4  4   3 57   3 49   3 41   3 32   3 21   3  8   2 53   2 35   2 11   1 38   0 24
235    5 45   5 43   5 41   5 38   5 36   5 33   5 28   5 21   5 14   5  5   4 53   4 38   4 28   4 16   4 16   4 11   4  5   3 58   3 51   3 43   3 34   3 23   3 11   2 56   2 39   2 16   1 45   0 47
236    5 42   5 41   5 39   5 37   5 35   5 32   5 27   5 21   5 14   5  5   4 53   4 38   4 29   4 17   4 17   4 12   4  6   4  0   3 53   3 45   3 36   3 26   3 14   2 59   2 42   2 21   1 51   1  2
237    5 40   5 39   5 37   5 36   5 34   5 31   5 26   5 20   5 13   5  5   4 54   4 39   4 30   4 19   4 19   4 13   4  8   4  1   3 55   3 47   3 38   3 28   3 16   3  3   2 46   2 25   1 57   1 14
238    5 38   5 37   5 36   5 34   5 32   5 30   5 26   5 20   5 13   5  5   4 54   4 40   4 31   4 20   4 20   4 15   4  9   4  3   3 56   3 49   3 40   3 30   3 19   3  6   2 50   2 30   2  3   1 24
239    5 36   5 35   5 34   5 33   5 31   5 29   5 25   5 19   5 13   5  5   4 54   4 40   4 32   4 21   4 21   4 16   4 11   4  5   3 58   3 50   3 42   3 33   3 22   3  9   2 53   2 34   2  9   1 33
240    5 33   5 33   5 32   5 31   5 30   5 28   5 24   5 19   5 13   5  5   4 55   4 41   4 32   4 22   4 22   4 17   4 12   4  6   4  0   3 52   3 44   3 35   3 24   3 12   2 57   2 38   2 14   1 41
241    5 31   5 31   5 31   5 30   5 29   5 27   5 23   5 18   5 12   5  5   4 55   4 42   4 33   4 23   4 23   4 18   4 13   4  8   4  1   3 54   3 46   3 37   3 27   3 15   3  0   2 42   2 20   1 48
242    5 29   5 29   5 29   5 28   5 27   5 26   5 23   5 18   5 12   5  5   4 55   4 42   4 34   4 24   4 24   4 20   4 15   4  9   4  3   3 56   3 48   3 39   3 29   3 18   3  4   2 47   2 25   1 55
243    5 26   5 27   5 27   5 27   5 26   5 25   5 22   5 17   5 12   5  5   4 56   4 43   4 35   4 25   4 25   4 21   4 16   4 11   4  5   3 58   3 50   3 42   3 32   3 20   3  7   2 51   2 30   2  2
244    5 24   5 25   5 26   5 25   5 25   5 24   5 21   5 17   5 12   5  5   4 56   4 44   4 36   4 26   4 26   4 22   4 17   4 12   4  6   4  0   3 52   3 44   3 34   3 23   3 10   2 54   2 35   2  8
245    5 22   5 23   5 24   5 24   5 23   5 23   5 20   5 16   5 11   5  5   4 56   4 44   4 37   4 28   4 28   4 23   4 19   4 13   4  8   4  1   3 54   3 46   3 37   3 26   3 14   2 58   2 39   2 14
246    5 19   5 21   5 22   5 22   5 22   5 22   5 19   5 16   5 11   5  5   4 56   4 45   4 38   4 29   4 29   4 24   4 20   4 15   4  9   4  3   3 56   3 48   3 39   3 29   3 17   3  2   2 44   2 20
247    5 17   5 19   5 20   5 21   5 21   5 20   5 18   5 15   5 11   5  5   4 57   4 46   4 38   4 30   4 30   4 26   4 21   4 16   4 11   4  5   3 58   3 51   3 42   3 32   3 20   3  6   2 48   2 26
248    5 14   5 17   5 18   5 19   5 19   5 19   5 18   5 15   5 10   5  5   4 57   4 46   4 39   4 31   4 31   4 27   4 23   4 18   4 13   4  7   4  0   3 53   3 44   3 35   3 23   3  9   2 53   2 31
249    5 12   5 15   5 17   5 18   5 18   5 18   5 17   5 14   5 10   5  5   4 57   4 47   4 40   4 32   4 32   4 28   4 24   4 19   4 14   4  8   4  2   3 55   3 47   3 37   3 26   3 13   2 57   2 36
250    5  9   5 13   5 15   5 16   5 17   5 17   5 16   5 14   5 10   5  5   4 57   4 47   4 41   4 33   4 33   4 29   4 25   4 21   4 16   4 10   4  4   3 57   3 49   3 40   3 29   3 16   3  1   2 41
251    5  7   5 11   5 13   5 14   5 15   5 16   5 15   5 13   5 10   5  5   4 58   4 48   4 42   4 34   4 34   4 30   4 26   4 22   4 17   4 12   4  6   3 59   3 51   3 43   3 32   3 20   3  5   2 46
252    5  4   5  8   5 11   5 13   5 14   5 14   5 14   5 12   5  9   5  5   4 58   4 49   4 43   4 35   4 35   4 32   4 28   4 24   4 19   4 14   4  8   4  1   3 54   3 45   3 35   3 23   3  9   2 51
253    5  2   5  6   5  9   5 11   5 13   5 13   5 13   5 12   5  9   5  5   4 58   4 49   4 43   4 36   4 36   4 33   4 29   4 25   4 20   4 15   4 10   4  3   3 56   3 48   3 38   3 27   3 13   2 56
254    4 59   5  4   5  7   5 10   5 11   5 12   5 12   5 11   5  9   5  5   4 59   4 50   4 44   4 37   4 37   4 34   4 30   4 26   4 22   4 17   4 12   4  6   3 58   3 50   3 41   3 30   3 17   3  0
255    4 57   5  2   5  5   5  8   5 10   5 11   5 11   5 11   5  8   5  4   4 59   4 51   4 45   4 38   4 38   4 35   4 32   4 28   4 24   4 19   4 14   4  8   4  1   3 53   3 44   3 33   3 21   3  5
256    4 54   5  0   5  4   5  6   5  8   5 10   5 11   5 10   5  8   5  4   4 59   4 51   4 46   4 39   4 39   4 36   4 33   4 29   4 25   4 21   4 15   4 10   4  3   3 56   3 47   3 37   3 24   3  9
257    4 52   4 57   5  2   5  5   5  7   5  8   5 10   5  9   5  8   5  4   4 59   4 52   4 47   4 40   4 40   4 37   4 34   4 31   4 27   4 22   4 17   4 12   4  5   3 58   3 50   3 40   3 28   3 14
258    4 49   4 55   5  0   5  3   5  5   5  7   5  9   5  9   5  7   5  4   5  0   4 52   4 47   4 41   4 41   4 39   4 35   4 32   4 28   4 24   4 19   4 14   4  8   4  1   3 52   3 43   3 32   3 18
259    4 46   4 53   4 58   5  1   5  4   5  6   5  8   5  8   5  7   5  4   5  0   4 53   4 48   4 42   4 42   4 40   4 37   4 33   4 30   4 26   4 21   4 16   4 10   4  3   3 55   3 46   3 35   3 22
260    4 44   4 51   4 56   5  0   5  3   5  5   5  7   5  8   5  7   5  4   5  0   4 53   4 49   4 43   4 43   4 41   4 38   4 35   4 31   4 27   4 23   4 18   4 12   4  6   3 58   3 49   3 39   3 26
261    4 41   4 49   4 54   4 58   5  1   5  3   5  6   5  7   5  6   5  4   5  0   4 54   4 50   4 44   4 44   4 42   4 39   4 36   4 33   4 29   4 25   4 20   4 14   4  8   4  1   3 52   3 42   3 30
262    4 38   4 46   4 52   4 56   5  0   5  2   5  5   5  6   5  6   5  4   5  0   4 55   4 51   4 45   4 45   4 43   4 40   4 37   4 34   4 30   4 26   4 22   4 16   4 10   4  3   3 55   3 46   3 34
263    4 36   4 44   4 50   4 55   4 58   5  1   5  4   5  6   5  6   5  4   5  1   4 55   4 51   4 46   4 46   4 44   4 42   4 39   4 36   4 32   4 28   4 24   4 19   4 13   4  6   3 58   3 49   3 38
264    4 33   4 42   4 48   4 53   4 57   5  0   5  3   5  5   5  5   5  4   5  1   4 56   4 52   4 47   4 47   4 45   4 43   4 40   4 37   4 34   4 30   4 26   4 21   4 15   4  9   4  1   3 52   3 42
265    4 30   4 39   4 46   4 51   4 55   4 58   5  2   5  4   5  5   5  4   5  1   4 56   4 53   4 49   4 49   4 46   4 44   4 41   4 39   4 35   4 32   4 28   4 23   4 18   4 11   4  4   3 56   3 46
266    4 28   4 37   4 44   4 50   4 54   4 57   5  1   5  4   5  5   5  4   5  1   4 57   4 54   4 50   4 50   4 48   4 45   4 43   4 40   4 37   4 34   4 30   4 25   4 20   4 14   4  7   3 59   3 49
267    4 25   4 35   4 42   4 48   4 52   4 56   5  0   5  3   5  4   5  4   5  2   4 58   4 54   4 51   4 51   4 49   4 47   4 44   4 42   4 39   4 35   4 32   4 27   4 22   4 17   4 10   4  2   3 53
268    4 22   4 32   4 40   4 46   4 51   4 54   5  0   5  3   5  4   5  4   5  2   4 58   4 55   4 52   4 52   4 50   4 48   4 45   4 43   4 40   4 37   4 33   4 29   4 25   4 19   4 13   4  6   3 57
269    4 19   4 30   4 38   4 44   4 49   4 53   4 59   5  2   5  3   5  4   5  2   4 59   4 56   4 53   4 53   4 51   4 49   4 47   4 44   4 42   4 39   4 35   4 31   4 27   4 22   4 16   4  9   4  0
270    4 17   4 28   4 36   4 43   4 48   4 52   4 58   5  1   5  3   5  3   5  2   4 59   4 57   4 54   4 54   4 52   4 50   4 48   4 46   4 43   4 41   4 37   4 34   4 29   4 24   4 19   4 12   4  4
271    4 14   4 25   4 34   4 41   4 46   4 51   4 57   5  1   5  3   5  3   5  3   5  0   4 58   4 55   4 55   4 53   4 51   4 49   4 47   4 45   4 42   4 39   4 36   4 32   4 27   4 22   4 15   4  7
272    4 11   4 23   4 32   4 39   4 45   4 49   4 56   5  0   5  2   5  3   5  3   5  0   4 58   4 56   4 56   4 54   4 53   4 51   4 49   4 47   4 44   4 41   4 38   4 34   4 30   4 24   4 18   4 11
273    4  8   4 21   4 30   4 38   4 43   4 48   4 55   4 59   5  2   5  3   5  3   5  1   4 59   4 56   4 56   4 55   4 54   4 52   4 50   4 48   4 46   4 43   4 40   4 36   4 32   4 27   4 21   4 14
274    4  5   4 18   4 28   4 36   4 42   4 47   4 54   4 59   5  2   5  3   5  3   5  2   5  0   4 57   4 57   4 56   4 55   4 53   4 52   4 50   4 47   4 45   4 42   4 38   4 35   4 30   4 24   4 18
275    4  3   4 16   4 26   4 34   4 40   4 45   4 53   4 58   5  1   5  3   5  3   5  2   5  1   4 58   4 58   4 57   4 56   4 55   4 53   4 51   4 49   4 47   4 44   4 41   4 37   4 33   4 27   4 21
276    4  0   4 14   4 24   4 32   4 39   4 44   4 52   4 57   5  1   5  3   5  4   5  3   5  1   4 59   4 59   4 58   4 57   4 56   4 55   4 53   4 51   4 49   4 46   4 43   4 39   4 35   4 30   4 25
277    3 57   4 11   4 22   4 31   4 37   4 43   4 51   4 57   5  1   5  3   5  4   5  3   5  2   5  0   5  0   5  0   4 59   4 57   4 56   4 54   4 53   4 50   4 48   4 45   4 42   4 38   4 33   4 28
278    3 54   4  9   4 20   4 29   4 36   4 42   4 50   4 56   5  0   5  3   5  4   5  4   5  3   5  1   5  1   5  1   5  0   4 59   4 57   4 56   4 54   4 52   4 50   4 47   4 44   4 41   4 36   4 31
279    3 51   4  7   4 18   4 27   4 34   4 40   4 49   4 56   5  0   5  3   5  4   5  4   5  4   5  2   5  2   5  2   5  1   5  0   4 59   4 57   4 56   4 54   4 52   4 50   4 47   4 43   4 39   4 35
280    3 48   4  4   4 16   4 25   4 33   4 39   4 48   4 55   5  0   5  3   5  5   5  5   5  4   5  3   5  3   5  3   5  2   5  1   5  0   4 59   4 58   4 56   4 54   4 52   4 49   4 46   4 42   4 38
281    3 45   4  2   4 14   4 24   4 32   4 38   4 48   4 54   4 59   5  3   5  5   5  6   5  5   5  4   5  4   5  4   5  3   5  3   5  2   5  1   4 59   4 58   4 56   4 54   4 52   4 49   4 45   4 41
282    3 42   3 59   4 12   4 22   4 30   4 37   4 47   4 54   4 59   5  3   5  5   5  6   5  6   5  5   5  5   5  5   5  4   5  4   5  3   5  2   5  1   5  0   4 58   4 56   4 54   4 51   4 48   4 44
283    3 39   3 57   4 10   4 20   4 29   4 35   4 46   4 53   4 59   5  3   5  5   5  7   5  7   5  6   5  6   5  6   5  6   5  5   5  4   5  4   5  3   5  1   5  0   4 58   4 56   4 54   4 51   4 48
284    3 37   3 55   4  8   4 19   4 27   4 34   4 45   4 53   4 58   5  3   5  6   5  7   5  8   5  7   5  7   5  7   5  7   5  6   5  6   5  5   5  4   5  3   5  2   5  1   4 59   4 57   4 54   4 51
285    3 34   3 52   4  6   4 17   4 26   4 33   4 44   4 52   4 58   5  3   5  6   5  8   5  8   5  8   5  8   5  8   5  8   5  8   5  7   5  7   5  6   5  5   5  4   5  3   5  1   4 59   4 57   4 54
286    3 31   3 50   4  4   4 15   4 24   4 32   4 43   4 52   4 58   5  3   5  6   5  9   5  9   5  9   5  9   5  9   5  9   5  9   5  9   5  8   5  8   5  7   5  6   5  5   5  4   5  2   5  0   4 57
287    3 28   3 47   4  2   4 14   4 23   4 30   4 42   4 51   4 58   5  3   5  6   5  9   5 10   5 10   5 10   5 10   5 10   5 10   5 10   5 10   5  9   5  9   5  8   5  7   5  6   5  4   5  3   5  0
288    3 25   3 45   4  0   4 12   4 21   4 29   4 41   4 50   4 57   5  3   5  7   5 10   5 11   5 11   5 11   5 12   5 12   5 12   5 11   5 11   5 11   5 11   5 10   5  9   5  8   5  7   5  5   5  4
289    3 22   3 43   3 58   4 10   4 20   4 28   4 41   4 50   4 57   5  3   5  7   5 10   5 12   5 12   5 12   5 13   5 13   5 13   5 13   5 13   5 13   5 12   5 12   5 11   5 11   5 10   5  8   5  7
290    3 19   3 40   3 56   4  9   4 19   4 27   4 40   4 49   4 57   5  3   5  7   5 11   5 12   5 13   5 13   5 14   5 14   5 14   5 14   5 14   5 14   5 14   5 14   5 13   5 13   5 12   5 11   5 10
291    3 16   3 38   3 54   4  7   4 17   4 26   4 39   4 49   4 57   5  3   5  8   5 12   5 13   5 14   5 14   5 15   5 15   5 15   5 16   5 16   5 16   5 16   5 16   5 16   5 15   5 15   5 14   5 13
292    3 13   3 35   3 52   4  5   4 16   4 24   4 38   4 48   4 56   5  3   5  8   5 12   5 14   5 15   5 15   5 16   5 16   5 17   5 17   5 17   5 18   5 18   5 18   5 18   5 18   5 17   5 17   5 16
293    3 10   3 33   3 50   4  4   4 14   4 23   4 37   4 48   4 56   5  3   5  8   5 13   5 15   5 16   5 16   5 17   5 18   5 18   5 19   5 19   5 19   5 20   5 20   5 20   5 20   5 20   5 19   5 19
294    3  7   3 31   3 48   4  2   4 13   4 22   4 36   4 47   4 56   5  3   5  9   5 13   5 16   5 17   5 17   5 18   5 19   5 19   5 20   5 20   5 21   5 21   5 22   5 22   5 22   5 22   5 22   5 22
295    3  4   3 28   3 46   4  0   4 12   4 21   4 36   4 47   4 56   5  3   5  9   5 14   5 16   5 18   5 18   5 19   5 20   5 21   5 21   5 22   5 23   5 23   5 24   5 24   5 24   5 25   5 25   5 25
296    3  1   3 26   3 44   3 59   4 10   4 20   4 35   4 46   4 55   5  3   5  9   5 15   5 17   5 19   5 19   5 20   5 21   5 22   5 23   5 23   5 24   5 25   5 26   5 26   5 27   5 27   5 28   5 28
297    2 58   3 24   3 43   3 57   4  9   4 19   4 34   4 46   4 55   5  3   5 10   5 15   5 18   5 20   5 20   5 21   5 22   5 23   5 24   5 25   5 26   5 27   5 27   5 28   5 29   5 30   5 30   5 31
298    2 55   3 21   3 41   3 56   4  8   4 18   4 33   4 45   4 55   5  3   5 10   5 16   5 19   5 21   5 21   5 22   5 24   5 25   5 26   5 26   5 27   5 28   5 29   5 30   5 31   5 32   5 33   5 34
299    2 52   3 19   3 39   3 54   4  6   4 17   4 33   4 45   4 55   5  3   5 10   5 17   5 20   5 22   5 22   5 24   5 25   5 26   5 27   5 28   5 29   5 30   5 31   5 32   5 34   5 35   5 36   5 37
300    2 49   3 17   3 37   3 53   4  5   4 16   4 32   4 45   4 55   5  3   5 11   5 17   5 20   5 23   5 23   5 25   5 26   5 27   5 28   5 30   5 31   5 32   5 33   5 34   5 36   5 37   5 38   5 40
301    2 45   3 14   3 35   3 51   4  4   4 14   4 31   4 44   4 55   5  3   5 11   5 18   5 21   5 24   5 24   5 26   5 27   5 28   5 30   5 31   5 32   5 34   5 35   5 37   5 38   5 40   5 41   5 43
302    2 42   3 12   3 33   3 49   4  3   4 13   4 31   4 44   4 54   5  3   5 11   5 19   5 22   5 26   5 26   5 27   5 28   5 30   5 31   5 33   5 34   5 35   5 37   5 39   5 40   5 42   5 44   5 46
303    2 39   3 10   3 31   3 48   4  1   4 12   4 30   4 43   4 54   5  4   5 12   5 19   5 23   5 27   5 27   5 28   5 29   5 31   5 32   5 34   5 36   5 37   5 39   5 41   5 42   5 44   5 46   5 49
304    2 36   3  7   3 29   3 46   4  0   4 11   4 29   4 43   4 54   5  4   5 12   5 20   5 24   5 28   5 28   5 29   5 31   5 32   5 34   5 35   5 37   5 39   5 41   5 43   5 45   5 47   5 49   5 52
305    2 33   3  5   3 28   3 45   3 59   4 10   4 29   4 43   4 54   5  4   5 12   5 21   5 25   5 29   5 29   5 30   5 32   5 34   5 35   5 37   5 39   5 41   5 43   5 45   5 47   5 49   5 52   5 54
306    2 30   3  3   3 26   3 44   3 58   4  9   4 28   4 42   4 54   5  4   5 13   5 21   5 25   5 30   5 30   5 31   5 33   5 35   5 37   5 38   5 40   5 42   5 44   5 47   5 49   5 52   5 54   5 57
307    2 27   3  0   3 24   3 42   3 57   4  8   4 27   4 42   4 54   5  4   5 13   5 22   5 26   5 31   5 31   5 32   5 34   5 36   5 38   5 40   5 42   5 44   5 46   5 49   5 51   5 54   5 57   6  0
308    2 24   2 58   3 22   3 41   3 55   4  8   4 27   4 42   4 54   5  4   5 14   5 23   5 27   5 32   5 32   5 34   5 35   5 37   5 39   5 41   5 44   5 46   5 48   5 51   5 53   5 56   6  0   6  3
309    2 21   2 56   3 21   3 39   3 54   4  7   4 26   4 41   4 54   5  4   5 14   5 23   5 28   5 33   5 33   5 35   5 37   5 39   5 41   5 43   5 45   5 48   5 50   5 53   5 56   5 59   6  2   6  6
310    2 17   2 54   3 19   3 38   3 53   4  6   4 26   4 41   4 54   5  5   5 15   5 24   5 29   5 34   5 34   5 36   5 38   5 40   5 42   5 44   5 47   5 49   5 52   5 55   5 58   6  1   6  5   6  9
311    2 14   2 51   3 17   3 37   3 52   4  5   4 25   4 41   4 54   5  5   5 15   5 25   5 30   5 35   5 35   5 37   5 39   5 41   5 43   5 46   5 48   5 51   5 54   5 57   6  0   6  3   6  7   6 11
312    2 11   2 49   3 15   3 35   3 51   4  4   4 25   4 40   4 54   5  5   5 15   5 25   5 31   5 36   5 36   5 38   5 40   5 42   5 45   5 47   5 50   5 53   5 56   5 59   6  2   6  6   6 10   6 14
313    2  8   2 47   3 14   3 34   3 50   4  3   4 24   4 40   4 54   5  5   5 16   5 26   5 31   5 37   5 37   5 39   5 41   5 44   5 46   5 49   5 51   5 54   5 57   6  1   6  4   6  8   6 12   6 17
314    2  5   2 45   3 12   3 33   3 49   4  2   4 24   4 40   4 54   5  5   5 16   5 27   5 32   5 38   5 38   5 40   5 43   5 45   5 48   5 50   5 53   5 56   5 59   6  3   6  6   6 10   6 15   6 20
315    2  2   2 43   3 11   3 31   3 48   4  2   4 23   4 40   4 54   5  6   5 17   5 28   5 33   5 39   5 39   5 41   5 44   5 46   5 49   5 52   5 55   5 58   6  1   6  4   6  8   6 12   6 17   6 22
316    1 58   2 41   3  9   3 30   3 47   4  1   4 23   4 40   4 54   5  6   5 17   5 28   5 34   5 40   5 40   5 42   5 45   5 48   5 50   5 53   5 56   5 59   6  3   6  6   6 10   6 15   6 20   6 25
317    1 55   2 39   3  8   3 29   3 46   4  0   4 22   4 39   4 54   5  6   5 18   5 29   5 35   5 41   5 41   5 43   5 46   5 49   5 52   5 55   5 58   6  1   6  4   6  8   6 12   6 17   6 22   6 28
318    1 52   2 37   3  6   3 28   3 45   3 59   4 22   4 39   4 54   5  6   5 18   5 30   5 36   5 42   5 42   5 45   5 47   5 50   5 53   5 56   5 59   6  3   6  6   6 10   6 14   6 19   6 24   6 30
319    1 49   2 34   3  5   3 27   3 44   3 59   4 21   4 39   4 54   5  7   5 19   5 31   5 37   5 43   5 43   5 46   5 48   5 51   5 54   5 57   6  1   6  4   6  8   6 12   6 16   6 21   6 27   6 33
320    1 45   2 32   3  3   3 26   3 43   3 58   4 21   4 39   4 54   5  7   5 19   5 31   5 38   5 44   5 44   5 47   5 50   5 53   5 56   5 59   6  2   6  6   6 10   6 14   6 18   6 24   6 29   6 36
321    1 42   2 31   3  2   3 25   3 43   3 57   4 21   4 39   4 54   5  7   5 20   5 32   5 38   5 45   5 45   5 48   5 51   5 54   5 57   6  0   6  4   6  7   6 11   6 16   6 20   6 26   6 31   6 38
322    1 39   2 29   3  0   3 24   3 42   3 57   4 20   4 39   4 54   5  8   5 20   5 33   5 39   5 46   5 46   5 49   5 52   5 55   5 58   6  2   6  5   6  9   6 13   6 18   6 22   6 28   6 34   6 41
323    1 36   2 27   2 59   3 23   3 41   3 56   4 20   4 39   4 54   5  8   5 21   5 34   5 40   5 47   5 47   5 50   5 53   5 56   5 59   6  3   6  7   6 11   6 15   6 19   6 24   6 30   6 36   6 43
324    1 32   2 25   2 58   3 22   3 40   3 56   4 20   4 39   4 54   5  8   5 21   5 34   5 41   5 48   5 48   5 51   5 54   5 57   6  1   6  4   6  8   6 12   6 16   6 21   6 26   6 32   6 38   6 46
325    1 29   2 23   2 56   3 21   3 40   3 55   4 20   4 39   4 55   5  9   5 22   5 35   5 42   5 49   5 49   5 52   5 55   5 59   6  2   6  6   6  9   6 14   6 18   6 23   6 28   6 34   6 41   6 48
326    1 26   2 21   2 55   3 20   3 39   3 55   4 19   4 39   4 55   5  9   5 22   5 36   5 43   5 50   5 50   5 53   5 56   6  0   6  3   6  7   6 11   6 15   6 20   6 25   6 30   6 36   6 43   6 50
327    1 22   2 19   2 54   3 19   3 38   3 54   4 19   4 39   4 55   5  9   5 23   5 37   5 44   5 51   5 51   5 54   5 57   6  1   6  4   6  8   6 12   6 17   6 21   6 26   6 32   6 38   6 45   6 53
328    1 19   2 18   2 53   3 18   3 38   3 54   4 19   4 39   4 55   5 10   5 24   5 37   5 44   5 52   5 52   5 55   5 59   6  2   6  6   6 10   6 14   6 18   6 23   6 28   6 34   6 40   6 47   6 55
329    1 15   2 16   2 52   3 17   3 37   3 53   4 19   4 39   4 55   5 10   5 24   5 38   5 45   5 53   5 53   5 56   6  0   6  3   6  7   6 11   6 15   6 20   6 24   6 30   6 35   6 42   6 49   6 57
330    1 12   2 14   2 51   3 17   3 37   3 53   4 19   4 39   4 56   5 11   5 25   5 39   5 46   5 54   5 54   5 57   6  1   6  4   6  8   6 12   6 16   6 21   6 26   6 31   6 37   6 44   6 51   7  0
331    1  8   2 13   2 50   3 16   3 36   3 53   4 19   4 39   4 56   5 11   5 25   5 39   5 47   5 55   5 55   5 58   6  2   6  5   6  9   6 13   6 18   6 22   6 27   6 33   6 39   6 46   6 53   7  2
332    1  5   2 11   2 49   3 15   3 36   3 52   4 19   4 39   4 56   5 11   5 26   5 40   5 48   5 56   5 56   5 59   6  3   6  7   6 10   6 15   6 19   6 24   6 29   6 34   6 41   6 47   6 55   7  4
333    1  1   2 10   2 48   3 15   3 35   3 52   4 19   4 39   4 56   5 12   5 26   5 41   5 49   5 57   5 57   6  0   6  4   6  8   6 12   6 16   6 20   6 25   6 30   6 36   6 42   6 49   6 57   7  6
334    0 58   2  8   2 47   3 14   3 35   3 52   4 19   4 39   4 57   5 12   5 27   5 42   5 49   5 58   5 58   6  1   6  5   6  9   6 13   6 17   6 22   6 26   6 32   6 37   6 44   6 51   6 59   7  8
335    0 54   2  7   2 46   3 13   3 35   3 52   4 19   4 40   4 57   5 13   5 27   5 42   5 50   5 59   5 59   6  2   6  6   6 10   6 14   6 18   6 23   6 28   6 33   6 39   6 45   6 53   7  1   7 10
336    0 50   2  6   2 45   3 13   3 34   3 52   4 19   4 40   4 57   5 13   5 28   5 43   5 51   6  0   6  0   6  3   6  7   6 11   6 15   6 19   6 24   6 29   6 34   6 40   6 47   6 54   7  2   7 12
337    0 47   2  4   2 45   3 13   3 34   3 51   4 19   4 40   4 58   5 14   5 29   5 44   5 52   6  0   6  0   6  4   6  8   6 12   6 16   6 20   6 25   6 30   6 36   6 42   6 48   6 56   7  4   7 14
338    0 43   2  3   2 44   3 12   3 34   3 51   4 19   4 40   4 58   5 14   5 29   5 45   5 53   6  1   6  1   6  5   6  9   6 13   6 17   6 22   6 26   6 31   6 37   6 43   6 50   6 57   7  6   7 16
339    0 39   2  2   2 43   3 12   3 34   3 51   4 19   4 40   4 58   5 15   5 30   5 45   5 53   6  2   6  2   6  6   6 10   6 14   6 18   6 23   6 27   6 33   6 38   6 44   6 51   6 59   7  7   7 17
340    0 34   2  1   2 43   3 11   3 33   3 51   4 19   4 41   4 59   5 15   5 30   5 46   5 54   6  3   6  3   6  7   6 11   6 15   6 19   6 24   6 29   6 34   6 39   6 46   6 53   7  0   7  9   7 19
341    0 30   2  0   2 42   3 11   3 33   3 51   4 19   4 41   4 59   5 15   5 31   5 47   5 55   6  4   6  4   6  8   6 12   6 16   6 20   6 25   6 30   6 35   6 41   6 47   6 54   7  2   7 11   7 21
342    0 25   1 59   2 42   3 11   3 33   3 51   4 19   4 41   5  0   5 16   5 32   5 47   5 56   6  5   6  5   6  8   6 12   6 17   6 21   6 26   6 31   6 36   6 42   6 48   6 55   7  3   7 12   7 22
343    0 20   1 59   2 41   3 11   3 33   3 51   4 20   4 41   5  0   5 16   5 32   5 48   5 56   6  5   6  5   6  9   6 13   6 17   6 22   6 27   6 32   6 37   6 43   6 49   6 56   7  4   7 13   7 24
344    0 14   1 58   2 41   3 11   3 33   3 51   4 20   4 42   5  0   5 17   5 33   5 49   5 57   6  6   6  6   6 10   6 14   6 18   6 23   6 28   6 33   6 38   6 44   6 50   6 58   7  6   7 15   7 25
345    0  5   1 57   2 41   3 11   3 33   3 52   4 20   4 42   5  1   5 17   5 33   5 49   5 58   6  7   6  7   6 11   6 15   6 19   6 24   6 28   6 34   6 39   6 45   6 51   6 59   7  7   7 16   7 27
346   // //   1 57   2 41   3 11   3 33   3 52   4 20   4 43   5  1   5 18   5 34   5 50   5 59   6  8   6  8   6 12   6 16   6 20   6 25   6 29   6 34   6 40   6 46   6 53   7  0   7  8   7 17   7 28
347   // //   1 56   2 41   3 11   3 33   3 52   4 21   4 43   5  2   5 18   5 34   5 51   5 59   6  8   6  8   6 12   6 16   6 21   6 25   6 30   6 35   6 41   6 47   6 54   7  1   7  9   7 18   7 29
348   // //   1 56   2 41   3 11   3 34   3 52   4 21   4 43   5  2   5 19   5 35   5 51   6  0   6  9   6  9   6 13   6 17   6 22   6 26   6 31   6 36   6 42   6 48   6 54   7  2   7 10   7 19   7 30
349   // //   1 56   2 41   3 11   3 34   3 52   4 21   4 44   5  3   5 19   5 35   5 52   6  1   6 10   6 10   6 14   6 18   6 22   6 27   6 32   6 37   6 43   6 49   6 55   7  3   7 11   7 20   7 31
350   // //   1 56   2 41   3 11   3 34   3 53   4 22   4 44   5  3   5 20   5 36   5 52   6  1   6 10   6 10   6 14   6 19   6 23   6 28   6 32   6 38   6 43   6 49   6 56   7  4   7 12   7 21   7 32
351   // //   1 56   2 41   3 11   3 34   3 53   4 22   4 45   5  3   5 20   5 37   5 53   6  2   6 11   6 11   6 15   6 19   6 24   6 28   6 33   6 38   6 44   6 50   6 57   7  4   7 13   7 22   7 33
352   // //   1 56   2 41   3 12   3 35   3 53   4 22   4 45   5  4   5 21   5 37   5 54   6  2   6 12   6 12   6 16   6 20   6 24   6 29   6 34   6 39   6 45   6 51   6 58   7  5   7 14   7 23   7 34
353   // //   1 56   2 41   3 12   3 35   3 54   4 23   4 45   5  4   5 21   5 38   5 54   6  3   6 12   6 12   6 16   6 20   6 25   6 30   6 34   6 40   6 45   6 52   6 58   7  6   7 14   7 24   7 35
354   // //   1 56   2 42   3 12   3 36   3 54   4 23   4 46   5  5   5 22   5 38   5 55   6  3   6 13   6 13   6 17   6 21   6 25   6 30   6 35   6 40   6 46   6 52   6 59   7  6   7 15   7 25   7 36
355   // //   1 56   2 42   3 13   3 36   3 55   4 24   4 46   5  5   5 22   5 39   5 55   6  4   6 13   6 13   6 17   6 22   6 26   6 31   6 36   6 41   6 47   6 53   7  0   7  7   7 16   7 25   7 36
356   // //   1 57   2 43   3 13   3 36   3 55   4 24   4 47   5  6   5 23   5 39   5 56   6  4   6 14   6 14   6 18   6 22   6 27   6 31   6 36   6 41   6 47   6 53   7  0   7  8   7 16   7 26   7 37
357   // //   1 57   2 43   3 14   3 37   3 56   4 25   4 47   5  6   5 23   5 40   5 56   6  5   6 14   6 14   6 18   6 23   6 27   6 32   6 37   6 42   6 48   6 54   7  1   7  8   7 16   7 26   7 37
358   // //   1 58   2 44   3 14   3 38   3 56   4 25   4 48   5  7   5 24   5 40   5 57   6  5   6 15   6 15   6 19   6 23   6 27   6 32   6 37   6 42   6 48   6 54   7  1   7  8   7 17   7 26   7 38
359   // //   1 59   2 44   3 15   3 38   3 57   4 26   4 48   5  7   5 24   5 41   5 57   6  6   6 15   6 15   6 19   6 23   6 28   6 32   6 37   6 43   6 48   6 54   7  1   7  9   7 17   7 27   7 38
360   // //   2  0   2 45   3 16   3 39   3 57   4 26   4 49   5  8   5 25   5 41   5 58   6  6   6 16   6 16   6 20   6 24   6 28   6 33   6 38   6 43   6 49   6 55   7  2   7  9   7 17   7 27   7 38
361   // //   2  1   2 46   3 16   3 39   3 58   4 27   4 50   5  8   5 25   5 42   5 58   6  7   6 16   6 16   6 20   6 24   6 29   6 33   6 38   6 43   6 49   6 55   7  2   7  9   7 18   7 27   7 38
362   // //   2  2   2 47   3 17   3 40   3 59   4 28   4 50   5  9   5 26   5 42   5 58   6  7   6 16   6 16   6 20   6 24   6 29   6 33   6 38   6 44   6 49   6 55   7  2   7  9   7 18   7 27   7 38
363   // //   2  3   2 48   3 18   3 41   3 59   4 28   4 51   5  9   5 26   5 42   5 59   6  7   6 17   6 17   6 21   6 25   6 29   6 34   6 39   6 44   6 49   6 55   7  2   7  9   7 18   7 27   7 38
364   // //   2  4   2 49   3 19   3 42   4  0   4 29   4 51   5 10   5 27   5 43   5 59   6  8   6 17   6 17   6 21   6 25   6 29   6 34   6 39   6 44   6 49   6 55   7  2   7  9   7 18   7 27   7 38
365   // //   2  5   2 50   3 20   3 42   4  1   4 29   4 52   5 10   5 27   5 43   5 59   6  8   6 17   6 17   6 21   6 25   6 29   6 34   6 39   6 44   6 50   6 56   7  2   7  9   7 18   7 27   7 38
366   // //   2  7   2 51   3 20   3 43   4  1   4 30   4 52   5 11   5 28   5 44   6  0   6  8   6 17   6 17   6 21   6 25   6 30   6 34   6 39   6 44   6 50   6 56   7  2   7  9   7 17   7 27   7 37
367    0 14   2  8   2 52   3 21   3 44   4  2   4 31   4 53   5 11   5 28   5 44   6  0   6  8   6 18   6 18   6 21   6 25   6 30   6 34   6 39   6 44   6 50   6 55   7  2   7  9   7 17   7 26   7 37
368    0 24   2 10   2 53   3 22   3 45   4  3   4 31   4 53   5 12   5 29   5 44   6  0   6  9   6 18   6 18   6 22   6 26   6 30   6 34   6 39   6 44   6 49   6 55   7  2   7  9   7 17   7 26   7 36
369    0 32   2 11   2 54   3 23   3 46   4  4   4 32   4 54   5 12   5 29   5 45   6  0   6  9   6 18   6 18   6 22   6 26   6 30   6 34   6 39   6 44   6 49   6 55   7  2   7  9   7 17   7 25   7 36
370    0 38   2 13   2 55   3 25   3 47   4  5   4 33   4 55   5 13   5 29   5 45   6  1   6  9   6 18   6 18   6 22   6 26   6 30   6 34   6 39   6 44   6 49   6 55   7  1   7  8   7 16   7 25   7 35
