 2462852.5 245.96   7.9   9.4  2.31  2.27 1.000   1.8  0.00 326.19 150.73 -16.55 148.98 -15.84   0.04 246.53  -1.09 314.21
 2462853.5 246.10   7.9   9.4  2.31  2.27 1.000   1.8  0.00 326.19 326.99 -16.56 325.24 -15.83   0.04 246.56  -1.09 314.21
 2462854.5 246.24   7.9   9.4  2.31  2.27 1.000   1.8  0.00 326.20 143.25 -16.56 141.49 -15.83   0.04 246.59  -1.09 314.21
 2462855.5 246.38   7.9   9.4  2.31  2.27 1.000   1.8  0.00 326.20 319.51 -16.56 317.75 -15.83   0.04 246.62  -1.09 314.21
 2462856.5 246.52   7.9   9.4  2.30  2.27 1.000   1.8  0.00 326.21 135.77 -16.56 134.00 -15.83   0.04 246.65  -1.09 314.21
 2462857.5 246.66   7.9   9.4  2.30  2.27 1.000   1.9  0.00 326.22 312.03 -16.56 310.26 -15.82   0.04 246.67  -1.09 314.21
 2462858.5 246.80   7.9   9.4  2.30  2.26 1.000   1.9  0.00 326.22 128.29 -16.56 126.51 -15.82   0.04 246.70  -1.09 314.21
 2462859.5 246.95   7.9   9.4  2.30  2.26 1.000   1.9  0.00 326.23 304.55 -16.56 302.76 -15.82   0.04 246.73  -1.09 314.21
 2462860.5 247.09   7.9   9.4  2.30  2.26 1.000   1.9  0.00 326.23 120.81 -16.56 119.02 -15.82   0.04 246.76  -1.09 314.21
 2462861.5 247.23   7.9   9.4  2.30  2.26 1.000   1.9  0.00 326.24 297.07 -16.56 295.27 -15.81   0.04 246.79  -1.09 314.21
 2462862.5 247.38   7.9   9.4  2.30  2.26 1.000   1.9  0.00 326.25 113.32 -16.56 111.52 -15.81   0.04 246.82  -1.08 314.20
 2462863.5 247.52   7.9   9.4  2.29  2.26 1.000   1.9  0.00 326.25 289.58 -16.56 287.78 -15.81   0.04 246.84  -1.08 314.20
 2462864.5 247.67   7.9   9.4  2.29  2.26 1.000   1.9  0.00 326.26 105.83 -16.56 104.03 -15.81   0.04 246.87  -1.08 314.20
 2462865.5 247.81   7.9   9.4  2.29  2.26 1.000   1.9  0.00 326.26 282.09 -16.56 280.28 -15.80   0.04 246.90  -1.08 314.20
 2462866.5 247.95   7.9   9.4  2.29  2.25 1.000   1.9  0.00 326.27  98.34 -16.56  96.54 -15.80   0.04 246.93  -1.08 314.20
 2462867.5 248.10   7.9   9.4  2.29  2.25 1.000   1.9  0.00 326.28 274.59 -16.56 272.79 -15.80   0.04 246.95  -1.08 314.20
 2462868.5 248.24   7.9   9.4  2.29  2.25 1.000   1.9  0.00 326.28  90.85 -16.56  89.04 -15.80   0.04 246.98  -1.08 314.20
 2462869.5 248.39   7.9   9.4  2.29  2.25 1.000   1.9  0.00 326.29 267.10 -16.55 265.30 -15.79   0.04 247.01  -1.08 314.20
 2462870.5 248.53   7.9   9.4  2.29  2.25 1.000   1.9  0.00 326.29  83.35 -16.55  81.55 -15.79   0.04 247.04  -1.08 314.19
 2462871.5 248.68   7.9   9.4  2.28  2.25 1.000   1.9  0.00 326.30 259.60 -16.55 257.80 -15.79   0.04 247.06  -1.08 314.19
 2462872.5 248.82   7.9   9.4  2.28  2.25 1.000   1.9  0.00 326.31  75.85 -16.55  74.06 -15.79   0.04 247.09  -1.08 314.19
 2462873.5 248.96   7.9   9.4  2.28  2.25 1.000   1.9  0.00 326.31 252.10 -16.54 250.31 -15.78   0.04 247.12  -1.08 314.19
 2462874.5 249.11   7.9   9.4  2.28  2.24 1.000   1.9  0.00 326.32  68.35 -16.54  66.57 -15.78   0.04 247.15  -1.08 314.19
 2462875.5 249.25   7.9   9.4  2.28  2.24 1.000   1.9  0.00 326.33 244.60 -16.54 242.82 -15.78   0.04 247.18  -1.08 314.18
 2462876.5 249.39   7.9   9.4  2.28  2.24 1.000   1.9  0.00 326.33  60.85 -16.53  59.07 -15.77   0.04 247.20  -1.08 314.18
 2462877.5 249.54   7.9   9.4  2.28  2.24 1.000   1.9  0.00 326.34 237.10 -16.53 235.33 -15.77   0.04 247.23  -1.08 314.18
 2462878.5 249.68   7.9   9.4  2.27  2.24 1.000   1.9  0.00 326.34  53.35 -16.53  51.58 -15.77   0.04 247.26  -1.07 314.18
 2462879.5 249.82   7.9   9.4  2.27  2.24 1.000   1.8  0.00 326.35 229.60 -16.52 227.84 -15.77   0.04 247.29  -1.07 314.17
 2462880.5 249.96   7.9   9.4  2.27  2.24 1.000   1.8  0.00 326.36  45.84 -16.52  44.09 -15.76   0.04 247.32  -1.07 314.17
 2462881.5 250.10   7.9   9.4  2.27  2.23 1.000   1.8  0.00 326.36 222.09 -16.51 220.34 -15.76   0.04 247.35  -1.07 314.17
 2462882.5 250.24   7.9   9.4  2.27  2.23 1.000   1.8  0.00 326.37  38.34 -16.51  36.60 -15.76   0.04 247.38  -1.07 314.16
 2462883.5 250.38   7.9   9.4  2.27  2.23 1.000   1.8  0.00 326.37 214.58 -16.50 212.86 -15.76   0.04 247.41  -1.07 314.16
 2462884.5 250.52   7.9   9.4  2.27  2.23 1.000   1.8  0.00 326.38  30.83 -16.50  29.11 -15.75   0.04 247.44  -1.07 314.16
 2462885.5 250.66   7.9   9.4  2.27  2.23 1.000   1.8  0.00 326.39 207.08 -16.49 205.37 -15.75   0.04 247.47  -1.07 314.15
 2462886.5 250.80   7.9   9.4  2.26  2.23 1.000   1.8  0.00 326.39  23.32 -16.49  21.62 -15.75   0.04 247.50  -1.07 314.15
 2462887.5 250.93   7.9   9.4  2.26  2.23 1.000   1.8  0.00 326.40 199.57 -16.48 197.88 -15.75   0.04 247.53  -1.07 314.15
 2462888.5 251.07   7.9   9.4  2.26  2.23 1.000   1.8  0.00 326.40  15.81 -16.47  14.14 -15.74   0.03 247.56  -1.07 314.14
 2462889.5 251.20   7.9   9.4  2.26  2.23 1.000   1.8  0.00 326.41 192.06 -16.47 190.39 -15.74   0.03 247.59  -1.07 314.14
 2462890.5 251.34   7.9   9.4  2.26  2.22 1.000   1.7  0.00 326.42   8.30 -16.46   6.65 -15.74   0.03 247.62  -1.07 314.13
 2462891.5 251.47   7.9   9.4  2.26  2.22 1.000   1.7  0.00 326.42 184.55 -16.45 182.91 -15.74   0.03 247.66  -1.07 314.13
 2462892.5 251.60   7.9   9.4  2.26  2.22 1.000   1.7  0.00 326.43   0.79 -16.45 359.17 -15.73   0.03 247.69  -1.07 314.13
 2462893.5 251.73   7.9   9.4  2.26  2.22 1.000   1.7  0.00 326.43 177.04 -16.44 175.42 -15.73   0.03 247.72  -1.07 314.12
 2462894.5 251.86   7.9   9.4  2.25  2.22 1.000   1.7  0.00 326.44 353.28 -16.43 351.68 -15.73   0.03 247.76  -1.07 314.12
 2462895.5 251.99   7.9   9.4  2.25  2.22 1.000   1.7  0.00 326.45 169.53 -16.42 167.94 -15.73   0.03 247.79  -1.07 314.11
 2462896.5 252.12   7.9   9.4  2.25  2.22 1.000   1.7  0.00 326.45 345.77 -16.42 344.20 -15.72   0.03 247.83  -1.06 314.11
 2462897.5 252.24   7.9   9.4  2.25  2.22 1.000   1.6  0.00 326.46 162.02 -16.41 160.46 -15.72   0.03 247.86  -1.06 314.10
 2462898.5 252.37   7.9   9.4  2.25  2.21 1.000   1.6  0.00 326.46 338.26 -16.40 336.72 -15.72   0.03 247.90  -1.06 314.10
 2462899.5 252.49   7.9   9.4  2.25  2.21 1.000   1.6  0.00 326.47 154.51 -16.39 152.98 -15.72   0.03 247.94  -1.06 314.09
 2462900.5 252.61   7.9   9.4  2.25  2.21 1.000   1.6  0.00 326.48 330.75 -16.38 329.24 -15.71   0.03 247.97  -1.06 314.09
 2462901.5 252.73   7.9   9.4  2.25  2.21 1.000   1.6  0.00 326.48 146.99 -16.37 145.51 -15.71   0.03 248.01  -1.06 314.08
 2462902.5 252.85   7.9   9.4  2.25  2.21 1.000   1.6  0.00 326.49 323.24 -16.36 321.77 -15.71   0.03 248.05  -1.06 314.08
 2462903.5 252.97   7.9   9.4  2.25  2.21 1.000   1.5  0.00 326.49 139.48 -16.35 138.03 -15.71   0.03 248.09  -1.06 314.07
 2462904.5 253.09   7.9   9.4  2.24  2.21 1.000   1.5  0.00 326.50 315.73 -16.34 314.30 -15.70   0.03 248.13  -1.06 314.07
 2462905.5 253.20   7.9   9.4  2.24  2.21 1.000   1.5  0.00 326.51 131.97 -16.33 130.56 -15.70   0.03 248.18  -1.06 314.06
 2462906.5 253.32   7.9   9.4  2.24  2.21 1.000   1.5  0.00 326.51 308.22 -16.33 306.82 -15.70   0.03 248.22  -1.06 314.06
 2462907.5 253.43   7.9   9.4  2.24  2.21 1.000   1.5  0.00 326.52 124.47 -16.32 123.09 -15.70   0.03 248.26  -1.06 314.05
 2462908.5 253.54   7.9   9.4  2.24  2.20 1.000   1.4  0.00 326.52 300.71 -16.30 299.36 -15.69   0.03 248.31  -1.06 314.04
 2462909.5 253.65   7.9   9.4  2.24  2.20 1.000   1.4  0.00 326.53 116.96 -16.29 115.62 -15.69   0.03 248.36  -1.06 314.04
 2462910.5 253.76   7.9   9.4  2.24  2.20 1.000   1.4  0.00 326.54 293.20 -16.28 291.89 -15.69   0.03 248.41  -1.06 314.03
 2462911.5 253.86   7.9   9.4  2.24  2.20 1.000   1.4  0.00 326.54 109.45 -16.27 108.16 -15.69   0.03 248.46  -1.06 314.03
 2462912.5 253.97   7.9   9.4  2.24  2.20 1.000   1.4  0.00 326.55 285.70 -16.26 284.43 -15.68   0.03 248.51  -1.06 314.02
 2462913.5 254.07   7.9   9.4  2.24  2.20 1.000   1.3  0.00 326.55 101.94 -16.25 100.69 -15.68   0.03 248.56  -1.06 314.01
 2462914.5 254.17   7.9   9.4  2.23  2.20 1.000   1.3  0.00 326.56 278.19 -16.24 276.96 -15.68   0.03 248.62  -1.06 314.01
 2462915.5 254.27   7.9   9.4  2.23  2.20 1.000   1.3  0.00 326.57  94.44 -16.23  93.23 -15.68   0.02 248.68  -1.06 314.00
 2462916.5 254.37   7.9   9.4  2.23  2.20 1.000   1.3  0.00 326.57 270.69 -16.22 269.50 -15.67   0.02 248.74  -1.06 314.00
 2462917.5 254.46   7.9   9.4  2.23  2.20 1.000   1.2  0.00 326.58  86.93 -16.20  85.78 -15.67   0.02 248.80  -1.06 313.99
 2462918.5 254.56   7.9   9.4  2.23  2.20 1.000   1.2  0.00 326.58 263.18 -16.19 262.05 -15.67   0.02 248.86  -1.06 313.98
 2462919.5 254.65   7.9   9.4  2.23  2.19 1.000   1.2  0.00 326.59  79.43 -16.18  78.32 -15.67   0.02 248.93  -1.06 313.98
 2462920.5 254.74   7.9   9.4  2.23  2.19 1.000   1.2  0.00 326.60 255.68 -16.17 254.60 -15.66   0.02 249.00  -1.06 313.97
 2462921.5 254.83   7.9   9.4  2.23  2.19 1.000   1.1  0.00 326.60  71.93 -16.16  70.87 -15.66   0.02 249.07  -1.05 313.96
 2462922.5 254.91   7.9   9.4  2.23  2.19 1.000   1.1  0.00 326.61 248.18 -16.14 247.14 -15.66   0.02 249.15  -1.05 313.96
 2462923.5 255.00   7.9   9.4  2.23  2.19 1.000   1.1  0.00 326.61  64.43 -16.13  63.42 -15.66   0.02 249.22  -1.05 313.95
 2462924.5 255.08   7.9   9.4  2.23  2.19 1.000   1.1  0.00 326.62 240.68 -16.12 239.70 -15.65   0.02 249.31  -1.05 313.94
 2462925.5 255.16   7.9   9.4  2.23  2.19 1.000   1.0  0.00 326.63  56.93 -16.11  55.97 -15.65   0.02 249.40  -1.05 313.94
 2462926.5 255.24   7.9   9.4  2.23  2.19 1.000   1.0  0.00 326.63 233.19 -16.09 232.25 -15.65   0.02 249.49  -1.05 313.93
 2462927.5 255.31   7.9   9.4  2.22  2.19 1.000   1.0  0.00 326.64  49.44 -16.08  48.53 -15.64   0.02 249.58  -1.05 313.92
 2462928.5 255.39   7.9   9.4  2.22  2.19 1.000   0.9  0.00 326.64 225.69 -16.07 224.81 -15.64   0.02 249.69  -1.05 313.92
 2462929.5 255.46   7.9   9.4  2.22  2.19 1.000   0.9  0.00 326.65  41.94 -16.05  41.09 -15.64   0.02 249.79  -1.05 313.91
 2462930.5 255.53   7.9   9.4  2.22  2.19 1.000   0.9  0.00 326.66 218.20 -16.04 217.37 -15.64   0.02 249.91  -1.05 313.90
 2462931.5 255.60   7.9   9.4  2.22  2.19 1.000   0.9  0.00 326.66  34.45 -16.03  33.65 -15.63   0.02 250.03  -1.05 313.90
 2462932.5 255.66   7.9   9.4  2.22  2.19 1.000   0.8  0.00 326.67 210.71 -16.01 209.94 -15.63   0.02 250.16  -1.05 313.89
 2462933.5 255.72   7.9   9.4  2.22  2.19 1.000   0.8  0.00 326.68  26.96 -16.00  26.22 -15.63   0.02 250.30  -1.05 313.88
 2462934.5 255.78   7.9   9.4  2.22  2.19 1.000   0.8  0.00 326.68 203.22 -15.98 202.51 -15.63   0.01 250.45  -1.05 313.87
 2462935.5 255.84   7.9   9.4  2.22  2.18 1.000   0.7  0.00 326.69  19.48 -15.97  18.79 -15.62   0.01 250.61  -1.05 313.87
 2462936.5 255.90   7.9   9.4  2.22  2.18 1.000   0.7  0.00 326.69 195.74 -15.96 195.08 -15.62   0.01 250.79  -1.05 313.86
 2462937.5 255.95   7.9   9.4  2.22  2.18 1.000   0.7  0.00 326.70  11.99 -15.94  11.36 -15.62   0.01 250.98  -1.05 313.85
 2462938.5 256.01   7.9   9.4  2.22  2.18 1.000   0.7  0.00 326.71 188.25 -15.93 187.65 -15.62   0.01 251.18  -1.05 313.85
 2462939.5 256.06   7.9   9.4  2.22  2.18 1.000   0.6  0.00 326.71   4.51 -15.91   3.94 -15.61   0.01 251.41  -1.05 313.84
 2462940.5 256.10   7.9   9.4  2.22  2.18 1.000   0.6  0.00 326.72 180.77 -15.90 180.23 -15.61   0.01 251.66  -1.05 313.83
 2462941.5 256.15   7.9   9.4  2.22  2.18 1.000   0.6  0.00 326.72 357.04 -15.88 356.52 -15.61   0.01 251.93  -1.05 313.83
 2462942.5 256.19   7.9   9.4  2.22  2.18 1.000   0.5  0.00 326.73 173.30 -15.87 172.81 -15.61   0.01 252.24  -1.05 313.82
 2462943.5 256.23   7.9   9.4  2.22  2.18 1.000   0.5  0.00 326.74 349.56 -15.85 349.10 -15.60   0.01 252.58  -1.05 313.81
 2462944.5 256.27   7.9   9.4  2.22  2.18 1.000   0.5  0.00 326.74 165.82 -15.84 165.40 -15.60   0.01 252.96  -1.05 313.80
 2462945.5 256.31   7.9   9.4  2.22  2.18 1.000   0.4  0.00 326.75 342.09 -15.82 341.69 -15.60   0.01 253.40  -1.05 313.80
 2462946.5 256.34   7.9   9.4  2.22  2.18 1.000   0.4  0.00 326.75 158.35 -15.81 157.98 -15.60   0.01 253.91  -1.05 313.79
 2462947.5 256.37   7.9   9.4  2.22  2.18 1.000   0.4  0.00 326.76 334.62 -15.79 334.28 -15.59   0.01 254.49  -1.05 313.78
 2462948.5 256.40   7.9   9.4  2.22  2.18 1.000   0.4  0.00 326.77 150.88 -15.78 150.57 -15.59   0.01 255.18  -1.05 313.77
 2462949.5 256.43   7.9   9.4  2.21  2.18 1.000   0.3  0.00 326.77 327.15 -15.76 326.87 -15.59   0.01 256.00  -1.05 313.77
 2462950.5 256.46   7.9   9.4  2.21  2.18 1.000   0.3  0.00 326.78 143.42 -15.75 143.17 -15.59   0.01 256.99  -1.05 313.76
 2462951.5 256.48   8.0   9.4  2.21  2.18 1.000   0.3  0.00 326.78 319.69 -15.73 319.47 -15.58   0.00 258.22  -1.05 313.75
 2462952.5 256.50   8.0   9.4  2.21  2.18 1.000   0.2  0.00 326.79 135.96 -15.72 135.77 -15.58   0.00 259.79  -1.05 313.75
 2462953.5 256.51   8.0   9.4  2.21  2.18 1.000   0.2  0.00 326.80 312.23 -15.70 312.07 -15.58   0.00 261.85  -1.05 313.74
 2462954.5 256.53   8.0   9.4  2.21  2.18 1.000   0.2  0.00 326.80 128.50 -15.69 128.37 -15.58   0.00 264.68  -1.05 313.73
 2462955.5 256.54   8.0   9.4  2.21  2.18 1.000   0.1  0.00 326.81 304.77 -15.67 304.67 -15.57   0.00 268.76  -1.05 313.72
 2462956.5 256.55   8.0   9.4  2.21  2.18 1.000   0.1  0.00 326.81 121.04 -15.66 120.98 -15.57   0.00 275.09  -1.05 313.72
 2462957.5 256.56   8.0   9.4  2.21  2.18 1.000   0.1  0.00 326.82 297.32 -15.64 297.28 -15.57   0.00 285.85  -1.05 313.71
 2462958.5 256.57   8.0   9.4  2.21  2.18 1.000   0.1  0.00 326.83 113.59 -15.63 113.59 -15.57   0.00 305.67  -1.05 313.70
 2462959.5 256.57   8.0   9.4  2.21  2.18 1.000   0.1  0.00 326.83 289.87 -15.61 289.89 -15.56   0.00 338.46  -1.05 313.70
 2462960.5 256.57   8.0   9.4  2.21  2.18 1.000   0.1  0.00 326.84 106.15 -15.59 106.20 -15.56   0.00  10.47  -1.05 313.69
 2462961.5 256.57   8.0   9.4  2.21  2.18 1.000   0.1  0.00 326.84 282.42 -15.58 282.51 -15.56   0.00  29.41  -1.05 313.68
 2462962.5 256.57   8.0   9.4  2.21  2.18 1.000   0.1  0.00 326.85  98.70 -15.56  98.81 -15.56   0.00  39.73  -1.05 313.68
 2462963.5 256.56   8.0   9.4  2.21  2.18 1.000   0.1  0.00 326.86 274.98 -15.55 275.12 -15.55   0.00  45.84  -1.05 313.67
 2462964.5 256.55   8.0   9.4  2.21  2.18 1.000   0.2  0.00 326.86  91.26 -15.53  91.43 -15.55   0.00  49.80  -1.05 313.66
 2462965.5 256.54   8.0   9.4  2.21  2.18 1.000   0.2  0.00 326.87 267.54 -15.52 267.74 -15.55   0.00  52.56  -1.05 313.65
 2462966.5 256.53   8.0   9.4  2.21  2.18 1.000   0.2  0.00 326.87  83.82 -15.50  84.06 -15.55   0.00  54.58  -1.05 313.65
 2462967.5 256.51   8.0   9.4  2.21  2.18 1.000   0.3  0.00 326.88 260.11 -15.49 260.37 -15.54   0.01  56.12  -1.05 313.64
 2462968.5 256.50   8.0   9.4  2.21  2.18 1.000   0.3  0.00 326.89  76.39 -15.47  76.68 -15.54   0.01  57.33  -1.05 313.63
 2462969.5 256.48   8.0   9.4  2.21  2.18 1.000   0.3  0.00 326.89 252.68 -15.45 253.00 -15.54   0.01  58.31  -1.05 313.63
 2462970.5 256.45   8.0   9.4  2.21  2.18 1.000   0.3  0.00 326.90  68.96 -15.44  69.31 -15.53   0.01  59.12  -1.05 313.62
 2462971.5 256.43   7.9   9.4  2.21  2.18 1.000   0.4  0.00 326.90 245.25 -15.42 245.63 -15.53   0.01  59.80  -1.05 313.61
 2462972.5 256.40   7.9   9.4  2.22  2.18 1.000   0.4  0.00 326.91  61.54 -15.41  61.95 -15.53   0.01  60.38  -1.05 313.61
 2462973.5 256.37   7.9   9.4  2.22  2.18 1.000   0.4  0.00 326.92 237.82 -15.39 238.26 -15.53   0.01  60.87  -1.05 313.60
 2462974.5 256.34   7.9   9.4  2.22  2.18 1.000   0.5  0.00 326.92  54.11 -15.38  54.58 -15.52   0.01  61.31  -1.05 313.59
 2462975.5 256.31   7.9   9.4  2.22  2.18 1.000   0.5  0.00 326.93 230.40 -15.36 230.90 -15.52   0.01  61.69  -1.05 313.59
 2462976.5 256.27   7.9   9.4  2.22  2.18 1.000   0.5  0.00 326.93  46.70 -15.35  47.22 -15.52   0.01  62.03  -1.05 313.58
 2462977.5 256.24   7.9   9.4  2.22  2.18 1.000   0.6  0.00 326.94 222.99 -15.33 223.54 -15.52   0.01  62.33  -1.05 313.57
 2462978.5 256.20   7.9   9.4  2.22  2.18 1.000   0.6  0.00 326.95  39.28 -15.31  39.87 -15.51   0.01  62.61  -1.05 313.57
 2462979.5 256.15   7.9   9.4  2.22  2.18 1.000   0.6  0.00 326.95 215.58 -15.30 216.19 -15.51   0.01  62.85  -1.05 313.56
 2462980.5 256.11   7.9   9.4  2.22  2.18 1.000   0.7  0.00 326.96  31.87 -15.28  32.51 -15.51   0.01  63.08  -1.05 313.56
 2462981.5 256.06   7.9   9.4  2.22  2.18 1.000   0.7  0.00 326.96 208.17 -15.27 208.84 -15.51   0.01  63.28  -1.05 313.55
 2462982.5 256.01   7.9   9.4  2.22  2.18 1.000   0.7  0.00 326.97  24.47 -15.25  25.16 -15.50   0.01  63.47  -1.05 313.54
 2462983.5 255.96   7.9   9.4  2.22  2.18 1.000   0.7  0.00 326.98 200.76 -15.24 201.49 -15.50   0.01  63.65  -1.05 313.54
 2462984.5 255.91   7.9   9.4  2.22  2.18 1.000   0.8  0.00 326.98  17.06 -15.22  17.82 -15.50   0.01  63.81  -1.05 313.53
 2462985.5 255.85   7.9   9.4  2.22  2.18 1.000   0.8  0.00 326.99 193.36 -15.21 194.14 -15.50   0.02  63.96  -1.06 313.52
 2462986.5 255.79   7.9   9.4  2.22  2.18 1.000   0.8  0.00 327.00   9.67 -15.19  10.47 -15.49   0.02  64.10  -1.06 313.52
 2462987.5 255.73   7.9   9.4  2.22  2.19 1.000   0.9  0.00 327.00 185.97 -15.18 186.80 -15.49   0.02  64.23  -1.06 313.51
 2462988.5 255.67   7.9   9.4  2.22  2.19 1.000   0.9  0.00 327.01   2.27 -15.16   3.13 -15.49   0.02  64.35  -1.06 313.51
 2462989.5 255.61   7.9   9.4  2.22  2.19 1.000   0.9  0.00 327.01 178.58 -15.15 179.46 -15.49   0.02  64.46  -1.06 313.50
 2462990.5 255.54   7.9   9.4  2.22  2.19 1.000   0.9  0.00 327.02 354.88 -15.14 355.80 -15.48   0.02  64.57  -1.06 313.50
 2462991.5 255.47   7.9   9.4  2.22  2.19 1.000   1.0  0.00 327.03 171.19 -15.12 172.13 -15.48   0.02  64.67  -1.06 313.49
 2462992.5 255.40   7.9   9.4  2.22  2.19 1.000   1.0  0.00 327.03 347.50 -15.11 348.46 -15.48   0.02  64.77  -1.06 313.48
 2462993.5 255.33   7.9   9.4  2.22  2.19 1.000   1.0  0.00 327.04 163.80 -15.09 164.79 -15.48   0.02  64.86  -1.06 313.48
 2462994.5 255.26   7.9   9.4  2.22  2.19 1.000   1.0  0.00 327.04 340.11 -15.08 341.13 -15.47   0.02  64.95  -1.06 313.47
 2462995.5 255.18   7.9   9.4  2.23  2.19 1.000   1.1  0.00 327.05 156.42 -15.06 157.46 -15.47   0.02  65.03  -1.06 313.47
 2462996.5 255.10   7.9   9.4  2.23  2.19 1.000   1.1  0.00 327.06 332.74 -15.05 333.80 -15.47   0.02  65.11  -1.06 313.46
 2462997.5 255.02   7.9   9.4  2.23  2.19 1.000   1.1  0.00 327.06 149.05 -15.04 150.14 -15.47   0.02  65.19  -1.06 313.46
 2462998.5 254.94   7.9   9.4  2.23  2.19 1.000   1.2  0.00 327.07 325.36 -15.02 326.48 -15.46   0.02  65.26  -1.06 313.45
 2462999.5 254.86   7.9   9.4  2.23  2.19 1.000   1.2  0.00 327.07 141.68 -15.01 142.81 -15.46   0.02  65.33  -1.06 313.45
 2463000.5 254.77   7.9   9.4  2.23  2.19 1.000   1.2  0.00 327.08 317.99 -14.99 319.15 -15.46   0.02  65.40  -1.06 313.44
 2463001.5 254.69   7.9   9.4  2.23  2.19 1.000   1.2  0.00 327.09 134.31 -14.98 135.49 -15.46   0.02  65.46  -1.06 313.44
 2463002.5 254.60   7.9   9.4  2.23  2.20 1.000   1.3  0.00 327.09 310.62 -14.97 311.83 -15.45   0.02  65.52  -1.06 313.43
 2463003.5 254.51   7.9   9.4  2.23  2.20 1.000   1.3  0.00 327.10 126.94 -14.95 128.17 -15.45   0.02  65.58  -1.06 313.43
 2463004.5 254.42   7.9   9.4  2.23  2.20 1.000   1.3  0.00 327.10 303.26 -14.94 304.51 -15.45   0.03  65.64  -1.06 313.42
 2463005.5 254.32   7.9   9.4  2.23  2.20 1.000   1.3  0.00 327.11 119.58 -14.93 120.86 -15.45   0.03  65.69  -1.06 313.42
 2463006.5 254.23   7.9   9.4  2.23  2.20 1.000   1.3  0.00 327.12 295.90 -14.92 297.20 -15.44   0.03  65.75  -1.06 313.41
 2463007.5 254.13   7.9   9.4  2.23  2.20 1.000   1.4  0.00 327.12 112.23 -14.90 113.54 -15.44   0.03  65.80  -1.06 313.41
 2463008.5 254.03   7.9   9.4  2.24  2.20 1.000   1.4  0.00 327.13 288.55 -14.89 289.89 -15.44   0.03  65.85  -1.06 313.40
 2463009.5 253.93   7.9   9.4  2.24  2.20 1.000   1.4  0.00 327.13 104.87 -14.88 106.23 -15.43   0.03  65.90  -1.06 313.40
 2463010.5 253.83   7.9   9.4  2.24  2.20 1.000   1.4  0.00 327.14 281.20 -14.87 282.58 -15.43   0.03  65.95  -1.07 313.39
 2463011.5 253.72   7.9   9.4  2.24  2.20 1.000   1.5  0.00 327.15  97.52 -14.85  98.92 -15.43   0.03  65.99  -1.07 313.39
 2463012.5 253.62   7.9   9.4  2.24  2.20 1.000   1.5  0.00 327.15 273.85 -14.84 275.27 -15.43   0.03  66.04  -1.07 313.39
 2463013.5 253.51   7.9   9.4  2.24  2.20 1.000   1.5  0.00 327.16  90.18 -14.83  91.62 -15.42   0.03  66.08  -1.07 313.38
 2463014.5 253.40   7.9   9.4  2.24  2.21 1.000   1.5  0.00 327.16 266.51 -14.82 267.96 -15.42   0.03  66.13  -1.07 313.38
 2463015.5 253.29   7.9   9.4  2.24  2.21 1.000   1.5  0.00 327.17  82.84 -14.81  84.31 -15.42   0.03  66.17  -1.07 313.37
 2463016.5 253.18   7.9   9.4  2.24  2.21 1.000   1.6  0.00 327.18 259.17 -14.80 260.66 -15.42   0.03  66.21  -1.07 313.37
 2463017.5 253.07   7.9   9.4  2.24  2.21 1.000   1.6  0.00 327.18  75.50 -14.78  77.01 -15.41   0.03  66.25  -1.07 313.36
 2463018.5 252.95   7.9   9.4  2.25  2.21 1.000   1.6  0.00 327.19 251.83 -14.77 253.36 -15.41   0.03  66.29  -1.07 313.36
 2463019.5 252.84   7.9   9.4  2.25  2.21 1.000   1.6  0.00 327.19  68.17 -14.76  69.71 -15.41   0.03  66.33  -1.07 313.36
 2463020.5 252.72   7.9   9.4  2.25  2.21 1.000   1.6  0.00 327.20 244.50 -14.75 246.06 -15.41   0.03  66.36  -1.07 313.35
 2463021.5 252.60   7.9   9.4  2.25  2.21 1.000   1.7  0.00 327.21  60.83 -14.74  62.41 -15.40   0.03  66.40  -1.07 313.35
 2463022.5 252.48   7.9   9.4  2.25  2.21 1.000   1.7  0.00 327.21 237.17 -14.73 238.76 -15.40   0.03  66.43  -1.07 313.35
 2463023.5 252.36   7.9   9.4  2.25  2.21 1.000   1.7  0.00 327.22  53.51 -14.72  55.11 -15.40   0.03  66.47  -1.07 313.34
 2463024.5 252.24   7.9   9.4  2.25  2.22 1.000   1.7  0.00 327.22 229.85 -14.71 231.47 -15.40   0.03  66.50  -1.07 313.34
 2463025.5 252.12   7.9   9.4  2.25  2.22 1.000   1.7  0.00 327.23  46.18 -14.70  47.82 -15.39   0.03  66.54  -1.07 313.34
 2463026.5 252.00   7.9   9.4  2.25  2.22 1.000   1.7  0.00 327.24 222.52 -14.69 224.17 -15.39   0.03  66.57  -1.07 313.33
 2463027.5 251.87   7.9   9.4  2.25  2.22 1.000   1.7  0.00 327.24  38.86 -14.68  40.53 -15.39   0.03  66.60  -1.07 313.33
 2463028.5 251.75   7.9   9.4  2.26  2.22 1.000   1.8  0.00 327.25 215.20 -14.67 216.88 -15.39   0.03  66.64  -1.07 313.33
 2463029.5 251.62   7.9   9.4  2.26  2.22 1.000   1.8  0.00 327.25  31.55 -14.66  33.23 -15.38   0.03  66.67  -1.08 313.32
 2463030.5 251.49   7.9   9.4  2.26  2.22 1.000   1.8  0.00 327.26 207.89 -14.66 209.59 -15.38   0.04  66.70  -1.08 313.32
 2463031.5 251.36   7.9   9.4  2.26  2.22 1.000   1.8  0.00 327.27  24.23 -14.65  25.94 -15.38   0.04  66.73  -1.08 313.32
 2463032.5 251.23   7.9   9.4  2.26  2.22 1.000   1.8  0.00 327.27 200.58 -14.64 202.30 -15.38   0.04  66.76  -1.08 313.32
 2463033.5 251.10   7.9   9.4  2.26  2.23 1.000   1.8  0.00 327.28  16.92 -14.63  18.65 -15.37   0.04  66.79  -1.08 313.31
 2463034.5 250.97   7.9   9.4  2.26  2.23 1.000   1.8  0.00 327.28 193.27 -14.62 195.01 -15.37   0.04  66.82  -1.08 313.31
 2463035.5 250.84   7.9   9.4  2.26  2.23 1.000   1.8  0.00 327.29   9.61 -14.61  11.37 -15.37   0.04  66.85  -1.08 313.31
 2463036.5 250.71   7.9   9.4  2.27  2.23 1.000   1.9  0.00 327.30 185.96 -14.61 187.72 -15.37   0.04  66.88  -1.08 313.31
 2463037.5 250.57   7.9   9.4  2.27  2.23 1.000   1.9  0.00 327.30   2.31 -14.60   4.08 -15.36   0.04  66.91  -1.08 313.30
 2463038.5 250.44   7.9   9.4  2.27  2.23 1.000   1.9  0.00 327.31 178.66 -14.59 180.44 -15.36   0.04  66.94  -1.08 313.30
 2463039.5 250.31   7.9   9.4  2.27  2.23 1.000   1.9  0.00 327.32 355.01 -14.58 356.79 -15.36   0.04  66.97  -1.08 313.30
 2463040.5 250.17   7.9   9.4  2.27  2.23 1.000   1.9  0.00 327.32 171.36 -14.58 173.15 -15.36   0.04  67.00  -1.08 313.30
 2463041.5 250.03   7.9   9.4  2.27  2.23 1.000   1.9  0.00 327.33 347.71 -14.57 349.51 -15.35   0.04  67.02  -1.08 313.30
 2463042.5 249.90   7.9   9.4  2.27  2.24 1.000   1.9  0.00 327.33 164.06 -14.56 165.87 -15.35   0.04  67.05  -1.08 313.29
 2463043.5 249.76   7.9   9.4  2.27  2.24 1.000   1.9  0.00 327.34 340.41 -14.56 342.23 -15.35   0.04  67.08  -1.08 313.29
 2463044.5 249.62   7.9   9.4  2.28  2.24 1.000   1.9  0.00 327.35 156.77 -14.55 158.58 -15.34   0.04  67.11  -1.08 313.29
 2463045.5 249.49   7.9   9.4  2.28  2.24 1.000   1.9  0.00 327.35 333.12 -14.55 334.94 -15.34   0.04  67.13  -1.09 313.29
 2463046.5 249.35   7.9   9.4  2.28  2.24 1.000   1.9  0.00 327.36 149.47 -14.54 151.30 -15.34   0.04  67.16  -1.09 313.29
 2463047.5 249.21   7.9   9.4  2.28  2.24 1.000   1.9  0.00 327.36 325.83 -14.54 327.66 -15.34   0.04  67.19  -1.09 313.28
 2463048.5 249.07   7.9   9.4  2.28  2.24 1.000   1.9  0.00 327.37 142.18 -14.53 144.02 -15.33   0.04  67.21  -1.09 313.28
 2463049.5 248.93   7.9   9.4  2.28  2.24 1.000   1.9  0.00 327.38 318.54 -14.53 320.38 -15.33   0.04  67.24  -1.09 313.28
 2463050.5 248.79   7.9   9.4  2.28  2.25 1.000   1.9  0.00 327.38 134.90 -14.52 136.74 -15.33   0.04  67.27  -1.09 313.28
 2463051.5 248.65   7.9   9.4  2.28  2.25 1.000   1.9  0.00 327.39 311.25 -14.52 313.10 -15.33   0.04  67.29  -1.09 313.28
 2463052.5 248.51   7.9   9.4  2.29  2.25 1.000   2.0  0.00 327.39 127.61 -14.51 129.45 -15.32   0.04  67.32  -1.09 313.28
 2463053.5 248.37   7.9   9.4  2.29  2.25 1.000   2.0  0.00 327.40 303.97 -14.51 305.81 -15.32   0.04  67.35  -1.09 313.28
 2463054.5 248.23   7.9   9.4  2.29  2.25 1.000   2.0  0.00 327.41 120.33 -14.50 122.17 -15.32   0.04  67.37  -1.09 313.28
 2463055.5 248.09   7.9   9.4  2.29  2.25 1.000   2.0  0.00 327.41 296.69 -14.50 298.53 -15.32   0.04  67.40  -1.09 313.28
 2463056.5 247.96   7.9   9.4  2.29  2.25 1.000   2.0  0.00 327.42 113.05 -14.50 114.89 -15.31   0.04  67.43  -1.09 313.28
 2463057.5 247.82   7.9   9.4  2.29  2.25 1.000   2.0  0.00 327.42 289.41 -14.49 291.25 -15.31   0.04  67.45  -1.09 313.27
 2463058.5 247.68   7.9   9.4  2.29  2.26 1.000   2.0  0.00 327.43 105.77 -14.49 107.61 -15.31   0.04  67.48  -1.09 313.27
 2463059.5 247.54   7.9   9.4  2.29  2.26 1.000   1.9  0.00 327.44 282.13 -14.49 283.97 -15.31   0.04  67.51  -1.09 313.27
 2463060.5 247.40   7.9   9.4  2.30  2.26 1.000   1.9  0.00 327.44  98.49 -14.49 100.33 -15.30   0.04  67.53  -1.09 313.27
 2463061.5 247.26   7.9   9.4  2.30  2.26 1.000   1.9  0.00 327.45 274.86 -14.48 276.69 -15.30   0.04  67.56  -1.10 313.27
 2463062.5 247.12   7.9   9.4  2.30  2.26 1.000   1.9  0.00 327.45  91.22 -14.48  93.05 -15.30   0.04  67.58  -1.10 313.27
 2463063.5 246.98   7.9   9.4  2.30  2.26 1.000   1.9  0.00 327.46 267.58 -14.48 269.40 -15.30   0.04  67.61  -1.10 313.27
 2463064.5 246.84   7.9   9.4  2.30  2.26 1.000   1.9  0.00 327.47  83.94 -14.48  85.76 -15.29   0.04  67.64  -1.10 313.27
 2463065.5 246.70   7.9   9.4  2.30  2.27 1.000   1.9  0.00 327.47 260.31 -14.48 262.12 -15.29   0.04  67.67  -1.10 313.27
 2463066.5 246.57   7.9   9.4  2.30  2.27 1.000   1.9  0.00 327.48  76.67 -14.48  78.48 -15.29   0.04  67.69  -1.10 313.27
 2463067.5 246.43   7.9   9.4  2.30  2.27 1.000   1.9  0.00 327.48 253.04 -14.48 254.84 -15.29   0.04  67.72  -1.10 313.27
 2463068.5 246.29   7.9   9.4  2.31  2.27 1.000   1.9  0.00 327.49  69.40 -14.48  71.20 -15.28   0.04  67.75  -1.10 313.27
 2463069.5 246.16   7.9   9.4  2.31  2.27 1.000   1.9  0.00 327.50 245.77 -14.48 247.55 -15.28   0.04  67.77  -1.10 313.27
 2463070.5 246.02   7.9   9.4  2.31  2.27 1.000   1.9  0.00 327.50  62.13 -14.48  63.91 -15.28   0.04  67.80  -1.10 313.27
 2463071.5 245.88   7.9   9.4  2.31  2.27 1.000   1.9  0.00 327.51 238.50 -14.48 240.27 -15.28   0.04  67.83  -1.10 313.27
 2463072.5 245.75   7.9   9.4  2.31  2.27 1.000   1.9  0.00 327.51  54.87 -14.48  56.63 -15.27   0.04  67.86  -1.10 313.27
 2463073.5 245.62   7.9   9.4  2.31  2.28 1.000   1.9  0.00 327.52 231.23 -14.48 232.98 -15.27   0.04  67.89  -1.10 313.28
 2463074.5 245.48   7.9   9.4  2.31  2.28 1.000   1.9  0.00 327.53  47.60 -14.48  49.34 -15.27   0.04  67.92  -1.10 313.28
 2463075.5 245.35   7.9   9.4  2.31  2.28 1.000   1.8  0.00 327.53 223.97 -14.48 225.70 -15.26   0.04  67.95  -1.10 313.28
 2463076.5 245.22   7.9   9.4  2.32  2.28 1.000   1.8  0.00 327.54  40.33 -14.48  42.05 -15.26   0.04  67.98  -1.10 313.28
 2463077.5 245.09   7.9   9.4  2.32  2.28 1.000   1.8  0.00 327.54 216.70 -14.48 218.41 -15.26   0.04  68.01  -1.10 313.28
 2463078.5 244.96   7.9   9.4  2.32  2.28 1.000   1.8  0.00 327.55  33.07 -14.48  34.76 -15.26   0.04  68.04  -1.11 313.28
 2463079.5 244.83   7.8   9.4  2.32  2.28 1.000   1.8  0.00 327.56 209.43 -14.49 211.12 -15.25   0.04  68.07  -1.11 313.28
 2463080.5 244.70   7.8   9.4  2.32  2.28 1.000   1.8  0.00 327.56  25.80 -14.49  27.47 -15.25   0.04  68.10  -1.11 313.28
 2463081.5 244.57   7.8   9.4  2.32  2.28 1.000   1.8  0.00 327.57 202.17 -14.49 203.83 -15.25   0.04  68.13  -1.11 313.28
 2463082.5 244.45   7.8   9.4  2.32  2.29 1.000   1.8  0.00 327.57  18.54 -14.49  20.18 -15.25   0.04  68.16  -1.11 313.29
 2463083.5 244.32   7.8   9.4  2.32  2.29 1.000   1.7  0.00 327.58 194.91 -14.50 196.54 -15.24   0.04  68.19  -1.11 313.29
 2463084.5 244.20   7.8   9.4  2.33  2.29 1.000   1.7  0.00 327.59  11.27 -14.50  12.89 -15.24   0.03  68.23  -1.11 313.29
 2463085.5 244.08   7.8   9.4  2.33  2.29 1.000   1.7  0.00 327.59 187.64 -14.50 189.24 -15.24   0.03  68.26  -1.11 313.29
 2463086.5 243.96   7.8   9.4  2.33  2.29 1.000   1.7  0.00 327.60   4.01 -14.51   5.60 -15.24   0.03  68.30  -1.11 313.29
 2463087.5 243.84   7.8   9.4  2.33  2.29 1.000   1.7  0.00 327.60 180.38 -14.51 181.95 -15.23   0.03  68.33  -1.11 313.29
 2463088.5 243.72   7.8   9.4  2.33  2.29 1.000   1.7  0.00 327.61 356.75 -14.51 358.30 -15.23   0.03  68.37  -1.11 313.30
 2463089.5 243.60   7.8   9.4  2.33  2.29 1.000   1.6  0.00 327.62 173.12 -14.52 174.65 -15.23   0.03  68.40  -1.11 313.30
 2463090.5 243.48   7.8   9.4  2.33  2.30 1.000   1.6  0.00 327.62 349.48 -14.52 351.00 -15.23   0.03  68.44  -1.11 313.30
 2463091.5 243.37   7.8   9.4  2.33  2.30 1.000   1.6  0.00 327.63 165.85 -14.53 167.35 -15.22   0.03  68.48  -1.11 313.30
 2463092.5 243.25   7.8   9.4  2.33  2.30 1.000   1.6  0.00 327.64 342.22 -14.53 343.70 -15.22   0.03  68.52  -1.11 313.30
 2463093.5 243.14   7.8   9.4  2.34  2.30 1.000   1.6  0.00 327.64 158.59 -14.54 160.05 -15.22   0.03  68.56  -1.11 313.31
 2463094.5 243.03   7.8   9.4  2.34  2.30 1.000   1.5  0.00 327.65 334.96 -14.54 336.40 -15.22   0.03  68.60  -1.11 313.31
 2463095.5 242.92   7.8   9.4  2.34  2.30 1.000   1.5  0.00 327.65 151.32 -14.55 152.75 -15.21   0.03  68.65  -1.11 313.31
 2463096.5 242.81   7.8   9.4  2.34  2.30 1.000   1.5  0.00 327.66 327.69 -14.55 329.09 -15.21   0.03  68.69  -1.12 313.31
 2463097.5 242.70   7.8   9.4  2.34  2.30 1.000   1.5  0.00 327.67 144.06 -14.56 145.44 -15.21   0.03  68.73  -1.12 313.32
 2463098.5 242.60   7.8   9.4  2.34  2.30 1.000   1.5  0.00 327.67 320.43 -14.56 321.79 -15.21   0.03  68.78  -1.12 313.32
 2463099.5 242.50   7.8   9.4  2.34  2.30 1.000   1.4  0.00 327.68 136.79 -14.57 138.13 -15.20   0.03  68.83  -1.12 313.32
 2463100.5 242.39   7.8   9.4  2.34  2.31 1.000   1.4  0.00 327.68 313.16 -14.58 314.48 -15.20   0.03  68.88  -1.12 313.32
 2463101.5 242.29   7.8   9.4  2.34  2.31 1.000   1.4  0.00 327.69 129.53 -14.58 130.82 -15.20   0.03  68.93  -1.12 313.33
 2463102.5 242.20   7.8   9.4  2.34  2.31 1.000   1.4  0.00 327.70 305.89 -14.59 307.17 -15.20   0.03  68.98  -1.12 313.33
 2463103.5 242.10   7.8   9.4  2.35  2.31 1.000   1.3  0.00 327.70 122.26 -14.60 123.51 -15.19   0.03  69.04  -1.12 313.33
 2463104.5 242.00   7.8   9.4  2.35  2.31 1.000   1.3  0.00 327.71 298.63 -14.60 299.85 -15.19   0.03  69.10  -1.12 313.33
 2463105.5 241.91   7.8   9.4  2.35  2.31 1.000   1.3  0.00 327.71 114.99 -14.61 116.19 -15.19   0.03  69.16  -1.12 313.34
 2463106.5 241.82   7.8   9.4  2.35  2.31 1.000   1.3  0.00 327.72 291.36 -14.62 292.53 -15.18   0.03  69.22  -1.12 313.34
 2463107.5 241.73   7.8   9.4  2.35  2.31 1.000   1.2  0.00 327.73 107.72 -14.63 108.87 -15.18   0.03  69.28  -1.12 313.34
 2463108.5 241.64   7.8   9.4  2.35  2.31 1.000   1.2  0.00 327.73 284.09 -14.63 285.21 -15.18   0.02  69.35  -1.12 313.35
 2463109.5 241.56   7.8   9.4  2.35  2.31 1.000   1.2  0.00 327.74 100.45 -14.64 101.55 -15.18   0.02  69.42  -1.12 313.35
 2463110.5 241.47   7.8   9.4  2.35  2.31 1.000   1.2  0.00 327.74 276.81 -14.65 277.89 -15.17   0.02  69.50  -1.12 313.35
 2463111.5 241.39   7.8   9.4  2.35  2.32 1.000   1.1  0.00 327.75  93.18 -14.66  94.23 -15.17   0.02  69.57  -1.12 313.36
 2463112.5 241.31   7.8   9.4  2.35  2.32 1.000   1.1  0.00 327.76 269.54 -14.67 270.57 -15.17   0.02  69.65  -1.12 313.36
 2463113.5 241.23   7.8   9.4  2.35  2.32 1.000   1.1  0.00 327.76  85.90 -14.68  86.90 -15.17   0.02  69.74  -1.12 313.36
 2463114.5 241.16   7.8   9.4  2.36  2.32 1.000   1.1  0.00 327.77 262.26 -14.68 263.24 -15.16   0.02  69.83  -1.12 313.37
 2463115.5 241.08   7.8   9.4  2.36  2.32 1.000   1.0  0.00 327.77  78.63 -14.69  79.57 -15.16   0.02  69.93  -1.12 313.37
 2463116.5 241.01   7.8   9.4  2.36  2.32 1.000   1.0  0.00 327.78 254.99 -14.70 255.91 -15.16   0.02  70.03  -1.12 313.38
 2463117.5 240.94   7.8   9.4  2.36  2.32 1.000   1.0  0.00 327.79  71.35 -14.71  72.24 -15.16   0.02  70.14  -1.12 313.38
 2463118.5 240.88   7.8   9.4  2.36  2.32 1.000   0.9  0.00 327.79 247.71 -14.72 248.57 -15.15   0.02  70.25  -1.12 313.38
 2463119.5 240.81   7.8   9.4  2.36  2.32 1.000   0.9  0.00 327.80  64.07 -14.73  64.90 -15.15   0.02  70.37  -1.12 313.39
 2463120.5 240.75   7.8   9.4  2.36  2.32 1.000   0.9  0.00 327.80 240.43 -14.74 241.23 -15.15   0.02  70.50  -1.12 313.39
 2463121.5 240.69   7.8   9.4  2.36  2.32 1.000   0.8  0.00 327.81  56.79 -14.75  57.56 -15.15   0.02  70.64  -1.12 313.40
 2463122.5 240.63   7.8   9.4  2.36  2.32 1.000   0.8  0.00 327.82 233.14 -14.76 233.89 -15.14   0.02  70.79  -1.12 313.40
 2463123.5 240.57   7.8   9.4  2.36  2.32 1.000   0.8  0.00 327.82  49.50 -14.77  50.22 -15.14   0.02  70.96  -1.12 313.40
 2463124.5 240.52   7.8   9.4  2.36  2.32 1.000   0.8  0.00 327.83 225.86 -14.78 226.55 -15.14   0.02  71.13  -1.12 313.41
 2463125.5 240.47   7.8   9.4  2.36  2.32 1.000   0.7  0.00 327.83  42.21 -14.79  42.87 -15.14   0.01  71.33  -1.12 313.41
 2463126.5 240.42   7.8   9.4  2.36  2.32 1.000   0.7  0.00 327.84 218.57 -14.80 219.20 -15.13   0.01  71.53  -1.12 313.42
 2463127.5 240.37   7.8   9.4  2.36  2.32 1.000   0.7  0.00 327.85  34.93 -14.81  35.52 -15.13   0.01  71.76  -1.13 313.42
 2463128.5 240.33   7.8   9.4  2.36  2.33 1.000   0.6  0.00 327.85 211.28 -14.82 211.85 -15.13   0.01  72.02  -1.13 313.42
 2463129.5 240.28   7.8   9.4  2.36  2.33 1.000   0.6  0.00 327.86  27.63 -14.83  28.17 -15.13   0.01  72.30  -1.13 313.43
 2463130.5 240.24   7.8   9.4  2.36  2.33 1.000   0.6  0.00 327.86 203.99 -14.84 204.49 -15.12   0.01  72.61  -1.13 313.43
 2463131.5 240.21   7.8   9.4  2.36  2.33 1.000   0.5  0.00 327.87  20.34 -14.85  20.81 -15.12   0.01  72.96  -1.13 313.44
 2463132.5 240.17   7.8   9.4  2.36  2.33 1.000   0.5  0.00 327.88 196.69 -14.86 197.13 -15.12   0.01  73.36  -1.13 313.44
 2463133.5 240.14   7.8   9.4  2.37  2.33 1.000   0.5  0.00 327.88  13.04 -14.87  13.45 -15.12   0.01  73.82  -1.13 313.45
 2463134.5 240.11   7.8   9.4  2.37  2.33 1.000   0.4  0.00 327.89 189.39 -14.88 189.77 -15.11   0.01  74.34  -1.13 313.45
 2463135.5 240.08   7.8   9.4  2.37  2.33 1.000   0.4  0.00 327.89   5.74 -14.90   6.09 -15.11   0.01  74.95  -1.13 313.46
 2463136.5 240.05   7.8   9.4  2.37  2.33 1.000   0.4  0.00 327.90 182.09 -14.91 182.41 -15.11   0.01  75.68  -1.13 313.46
 2463137.5 240.03   7.8   9.4  2.37  2.33 1.000   0.3  0.00 327.91 358.43 -14.92 358.72 -15.10   0.01  76.54  -1.13 313.46
 2463138.5 240.01   7.8   9.4  2.37  2.33 1.000   0.3  0.00 327.91 174.78 -14.93 175.04 -15.10   0.01  77.60  -1.13 313.47
 2463139.5 239.99   7.8   9.4  2.37  2.33 1.000   0.3  0.00 327.92 351.13 -14.94 351.35 -15.10   0.01  78.92  -1.13 313.47
 2463140.5 239.98   7.8   9.4  2.37  2.33 1.000   0.2  0.00 327.93 167.47 -14.95 167.66 -15.10   0.00  80.61  -1.13 313.48
 2463141.5 239.96   7.8   9.4  2.37  2.33 1.000   0.2  0.00 327.93 343.81 -14.96 343.97 -15.09   0.00  82.86  -1.13 313.48
 2463142.5 239.95   7.8   9.4  2.37  2.33 1.000   0.2  0.00 327.94 160.16 -14.97 160.29 -15.09   0.00  85.97  -1.13 313.49
 2463143.5 239.95   7.8   9.4  2.37  2.33 1.000   0.1  0.00 327.94 336.50 -14.99 336.60 -15.09   0.00  90.54  -1.13 313.49
 2463144.5 239.94   7.8   9.4  2.37  2.33 1.000   0.1  0.00 327.95 152.84 -15.00 152.91 -15.09   0.00  97.79  -1.13 313.50
 2463145.5 239.94   7.8   9.4  2.37  2.33 1.000   0.1  0.00 327.96 329.18 -15.01 329.21 -15.08   0.00 110.38  -1.13 313.50
 2463146.5 239.94   7.8   9.4  2.37  2.33 1.000   0.1  0.00 327.96 145.52 -15.02 145.52 -15.08   0.00 133.49  -1.13 313.51
 2463147.5 239.94   7.8   9.4  2.37  2.33 1.000   0.1  0.00 327.97 321.86 -15.03 321.83 -15.08   0.00 167.86  -1.13 313.51
 2463148.5 239.94   7.8   9.4  2.37  2.33 1.000   0.1  0.00 327.97 138.20 -15.04 138.13 -15.08   0.00 196.45  -1.13 313.52
 2463149.5 239.95   7.8   9.4  2.37  2.33 1.000   0.1  0.00 327.98 314.53 -15.06 314.44 -15.07   0.00 212.56  -1.13 313.52
 2463150.5 239.96   7.8   9.4  2.37  2.33 1.000   0.1  0.00 327.99 130.87 -15.07 130.74 -15.07   0.00 221.52  -1.13 313.53
 2463151.5 239.97   7.8   9.4  2.37  2.33 1.000   0.2  0.00 327.99 307.20 -15.08 307.04 -15.07   0.00 226.97  -1.13 313.53
 2463152.5 239.98   7.8   9.4  2.37  2.33 1.000   0.2  0.00 328.00 123.54 -15.09 123.35 -15.07   0.00 230.58  -1.13 313.54
 2463153.5 240.00   7.8   9.4  2.37  2.33 1.000   0.2  0.00 328.00 299.87 -15.10 299.65 -15.06   0.00 233.13  -1.13 313.54
 2463154.5 240.02   7.8   9.4  2.37  2.33 1.000   0.2  0.00 328.01 116.20 -15.11 115.95 -15.06   0.01 235.02  -1.13 313.55
 2463155.5 240.04   7.8   9.4  2.37  2.33 1.000   0.3  0.00 328.02 292.53 -15.12 292.25 -15.06   0.01 236.47  -1.13 313.55
 2463156.5 240.07   7.8   9.4  2.37  2.33 1.000   0.3  0.00 328.02 108.86 -15.14 108.54 -15.06   0.01 237.63  -1.12 313.56
 2463157.5 240.09   7.8   9.4  2.37  2.33 1.000   0.3  0.00 328.03 285.19 -15.15 284.84 -15.05   0.01 238.56  -1.12 313.56
 2463158.5 240.12   7.8   9.4  2.37  2.33 1.000   0.4  0.00 328.03 101.52 -15.16 101.14 -15.05   0.01 239.34  -1.12 313.56
 2463159.5 240.16   7.8   9.4  2.36  2.33 1.000   0.4  0.00 328.04 277.85 -15.17 277.43 -15.05   0.01 239.99  -1.12 313.57
 2463160.5 240.19   7.8   9.4  2.36  2.33 1.000   0.4  0.00 328.05  94.17 -15.18  93.73 -15.05   0.01 240.55  -1.12 313.57
 2463161.5 240.23   7.8   9.4  2.36  2.33 1.000   0.5  0.00 328.05 270.50 -15.19 270.02 -15.04   0.01 241.03  -1.12 313.58
 2463162.5 240.27   7.8   9.4  2.36  2.33 1.000   0.5  0.00 328.06  86.82 -15.20  86.31 -15.04   0.01 241.45  -1.12 313.58
 2463163.5 240.31   7.8   9.4  2.36  2.33 1.000   0.5  0.00 328.06 263.14 -15.21 262.60 -15.04   0.01 241.82  -1.12 313.59
 2463164.5 240.35   7.8   9.4  2.36  2.33 1.000   0.6  0.00 328.07  79.46 -15.23  78.89 -15.03   0.01 242.15  -1.12 313.59
 2463165.5 240.40   7.8   9.4  2.36  2.32 1.000   0.6  0.00 328.08 255.78 -15.24 255.18 -15.03   0.01 242.44  -1.12 313.60
 2463166.5 240.45   7.8   9.4  2.36  2.32 1.000   0.6  0.00 328.08  72.10 -15.25  71.47 -15.03   0.01 242.71  -1.12 313.60
 2463167.5 240.50   7.8   9.4  2.36  2.32 1.000   0.7  0.00 328.09 248.42 -15.26 247.76 -15.03   0.01 242.95  -1.12 313.61
 2463168.5 240.55   7.8   9.4  2.36  2.32 1.000   0.7  0.00 328.09  64.74 -15.27  64.05 -15.02   0.01 243.16  -1.12 313.61
 2463169.5 240.61   7.8   9.4  2.36  2.32 1.000   0.7  0.00 328.10 241.05 -15.28 240.33 -15.02   0.02 243.36  -1.12 313.62
 2463170.5 240.67   7.8   9.4  2.36  2.32 1.000   0.8  0.00 328.11  57.37 -15.29  56.62 -15.02   0.02 243.55  -1.12 313.62
 2463171.5 240.73   7.8   9.4  2.36  2.32 1.000   0.8  0.00 328.11 233.68 -15.30 232.90 -15.02   0.02 243.71  -1.12 313.63
 2463172.5 240.79   7.8   9.4  2.36  2.32 1.000   0.8  0.00 328.12  49.99 -15.31  49.19 -15.01   0.02 243.87  -1.12 313.63
 2463173.5 240.86   7.8   9.4  2.36  2.32 1.000   0.9  0.00 328.12 226.30 -15.32 225.47 -15.01   0.02 244.01  -1.12 313.63
 2463174.5 240.93   7.8   9.4  2.36  2.32 1.000   0.9  0.00 328.13  42.61 -15.33  41.75 -15.01   0.02 244.15  -1.12 313.64
 2463175.5 241.00   7.8   9.4  2.36  2.32 1.000   0.9  0.00 328.14 218.92 -15.34 218.03 -15.01   0.02 244.27  -1.12 313.64
 2463176.5 241.07   7.8   9.4  2.36  2.32 1.000   0.9  0.00 328.14  35.23 -15.35  34.31 -15.00   0.02 244.39  -1.12 313.65
 2463177.5 241.14   7.8   9.4  2.36  2.32 1.000   1.0  0.00 328.15 211.54 -15.36 210.59 -15.00   0.02 244.50  -1.12 313.65
 2463178.5 241.22   7.8   9.4  2.35  2.32 1.000   1.0  0.00 328.15  27.84 -15.37  26.87 -15.00   0.02 244.61  -1.12 313.65
 2463179.5 241.30   7.8   9.4  2.35  2.32 1.000   1.0  0.00 328.16 204.15 -15.38 203.15 -15.00   0.02 244.71  -1.12 313.66
 2463180.5 241.38   7.8   9.4  2.35  2.32 1.000   1.1  0.00 328.17  20.45 -15.39  19.43 -14.99   0.02 244.80  -1.12 313.66
 2463181.5 241.46   7.8   9.4  2.35  2.31 1.000   1.1  0.00 328.17 196.75 -15.40 195.70 -14.99   0.02 244.89  -1.12 313.67
 2463182.5 241.55   7.8   9.4  2.35  2.31 1.000   1.1  0.00 328.18  13.06 -15.41  11.98 -14.99   0.02 244.97  -1.12 313.67
 2463183.5 241.63   7.8   9.4  2.35  2.31 1.000   1.1  0.00 328.18 189.36 -15.42 188.25 -14.99   0.02 245.05  -1.12 313.67
 2463184.5 241.72   7.8   9.4  2.35  2.31 1.000   1.2  0.00 328.19   5.66 -15.43   4.53 -14.98   0.02 245.13  -1.12 313.68
 2463185.5 241.81   7.8   9.4  2.35  2.31 1.000   1.2  0.00 328.20 181.95 -15.44 180.80 -14.98   0.02 245.20  -1.12 313.68
 2463186.5 241.91   7.8   9.4  2.35  2.31 1.000   1.2  0.00 328.20 358.25 -15.45 357.07 -14.98   0.03 245.27  -1.11 313.69
 2463187.5 242.00   7.8   9.4  2.35  2.31 1.000   1.2  0.00 328.21 174.55 -15.45 173.34 -14.98   0.03 245.34  -1.11 313.69
 2463188.5 242.10   7.8   9.4  2.35  2.31 1.000   1.3  0.00 328.22 350.84 -15.46 349.62 -14.97   0.03 245.40  -1.11 313.69
 2463189.5 242.20   7.8   9.4  2.34  2.31 1.000   1.3  0.00 328.22 167.13 -15.47 165.89 -14.97   0.03 245.46  -1.11 313.70
 2463190.5 242.30   7.8   9.4  2.34  2.31 1.000   1.3  0.00 328.23 343.43 -15.48 342.16 -14.97   0.03 245.52  -1.11 313.70
 2463191.5 242.40   7.8   9.4  2.34  2.31 1.000   1.3  0.00 328.23 159.72 -15.49 158.42 -14.96   0.03 245.58  -1.11 313.70
 2463192.5 242.51   7.8   9.4  2.34  2.30 1.000   1.4  0.00 328.24 336.01 -15.49 334.69 -14.96   0.03 245.63  -1.11 313.71
 2463193.5 242.61   7.8   9.4  2.34  2.30 1.000   1.4  0.00 328.25 152.30 -15.50 150.96 -14.96   0.03 245.69  -1.11 313.71
 2463194.5 242.72   7.8   9.4  2.34  2.30 1.000   1.4  0.00 328.25 328.58 -15.51 327.23 -14.96   0.03 245.74  -1.11 313.71
 2463195.5 242.83   7.8   9.4  2.34  2.30 1.000   1.4  0.00 328.26 144.87 -15.52 143.49 -14.95   0.03 245.79  -1.11 313.71
 2463196.5 242.94   7.8   9.4  2.34  2.30 1.000   1.5  0.00 328.26 321.16 -15.52 319.76 -14.95   0.03 245.83  -1.11 313.72
 2463197.5 243.05   7.8   9.4  2.34  2.30 1.000   1.5  0.00 328.27 137.44 -15.53 136.02 -14.95   0.03 245.88  -1.11 313.72
 2463198.5 243.17   7.8   9.4  2.34  2.30 1.000   1.5  0.00 328.28 313.73 -15.54 312.29 -14.95   0.03 245.93  -1.11 313.72
 2463199.5 243.28   7.8   9.4  2.33  2.30 1.000   1.5  0.00 328.28 130.01 -15.54 128.55 -14.94   0.03 245.97  -1.11 313.73
 2463200.5 243.40   7.8   9.4  2.33  2.30 1.000   1.5  0.00 328.29 306.29 -15.55 304.82 -14.94   0.03 246.01  -1.11 313.73
 2463201.5 243.52   7.8   9.4  2.33  2.30 1.000   1.6  0.00 328.29 122.57 -15.55 121.08 -14.94   0.03 246.06  -1.11 313.73
 2463202.5 243.64   7.8   9.4  2.33  2.29 1.000   1.6  0.00 328.30 298.85 -15.56 297.34 -14.94   0.03 246.10  -1.11 313.73
 2463203.5 243.76   7.8   9.4  2.33  2.29 1.000   1.6  0.00 328.31 115.13 -15.57 113.60 -14.93   0.03 246.14  -1.11 313.73
 2463204.5 243.88   7.8   9.4  2.33  2.29 1.000   1.6  0.00 328.31 291.41 -15.57 289.86 -14.93   0.03 246.18  -1.11 313.74
 2463205.5 244.01   7.8   9.4  2.33  2.29 1.000   1.6  0.00 328.32 107.68 -15.58 106.13 -14.93   0.03 246.21  -1.10 313.74
 2463206.5 244.13   7.8   9.4  2.33  2.29 1.000   1.6  0.00 328.32 283.96 -15.58 282.39 -14.93   0.03 246.25  -1.10 313.74
 2463207.5 244.26   7.8   9.4  2.33  2.29 1.000   1.7  0.00 328.33 100.23 -15.59  98.65 -14.92   0.03 246.29  -1.10 313.74
 2463208.5 244.39   7.8   9.4  2.32  2.29 1.000   1.7  0.00 328.34 276.51 -15.59 274.91 -14.92   0.03 246.32  -1.10 313.74
 2463209.5 244.52   7.8   9.4  2.32  2.29 1.000   1.7  0.00 328.34  92.78 -15.60  91.16 -14.92   0.03 246.36  -1.10 313.75
 2463210.5 244.65   7.8   9.4  2.32  2.28 1.000   1.7  0.00 328.35 269.05 -15.60 267.42 -14.92   0.03 246.39  -1.10 313.75
 2463211.5 244.78   7.8   9.4  2.32  2.28 1.000   1.7  0.00 328.35  85.32 -15.60  83.68 -14.91   0.03 246.43  -1.10 313.75
 2463212.5 244.91   7.8   9.4  2.32  2.28 1.000   1.7  0.00 328.36 261.59 -15.61 259.94 -14.91   0.04 246.46  -1.10 313.75
 2463213.5 245.05   7.9   9.4  2.32  2.28 1.000   1.7  0.00 328.37  77.86 -15.61  76.20 -14.91   0.04 246.49  -1.10 313.75
 2463214.5 245.18   7.9   9.4  2.32  2.28 1.000   1.8  0.00 328.37 254.13 -15.61 252.45 -14.90   0.04 246.53  -1.10 313.75
 2463215.5 245.32   7.9   9.4  2.32  2.28 1.000   1.8  0.00 328.38  70.40 -15.62  68.71 -14.90   0.04 246.56  -1.10 313.75
 2463216.5 245.45   7.9   9.4  2.31  2.28 1.000   1.8  0.00 328.38 246.67 -15.62 244.97 -14.90   0.04 246.59  -1.10 313.75
 2463217.5 245.59   7.9   9.4  2.31  2.28 1.000   1.8  0.00 328.39  62.93 -15.62  61.22 -14.90   0.04 246.62  -1.10 313.75
 2463218.5 245.73   7.9   9.4  2.31  2.27 1.000   1.8  0.00 328.40 239.20 -15.63 237.48 -14.89   0.04 246.65  -1.10 313.76
 2463219.5 245.87   7.9   9.4  2.31  2.27 1.000   1.8  0.00 328.40  55.46 -15.63  53.73 -14.89   0.04 246.68  -1.10 313.76
 2463220.5 246.01   7.9   9.4  2.31  2.27 1.000   1.8  0.00 328.41 231.72 -15.63 229.99 -14.89   0.04 246.71  -1.10 313.76
 2463221.5 246.15   7.9   9.4  2.31  2.27 1.000   1.8  0.00 328.41  47.99 -15.63  46.24 -14.89   0.04 246.74  -1.09 313.76
 2463222.5 246.29   7.9   9.4  2.31  2.27 1.000   1.8  0.00 328.42 224.25 -15.63 222.50 -14.88   0.04 246.77  -1.09 313.76
 2463223.5 246.43   7.9   9.4  2.30  2.27 1.000   1.8  0.00 328.43  40.51 -15.63  38.75 -14.88   0.04 246.80  -1.09 313.76
 2463224.5 246.57   7.9   9.4  2.30  2.27 1.000   1.9  0.00 328.43 216.77 -15.63 215.01 -14.88   0.04 246.83  -1.09 313.76
 2463225.5 246.71   7.9   9.4  2.30  2.27 1.000   1.9  0.00 328.44  33.03 -15.64  31.26 -14.88   0.04 246.86  -1.09 313.76
 2463226.5 246.86   7.9   9.4  2.30  2.26 1.000   1.9  0.00 328.44 209.29 -15.64 207.52 -14.87   0.04 246.89  -1.09 313.76
 2463227.5 247.00   7.9   9.4  2.30  2.26 1.000   1.9  0.00 328.45  25.54 -15.64  23.77 -14.87   0.04 246.92  -1.09 313.76
 2463228.5 247.14   7.9   9.4  2.30  2.26 1.000   1.9  0.00 328.46 201.80 -15.64 200.02 -14.87   0.04 246.95  -1.09 313.76
 2463229.5 247.28   7.9   9.4  2.30  2.26 1.000   1.9  0.00 328.46  18.06 -15.64  16.28 -14.87   0.04 246.98  -1.09 313.76
 2463230.5 247.43   7.9   9.4  2.30  2.26 1.000   1.9  0.00 328.47 194.31 -15.64 192.53 -14.86   0.04 247.01  -1.09 313.75
 2463231.5 247.57   7.9   9.4  2.29  2.26 1.000   1.9  0.00 328.47  10.57 -15.63   8.78 -14.86   0.04 247.03  -1.09 313.75
 2463232.5 247.72   7.9   9.4  2.29  2.26 1.000   1.9  0.00 328.48 186.82 -15.63 185.04 -14.86   0.04 247.06  -1.09 313.75
 2463233.5 247.86   7.9   9.4  2.29  2.25 1.000   1.9  0.00 328.49   3.08 -15.63   1.29 -14.86   0.04 247.09  -1.09 313.75
 2463234.5 248.01   7.9   9.4  2.29  2.25 1.000   1.9  0.00 328.49 179.33 -15.63 177.54 -14.85   0.04 247.12  -1.09 313.75
 2463235.5 248.15   7.9   9.4  2.29  2.25 1.000   1.9  0.00 328.50 355.59 -15.63 353.80 -14.85   0.04 247.15  -1.09 313.75
 2463236.5 248.29   7.9   9.4  2.29  2.25 1.000   1.9  0.00 328.51 171.84 -15.63 170.05 -14.85   0.04 247.18  -1.09 313.75
 2463237.5 248.44   7.9   9.4  2.29  2.25 1.000   1.9  0.00 328.51 348.09 -15.63 346.30 -14.85   0.04 247.20  -1.08 313.75
 2463238.5 248.58   7.9   9.4  2.28  2.25 1.000   1.9  0.00 328.52 164.34 -15.62 162.56 -14.84   0.04 247.23  -1.08 313.75
 2463239.5 248.73   7.9   9.4  2.28  2.25 1.000   1.9  0.00 328.52 340.59 -15.62 338.81 -14.84   0.04 247.26  -1.08 313.74
 2463240.5 248.87   7.9   9.4  2.28  2.25 1.000   1.9  0.00 328.53 156.84 -15.62 155.07 -14.84   0.04 247.29  -1.08 313.74
 2463241.5 249.02   7.9   9.4  2.28  2.24 1.000   1.9  0.00 328.54 333.09 -15.61 331.32 -14.83   0.04 247.32  -1.08 313.74
 2463242.5 249.16   7.9   9.4  2.28  2.24 1.000   1.9  0.00 328.54 149.34 -15.61 147.57 -14.83   0.04 247.35  -1.08 313.74
 2463243.5 249.30   7.9   9.4  2.28  2.24 1.000   1.9  0.00 328.55 325.59 -15.61 323.83 -14.83   0.04 247.38  -1.08 313.74
 2463244.5 249.45   7.9   9.4  2.28  2.24 1.000   1.9  0.00 328.55 141.84 -15.60 140.08 -14.83   0.04 247.40  -1.08 313.73
 2463245.5 249.59   7.9   9.4  2.28  2.24 1.000   1.9  0.00 328.56 318.09 -15.60 316.33 -14.82   0.04 247.43  -1.08 313.73
 2463246.5 249.73   7.9   9.4  2.27  2.24 1.000   1.9  0.00 328.57 134.34 -15.60 132.59 -14.82   0.04 247.46  -1.08 313.73
 2463247.5 249.87   7.9   9.4  2.27  2.24 1.000   1.8  0.00 328.57 310.58 -15.59 308.84 -14.82   0.04 247.49  -1.08 313.73
 2463248.5 250.01   7.9   9.4  2.27  2.24 1.000   1.8  0.00 328.58 126.83 -15.59 125.10 -14.82   0.04 247.52  -1.08 313.72
 2463249.5 250.15   7.9   9.4  2.27  2.23 1.000   1.8  0.00 328.58 303.08 -15.58 301.35 -14.81   0.04 247.55  -1.08 313.72
 2463250.5 250.29   7.9   9.4  2.27  2.23 1.000   1.8  0.00 328.59 119.33 -15.58 117.61 -14.81   0.04 247.58  -1.08 313.72
 2463251.5 250.43   7.9   9.4  2.27  2.23 1.000   1.8  0.00 328.60 295.57 -15.57 293.86 -14.81   0.04 247.61  -1.08 313.72
