 2462817.5   1.404787729457   0.001488232121 19.1609749
 2462818.5   1.404993232705   0.001490982600 19.1607880
 2462819.5   1.405198739845   0.001493733064 19.1606012
 2462820.5   1.405404250880   0.001496483514 19.1604144
 2462821.5   1.405609765814   0.001499233948 19.1602275
 2462822.5   1.405815284648   0.001501984368 19.1600407
 2462823.5   1.406020807385   0.001504734773 19.1598539
 2462824.5   1.406226334027   0.001507485164 19.1596671
 2462825.5   1.406431864577   0.001510235540 19.1594803
 2462826.5   1.406637399038   0.001512985902 19.1592935
 2462827.5   1.406842937411   0.001515736249 19.1591067
 2462828.5   1.407048479700   0.001518486582 19.1589199
 2462829.5   1.407254025906   0.001521236901 19.1587331
 2462830.5   1.407459576034   0.001523987205 19.1585463
 2462831.5   1.407665130084   0.001526737496 19.1583596
 2462832.5   1.407870688060   0.001529487772 19.1581728
 2462833.5   1.408076249964   0.001532238033 19.1579861
 2462834.5   1.408281815798   0.001534988281 19.1577993
 2462835.5   1.408487385565   0.001537738514 19.1576126
 2462836.5   1.408692959267   0.001540488734 19.1574258
 2462837.5   1.408898536906   0.001543238938 19.1572391
 2462838.5   1.409104118483   0.001545989129 19.1570524
 2462839.5   1.409309704002   0.001548739305 19.1568656
 2462840.5   1.409515293463   0.001551489466 19.1566789
 2462841.5   1.409720886867   0.001554239613 19.1564922
 2462842.5   1.409926484216   0.001556989745 19.1563055
 2462843.5   1.410132085511   0.001559739861 19.1561188
 2462844.5   1.410337690750   0.001562489962 19.1559321
 2462845.5   1.410543299936   0.001565240048 19.1557455
 2462846.5   1.410748913067   0.001567990117 19.1555588
 2462847.5   1.410954530142   0.001570740170 19.1553721
 2462848.5   1.411160151160   0.001573490206 19.1551854
 2462849.5   1.411365776121   0.001576240224 19.1549988
 2462850.5   1.411571405022   0.001578990226 19.1548121
 2462851.5   1.411777037862   0.001581740209 19.1546255
 2462852.5   1.411982674640   0.001584490174 19.1544388
 2462853.5   1.412188315353   0.001587240121 19.1542522
 2462854.5   1.412393960001   0.001589990049 19.1540655
 2462855.5   1.412599608581   0.001592739958 19.1538789
 2462856.5   1.412805261094   0.001595489848 19.1536923
 2462857.5   1.413010917537   0.001598239719 19.1535057
 2462858.5   1.413216577910   0.001600989571 19.1533190
 2462859.5   1.413422242214   0.001603739403 19.1531324
 2462860.5   1.413627910449   0.001606489217 19.1529458
 2462861.5   1.413833582613   0.001609239010 19.1527592
 2462862.5   1.414039258709   0.001611988785 19.1525726
 2462863.5   1.414244938737   0.001614738541 19.1523861
 2462864.5   1.414450622698   0.001617488277 19.1521995
 2462865.5   1.414656310592   0.001620237995 19.1520129
 2462866.5   1.414862002421   0.001622987693 19.1518263
 2462867.5   1.415067698186   0.001625737373 19.1516398
 2462868.5   1.415273397889   0.001628487034 19.1514532
 2462869.5   1.415479101530   0.001631236676 19.1512667
 2462870.5   1.415684809111   0.001633986300 19.1510801
 2462871.5   1.415890520633   0.001636735906 19.1508936
 2462872.5   1.416096236097   0.001639485493 19.1507071
 2462873.5   1.416301955506   0.001642235062 19.1505205
 2462874.5   1.416507678859   0.001644984612 19.1503340
 2462875.5   1.416713406158   0.001647734144 19.1501475
 2462876.5   1.416919137404   0.001650483658 19.1499610
 2462877.5   1.417124872599   0.001653233154 19.1497745
 2462878.5   1.417330611742   0.001655982631 19.1495880
 2462879.5   1.417536354836   0.001658732090 19.1494015
 2462880.5   1.417742101881   0.001661481532 19.1492150
 2462881.5   1.417947852878   0.001664230955 19.1490285
 2462882.5   1.418153607827   0.001666980360 19.1488420
 2462883.5   1.418359366730   0.001669729746 19.1486556
 2462884.5   1.418565129587   0.001672479115 19.1484691
 2462885.5   1.418770896399   0.001675228465 19.1482826
 2462886.5   1.418976667166   0.001677977797 19.1480962
 2462887.5   1.419182441889   0.001680727110 19.1479097
 2462888.5   1.419388220568   0.001683476405 19.1477233
 2462889.5   1.419594003203   0.001686225682 19.1475369
 2462890.5   1.419799789796   0.001688974940 19.1473504
 2462891.5   1.420005580346   0.001691724180 19.1471640
 2462892.5   1.420211374854   0.001694473401 19.1469776
 2462893.5   1.420417173319   0.001697222603 19.1467912
 2462894.5   1.420622975743   0.001699971787 19.1466048
 2462895.5   1.420828782124   0.001702720952 19.1464183
 2462896.5   1.421034592464   0.001705470098 19.1462320
 2462897.5   1.421240406762   0.001708219224 19.1460456
 2462898.5   1.421446225019   0.001710968332 19.1458592
 2462899.5   1.421652047233   0.001713717421 19.1456728
 2462900.5   1.421857873406   0.001716466490 19.1454864
 2462901.5   1.422063703537   0.001719215539 19.1453000
 2462902.5   1.422269537627   0.001721964570 19.1451137
 2462903.5   1.422475375674   0.001724713580 19.1449273
 2462904.5   1.422681217679   0.001727462571 19.1447410
 2462905.5   1.422887063641   0.001730211542 19.1445546
 2462906.5   1.423092913561   0.001732960493 19.1443683
 2462907.5   1.423298767439   0.001735709424 19.1441819
 2462908.5   1.423504625273   0.001738458335 19.1439956
 2462909.5   1.423710487064   0.001741207226 19.1438093
 2462910.5   1.423916352811   0.001743956096 19.1436229
 2462911.5   1.424122222515   0.001746704945 19.1434366
 2462912.5   1.424328096175   0.001749453774 19.1432503
 2462913.5   1.424533973790   0.001752202582 19.1430640
 2462914.5   1.424739855361   0.001754951369 19.1428777
 2462915.5   1.424945740887   0.001757700135 19.1426914
 2462916.5   1.425151630368   0.001760448879 19.1425051
 2462917.5   1.425357523803   0.001763197602 19.1423188
 2462918.5   1.425563421192   0.001765946303 19.1421326
 2462919.5   1.425769322535   0.001768694983 19.1419463
 2462920.5   1.425975227831   0.001771443641 19.1417600
 2462921.5   1.426181137080   0.001774192276 19.1415737
 2462922.5   1.426387050281   0.001776940889 19.1413875
 2462923.5   1.426592967434   0.001779689479 19.1412012
 2462924.5   1.426798888537   0.001782438046 19.1410150
 2462925.5   1.427004813591   0.001785186591 19.1408287
 2462926.5   1.427210742594   0.001787935111 19.1406425
 2462927.5   1.427416675545   0.001790683608 19.1404563
 2462928.5   1.427622612442   0.001793432081 19.1402700
 2462929.5   1.427828553285   0.001796180529 19.1400838
 2462930.5   1.428034498070   0.001798928952 19.1398976
 2462931.5   1.428240446797   0.001801677350 19.1397114
 2462932.5   1.428446399462   0.001804425722 19.1395252
 2462933.5   1.428652356062   0.001807174067 19.1393390
 2462934.5   1.428858316595   0.001809922386 19.1391528
 2462935.5   1.429064281056   0.001812670677 19.1389666
 2462936.5   1.429270249442   0.001815418939 19.1387804
 2462937.5   1.429476221750   0.001818167173 19.1385942
 2462938.5   1.429682197973   0.001820915378 19.1384080
 2462939.5   1.429888178110   0.001823663553 19.1382218
 2462940.5   1.430094162154   0.001826411697 19.1380357
 2462941.5   1.430300150102   0.001829159811 19.1378495
 2462942.5   1.430506141949   0.001831907893 19.1376633
 2462943.5   1.430712137692   0.001834655944 19.1374772
 2462944.5   1.430918137327   0.001837403962 19.1372910
 2462945.5   1.431124140851   0.001840151948 19.1371049
 2462946.5   1.431330148261   0.001842899902 19.1369187
 2462947.5   1.431536159554   0.001845647822 19.1367326
 2462948.5   1.431742174728   0.001848395710 19.1365465
 2462949.5   1.431948193781   0.001851143564 19.1363603
 2462950.5   1.432154216711   0.001853891385 19.1361742
 2462951.5   1.432360243517   0.001856639172 19.1359881
 2462952.5   1.432566274198   0.001859386925 19.1358020
 2462953.5   1.432772308752   0.001862134645 19.1356159
 2462954.5   1.432978347179   0.001864882331 19.1354298
 2462955.5   1.433184389479   0.001867629984 19.1352437
 2462956.5   1.433390435649   0.001870377602 19.1350576
 2462957.5   1.433596485691   0.001873125186 19.1348715
 2462958.5   1.433802539603   0.001875872736 19.1346855
 2462959.5   1.434008597386   0.001878620252 19.1344994
 2462960.5   1.434214659039   0.001881367734 19.1343133
 2462961.5   1.434420724561   0.001884115181 19.1341273
 2462962.5   1.434626793954   0.001886862594 19.1339412
 2462963.5   1.434832867216   0.001889609972 19.1337552
 2462964.5   1.435038944348   0.001892357316 19.1335691
 2462965.5   1.435245025349   0.001895104625 19.1333831
 2462966.5   1.435451110220   0.001897851899 19.1331971
 2462967.5   1.435657198960   0.001900599138 19.1330111
 2462968.5   1.435863291571   0.001903346342 19.1328250
 2462969.5   1.436069388051   0.001906093511 19.1326390
 2462970.5   1.436275488401   0.001908840645 19.1324530
 2462971.5   1.436481592621   0.001911587743 19.1322670
 2462972.5   1.436687700711   0.001914334806 19.1320811
 2462973.5   1.436893812672   0.001917081833 19.1318951
 2462974.5   1.437099928504   0.001919828825 19.1317091
 2462975.5   1.437306048207   0.001922575781 19.1315231
 2462976.5   1.437512171782   0.001925322701 19.1313372
 2462977.5   1.437718299229   0.001928069585 19.1311512
 2462978.5   1.437924430549   0.001930816432 19.1309653
 2462979.5   1.438130565742   0.001933563244 19.1307793
 2462980.5   1.438336704809   0.001936310019 19.1305934
 2462981.5   1.438542847750   0.001939056758 19.1304075
 2462982.5   1.438748994566   0.001941803460 19.1302216
 2462983.5   1.438955145258   0.001944550126 19.1300357
 2462984.5   1.439161299827   0.001947296755 19.1298498
 2462985.5   1.439367458274   0.001950043347 19.1296639
 2462986.5   1.439573620599   0.001952789903 19.1294780
 2462987.5   1.439779786804   0.001955536421 19.1292921
 2462988.5   1.439985956890   0.001958282902 19.1291062
 2462989.5   1.440192130858   0.001961029346 19.1289204
 2462990.5   1.440398308709   0.001963775753 19.1287345
 2462991.5   1.440604490444   0.001966522123 19.1285487
 2462992.5   1.440810676066   0.001969268455 19.1283628
 2462993.5   1.441016865575   0.001972014750 19.1281770
 2462994.5   1.441223058973   0.001974761007 19.1279912
 2462995.5   1.441429256262   0.001977507227 19.1278053
 2462996.5   1.441635457443   0.001980253409 19.1276195
 2462997.5   1.441841662518   0.001982999554 19.1274337
 2462998.5   1.442047871489   0.001985745661 19.1272479
 2462999.5   1.442254084359   0.001988491730 19.1270622
 2463000.5   1.442460301128   0.001991237761 19.1268764
 2463001.5   1.442666521800   0.001993983755 19.1266906
 2463002.5   1.442872746376   0.001996729710 19.1265048
 2463003.5   1.443078974859   0.001999475628 19.1263191
 2463004.5   1.443285207251   0.002002221508 19.1261334
 2463005.5   1.443491443555   0.002004967350 19.1259476
 2463006.5   1.443697683773   0.002007713154 19.1257619
 2463007.5   1.443903927907   0.002010458919 19.1255762
 2463008.5   1.444110175961   0.002013204647 19.1253905
 2463009.5   1.444316427936   0.002015950336 19.1252048
 2463010.5   1.444522683836   0.002018695987 19.1250191
 2463011.5   1.444728943663   0.002021441600 19.1248334
 2463012.5   1.444935207420   0.002024187175 19.1246477
 2463013.5   1.445141475110   0.002026932710 19.1244620
 2463014.5   1.445347746734   0.002029678207 19.1242764
 2463015.5   1.445554022296   0.002032423666 19.1240907
 2463016.5   1.445760301797   0.002035169085 19.1239051
 2463017.5   1.445966585240   0.002037914465 19.1237195
 2463018.5   1.446172872626   0.002040659805 19.1235338
 2463019.5   1.446379163958   0.002043405106 19.1233482
 2463020.5   1.446585459236   0.002046150367 19.1231626
 2463021.5   1.446791758461   0.002048895587 19.1229770
 2463022.5   1.446998061634   0.002051640767 19.1227914
 2463023.5   1.447204368756   0.002054385905 19.1226059
 2463024.5   1.447410679827   0.002057131002 19.1224203
 2463025.5   1.447616994847   0.002059876058 19.1222347
 2463026.5   1.447823313815   0.002062621071 19.1220492
 2463027.5   1.448029636732   0.002065366041 19.1218636
 2463028.5   1.448235963597   0.002068110969 19.1216781
 2463029.5   1.448442294410   0.002070855853 19.1214926
 2463030.5   1.448648629171   0.002073600694 19.1213070
 2463031.5   1.448854967881   0.002076345492 19.1211215
 2463032.5   1.449061310540   0.002079090245 19.1209360
 2463033.5   1.449267657149   0.002081834955 19.1207505
 2463034.5   1.449474007710   0.002084579621 19.1205651
 2463035.5   1.449680362224   0.002087324244 19.1203796
 2463036.5   1.449886720693   0.002090068822 19.1201941
 2463037.5   1.450093083119   0.002092813357 19.1200087
 2463038.5   1.450299449505   0.002095557848 19.1198232
 2463039.5   1.450505819854   0.002098302296 19.1196378
 2463040.5   1.450712194168   0.002101046700 19.1194524
 2463041.5   1.450918572452   0.002103791061 19.1192670
 2463042.5   1.451124954708   0.002106535379 19.1190815
 2463043.5   1.451331340941   0.002109279654 19.1188962
 2463044.5   1.451537731153   0.002112023886 19.1187108
 2463045.5   1.451744125348   0.002114768075 19.1185254
 2463046.5   1.451950523531   0.002117512222 19.1183400
 2463047.5   1.452156925705   0.002120256326 19.1181547
 2463048.5   1.452363331875   0.002123000388 19.1179693
 2463049.5   1.452569742043   0.002125744408 19.1177840
 2463050.5   1.452776156214   0.002128488386 19.1175987
 2463051.5   1.452982574391   0.002131232322 19.1174133
 2463052.5   1.453188996580   0.002133976217 19.1172280
 2463053.5   1.453395422783   0.002136720070 19.1170427
 2463054.5   1.453601853005   0.002139463881 19.1168574
 2463055.5   1.453808287250   0.002142207651 19.1166722
 2463056.5   1.454014725521   0.002144951380 19.1164869
 2463057.5   1.454221167822   0.002147695067 19.1163016
 2463058.5   1.454427614157   0.002150438713 19.1161164
 2463059.5   1.454634064531   0.002153182319 19.1159312
 2463060.5   1.454840518946   0.002155925883 19.1157459
 2463061.5   1.455046977406   0.002158669407 19.1155607
 2463062.5   1.455253439916   0.002161412890 19.1153755
 2463063.5   1.455459906479   0.002164156332 19.1151903
 2463064.5   1.455666377099   0.002166899734 19.1150051
 2463065.5   1.455872851779   0.002169643095 19.1148199
 2463066.5   1.456079330523   0.002172386415 19.1146348
 2463067.5   1.456285813335   0.002175129696 19.1144496
 2463068.5   1.456492300219   0.002177872936 19.1142645
 2463069.5   1.456698791177   0.002180616135 19.1140793
 2463070.5   1.456905286213   0.002183359295 19.1138942
 2463071.5   1.457111785332   0.002186102414 19.1137091
 2463072.5   1.457318288536   0.002188845493 19.1135240
 2463073.5   1.457524795828   0.002191588532 19.1133389
 2463074.5   1.457731307214   0.002194331531 19.1131538
 2463075.5   1.457937822694   0.002197074490 19.1129687
 2463076.5   1.458144342274   0.002199817409 19.1127837
 2463077.5   1.458350865957   0.002202560289 19.1125986
 2463078.5   1.458557393745   0.002205303128 19.1124136
 2463079.5   1.458763925642   0.002208045928 19.1122285
 2463080.5   1.458970461652   0.002210788688 19.1120435
 2463081.5   1.459177001777   0.002213531408 19.1118585
 2463082.5   1.459383546021   0.002216274088 19.1116735
 2463083.5   1.459590094387   0.002219016729 19.1114885
 2463084.5   1.459796646878   0.002221759330 19.1113035
 2463085.5   1.460003203497   0.002224501892 19.1111185
 2463086.5   1.460209764248   0.002227244414 19.1109335
 2463087.5   1.460416329134   0.002229986896 19.1107486
 2463088.5   1.460622898157   0.002232729339 19.1105636
 2463089.5   1.460829471321   0.002235471742 19.1103787
 2463090.5   1.461036048628   0.002238214105 19.1101937
 2463091.5   1.461242630083   0.002240956429 19.1100088
 2463092.5   1.461449215686   0.002243698714 19.1098239
 2463093.5   1.461655805442   0.002246440959 19.1096390
 2463094.5   1.461862399354   0.002249183164 19.1094541
 2463095.5   1.462068997423   0.002251925330 19.1092692
 2463096.5   1.462275599654   0.002254667456 19.1090844
 2463097.5   1.462482206048   0.002257409542 19.1088995
 2463098.5   1.462688816607   0.002260151588 19.1087146
 2463099.5   1.462895431336   0.002262893595 19.1085298
 2463100.5   1.463102050234   0.002265635561 19.1083449
 2463101.5   1.463308673306   0.002268377487 19.1081601
 2463102.5   1.463515300553   0.002271119373 19.1079753
 2463103.5   1.463721931976   0.002273861219 19.1077905
 2463104.5   1.463928567577   0.002276603024 19.1076057
 2463105.5   1.464135207357   0.002279344787 19.1074209
 2463106.5   1.464341851317   0.002282086510 19.1072361
 2463107.5   1.464548499458   0.002284828191 19.1070513
 2463108.5   1.464755151779   0.002287569830 19.1068665
 2463109.5   1.464961808280   0.002290311426 19.1066818
 2463110.5   1.465168468961   0.002293052980 19.1064970
 2463111.5   1.465375133820   0.002295794490 19.1063123
 2463112.5   1.465581802856   0.002298535957 19.1061275
 2463113.5   1.465788476068   0.002301277380 19.1059428
 2463114.5   1.465995153452   0.002304018757 19.1057581
 2463115.5   1.466201835007   0.002306760090 19.1055734
 2463116.5   1.466408520730   0.002309501378 19.1053887
 2463117.5   1.466615210620   0.002312242619 19.1052040
 2463118.5   1.466821904674   0.002314983814 19.1050193
 2463119.5   1.467028602889   0.002317724963 19.1048346
 2463120.5   1.467235305264   0.002320466065 19.1046499
 2463121.5   1.467442011798   0.002323207120 19.1044652
 2463122.5   1.467648722488   0.002325948127 19.1042806
 2463123.5   1.467855437334   0.002328689088 19.1040959
 2463124.5   1.468062156335   0.002331430000 19.1039113
 2463125.5   1.468268879489   0.002334170866 19.1037266
 2463126.5   1.468475606797   0.002336911683 19.1035420
 2463127.5   1.468682338258   0.002339652453 19.1033574
 2463128.5   1.468889073872   0.002342393175 19.1031728
 2463129.5   1.469095813639   0.002345133850 19.1029882
 2463130.5   1.469302557558   0.002347874477 19.1028036
 2463131.5   1.469509305631   0.002350615055 19.1026190
 2463132.5   1.469716057856   0.002353355587 19.1024344
 2463133.5   1.469922814235   0.002356096070 19.1022498
 2463134.5   1.470129574767   0.002358836505 19.1020652
 2463135.5   1.470336339452   0.002361576892 19.1018807
 2463136.5   1.470543108290   0.002364317232 19.1016961
 2463137.5   1.470749881282   0.002367057523 19.1015116
 2463138.5   1.470956658427   0.002369797767 19.1013270
 2463139.5   1.471163439725   0.002372537962 19.1011425
 2463140.5   1.471370225176   0.002375278108 19.1009580
 2463141.5   1.471577014780   0.002378018207 19.1007735
 2463142.5   1.471783808537   0.002380758257 19.1005889
 2463143.5   1.471990606446   0.002383498258 19.1004044
 2463144.5   1.472197408507   0.002386238211 19.1002199
 2463145.5   1.472404214719   0.002388978115 19.1000355
 2463146.5   1.472611025082   0.002391717971 19.0998510
 2463147.5   1.472817839596   0.002394457777 19.0996665
 2463148.5   1.473024658259   0.002397197534 19.0994820
 2463149.5   1.473231481072   0.002399937242 19.0992976
 2463150.5   1.473438308032   0.002402676900 19.0991131
 2463151.5   1.473645139141   0.002405416509 19.0989287
 2463152.5   1.473851974396   0.002408156068 19.0987442
 2463153.5   1.474058813796   0.002410895577 19.0985598
 2463154.5   1.474265657342   0.002413635037 19.0983754
 2463155.5   1.474472505031   0.002416374446 19.0981910
 2463156.5   1.474679356863   0.002419113805 19.0980066
 2463157.5   1.474886212838   0.002421853113 19.0978221
 2463158.5   1.475093072952   0.002424592371 19.0976378
 2463159.5   1.475299937207   0.002427331578 19.0974534
 2463160.5   1.475506805599   0.002430070734 19.0972690
 2463161.5   1.475713678129   0.002432809839 19.0970846
 2463162.5   1.475920554795   0.002435548893 19.0969002
 2463163.5   1.476127435596   0.002438287895 19.0967159
 2463164.5   1.476334320531   0.002441026846 19.0965315
 2463165.5   1.476541209597   0.002443765744 19.0963472
 2463166.5   1.476748102795   0.002446504591 19.0961628
 2463167.5   1.476955000123   0.002449243386 19.0959785
 2463168.5   1.477161901579   0.002451982128 19.0957942
 2463169.5   1.477368807162   0.002454720818 19.0956099
 2463170.5   1.477575716871   0.002457459455 19.0954255
 2463171.5   1.477782630705   0.002460198040 19.0952412
 2463172.5   1.477989548663   0.002462936571 19.0950569
 2463173.5   1.478196470742   0.002465675049 19.0948726
 2463174.5   1.478403396943   0.002468413474 19.0946884
 2463175.5   1.478610327263   0.002471151846 19.0945041
 2463176.5   1.478817261702   0.002473890163 19.0943198
 2463177.5   1.479024200259   0.002476628427 19.0941355
 2463178.5   1.479231142931   0.002479366637 19.0939513
 2463179.5   1.479438089719   0.002482104793 19.0937670
 2463180.5   1.479645040621   0.002484842894 19.0935828
 2463181.5   1.479851995635   0.002487580941 19.0933986
 2463182.5   1.480058954761   0.002490318933 19.0932143
 2463183.5   1.480265917998   0.002493056871 19.0930301
 2463184.5   1.480472885345   0.002495794753 19.0928459
 2463185.5   1.480679856800   0.002498532580 19.0926617
 2463186.5   1.480886832363   0.002501270351 19.0924775
 2463187.5   1.481093812032   0.002504008066 19.0922933
 2463188.5   1.481300795806   0.002506745726 19.0921091
 2463189.5   1.481507783684   0.002509483329 19.0919249
 2463190.5   1.481714775664   0.002512220876 19.0917407
 2463191.5   1.481921771746   0.002514958365 19.0915566
 2463192.5   1.482128771926   0.002517695798 19.0913724
 2463193.5   1.482335776204   0.002520433173 19.0911882
 2463194.5   1.482542784577   0.002523170490 19.0910041
 2463195.5   1.482749797042   0.002525907749 19.0908199
 2463196.5   1.482956813598   0.002528644949 19.0906358
 2463197.5   1.483163834241   0.002531382089 19.0904517
 2463198.5   1.483370858967   0.002534119170 19.0902675
 2463199.5   1.483577887774   0.002536856190 19.0900834
 2463200.5   1.483784920656   0.002539593149 19.0898993
 2463201.5   1.483991957610   0.002542330047 19.0897152
 2463202.5   1.484198998633   0.002545066883 19.0895311
 2463203.5   1.484406043718   0.002547803657 19.0893470
 2463204.5   1.484613092863   0.002550540368 19.0891629
 2463205.5   1.484820146062   0.002553277015 19.0889789
 2463206.5   1.485027203313   0.002556013599 19.0887948
 2463207.5   1.485234264610   0.002558750119 19.0886107
 2463208.5   1.485441329950   0.002561486574 19.0884267
 2463209.5   1.485648399331   0.002564222965 19.0882426
 2463210.5   1.485855472749   0.002566959291 19.0880586
 2463211.5   1.486062550203   0.002569695552 19.0878746
 2463212.5   1.486269631689   0.002572431749 19.0876905
 2463213.5   1.486476717206   0.002575167880 19.0875065
 2463214.5   1.486683806753   0.002577903946 19.0873225
 2463215.5   1.486890900328   0.002580639947 19.0871385
 2463216.5   1.487097997931   0.002583375883 19.0869545
 2463217.5   1.487305099562   0.002586111754 19.0867705
 2463218.5   1.487512205219   0.002588847560 19.0865865
 2463219.5   1.487719314902   0.002591583301 19.0864025
 2463220.5   1.487926428611   0.002594318976 19.0862186
 2463221.5   1.488133546347   0.002597054587 19.0860346
 2463222.5   1.488340668108   0.002599790133 19.0858507
 2463223.5   1.488547793897   0.002602525613 19.0856667
 2463224.5   1.488754923712   0.002605261029 19.0854828
 2463225.5   1.488962057555   0.002607996380 19.0852989
 2463226.5   1.489169195425   0.002610731666 19.0851149
 2463227.5   1.489376337323   0.002613466888 19.0849310
 2463228.5   1.489583483251   0.002616202044 19.0847471
 2463229.5   1.489790633208   0.002618937136 19.0845632
 2463230.5   1.489997787195   0.002621672163 19.0843793
 2463231.5   1.490204945212   0.002624407125 19.0841955
 2463232.5   1.490412107262   0.002627142023 19.0840116
 2463233.5   1.490619273344   0.002629876856 19.0838277
 2463234.5   1.490826443460   0.002632611624 19.0836439
 2463235.5   1.491033617610   0.002635346327 19.0834600
 2463236.5   1.491240795795   0.002638080966 19.0832762
 2463237.5   1.491447978017   0.002640815541 19.0830924
 2463238.5   1.491655164276   0.002643550050 19.0829086
 2463239.5   1.491862354574   0.002646284495 19.0827248
 2463240.5   1.492069548911   0.002649018876 19.0825410
 2463241.5   1.492276747289   0.002651753192 19.0823572
 2463242.5   1.492483949710   0.002654487444 19.0821734
 2463243.5   1.492691156174   0.002657221631 19.0819896
 2463244.5   1.492898366683   0.002659955753 19.0818059
 2463245.5   1.493105581239   0.002662689811 19.0816221
 2463246.5   1.493312799842   0.002665423805 19.0814384
 2463247.5   1.493520022495   0.002668157734 19.0812546
 2463248.5   1.493727249198   0.002670891599 19.0810709
 2463249.5   1.493934479955   0.002673625400 19.0808872
 2463250.5   1.494141714765   0.002676359137 19.0807035
 2463251.5   1.494348953631   0.002679092809 19.0805198
 2463252.5   1.494556196556   0.002681826417 19.0803361
 2463253.5   1.494763443540   0.002684559960 19.0801524
 2463254.5   1.494970694585   0.002687293440 19.0799688
 2463255.5   1.495177949694   0.002690026855 19.0797851
 2463256.5   1.495385208869   0.002692760207 19.0796015
 2463257.5   1.495592472112   0.002695493494 19.0794178
 2463258.5   1.495799739424   0.002698226718 19.0792342
 2463259.5   1.496007010809   0.002700959877 19.0790506
 2463260.5   1.496214286267   0.002703692973 19.0788670
 2463261.5   1.496421565803   0.002706426005 19.0786834
 2463262.5   1.496628849417   0.002709158973 19.0784998
 2463263.5   1.496836137113   0.002711891878 19.0783162
 2463264.5   1.497043428893   0.002714624719 19.0781326
 2463265.5   1.497250724760   0.002717357496 19.0779491
 2463266.5   1.497458024716   0.002720090210 19.0777655
 2463267.5   1.497665328764   0.002722822860 19.0775820
 2463268.5   1.497872636906   0.002725555447 19.0773985
 2463269.5   1.498079949146   0.002728287970 19.0772149
 2463270.5   1.498287265486   0.002731020430 19.0770314
 2463271.5   1.498494585929   0.002733752827 19.0768479
 2463272.5   1.498701910478   0.002736485161 19.0766645
 2463273.5   1.498909239136   0.002739217431 19.0764810
 2463274.5   1.499116571905   0.002741949638 19.0762975
 2463275.5   1.499323908788   0.002744681781 19.0761141
 2463276.5   1.499531249789   0.002747413861 19.0759306
 2463277.5   1.499738594909   0.002750145878 19.0757472
 2463278.5   1.499945944152   0.002752877832 19.0755637
 2463279.5   1.500153297520   0.002755609721 19.0753803
 2463280.5   1.500360655014   0.002758341548 19.0751969
 2463281.5   1.500568016638   0.002761073310 19.0750135
 2463282.5   1.500775382392   0.002763805008 19.0748301
