 2458118.5   4.470248936830  -0.360751226053  0.9779839
 2458119.5   4.487214260010  -0.364637431958  0.9988383
 2458120.5   4.505385931177  -0.368566084709  1.0192406
 2458121.5   4.524642063412  -0.372487607841  1.0391531
 2458122.5   4.544874228094  -0.376357925834  1.0585473
 2458123.5   4.565986174233  -0.380137940818  1.0774023
 2458124.5   4.587892539224  -0.383793023205  1.0957033
 2458125.5   4.610517600578  -0.387292523777  1.1134408
 2458126.5   4.633794114356  -0.390609313111  1.1306093
 2458127.5   4.657662268012  -0.393719356000  1.1472066
 2458128.5   4.682068753263  -0.396601326982  1.1632333
 2458129.5   4.706965951070  -0.399236268996  1.1786919
 2458130.5   4.732311216903  -0.401607293720  1.1935865
 2458131.5   4.758066254920  -0.403699320030  1.2079223
 2458132.5   4.784196572098  -0.405498846380  1.2217055
 2458133.5   4.810671004763  -0.406993753051  1.2349426
 2458134.5   4.837461310488  -0.408173130635  1.2476406
 2458135.5   4.864541818642  -0.409027131542  1.2598068
 2458136.5   4.891889132736  -0.409546841862  1.2714480
 2458137.5   4.919481877375  -0.409724171175  1.2825714
 2458138.5   4.947300482577  -0.409551758028  1.2931835
 2458139.5   4.975326999198  -0.409022888954  1.3032906
 2458140.5   5.003544939942  -0.408131429116  1.3128987
 2458141.5   5.031939141587  -0.406871762824  1.3220130
 2458142.5   5.060495644759  -0.405238742400  1.3306383
 2458143.5   5.089201587918  -0.403227644203  1.3387786
 2458144.5   5.118045111614  -0.400834130440  1.3464373
 2458145.5   5.147015270262  -0.398054214729  1.3536171
 2458146.5   5.176101951797  -0.394884228712  1.3603195
 2458147.5   5.205295810843  -0.391320787067  1.3665454
 2458148.5   5.234588225552  -0.387360750463  1.3722946
 2458149.5   5.263971283572  -0.383001191106  1.3775658
 2458150.5   5.293437784901  -0.378239369871  1.3823564
 2458151.5   5.322981233274  -0.373072731624  1.3866626
 2458152.5   5.352595793341  -0.367498916179  1.3904796
 2458153.5   5.382276217198  -0.361515774659  1.3938008
 2458154.5   5.412017764113  -0.355121382158  1.3966185
 2458155.5   5.441816134901  -0.348314044831  1.3989235
 2458156.5   5.471667425202  -0.341092305616  1.4007050
 2458157.5   5.501568089082  -0.333454954032  1.4019507
 2458158.5   5.531514900930  -0.325401043971  1.4026465
 2458159.5   5.561504906686  -0.316929921577  1.4027766
 2458160.5   5.591535359283  -0.308041264378  1.4023231
 2458161.5   5.621603635996  -0.298735132728  1.4012663
 2458162.5   5.651707136220  -0.289012035000  1.3995844
 2458163.5   5.681843158424  -0.278873008333  1.3972532
 2458164.5   5.712008754417  -0.268319716551  1.3942465
 2458165.5   5.742200557254  -0.257354563463  1.3905354
 2458166.5   5.772414561751  -0.245980814713  1.3860890
 2458167.5   5.802645806156  -0.234202769745  1.3808740
 2458168.5   5.832888059986  -0.222026085491  1.3748547
 2458169.5   5.863133613453  -0.209458004819  1.3679934
 2458170.5   5.893372802756  -0.196507513076  1.3602503
 2458171.5   5.923593429668  -0.183185699172  1.3515844
 2458172.5   5.953780197153  -0.169506165814  1.3419534
 2458173.5   5.983914079731  -0.155485451629  1.3313145
 2458174.5   6.013971621255  -0.141143487471  1.3196256
 2458175.5   6.043924177605  -0.126504085521  1.3068460
 2458176.5   6.073737123973  -0.111595449051  1.2929379
 2458177.5   6.103369047310  -0.096450685774  1.2778679
 2458178.5   6.132770944489  -0.081108303615  1.2616092
 2458179.5   6.161885452900  -0.065612660938  1.2441432
 2458180.5   6.190646159824  -0.050014332620  1.2254625
 2458181.5   6.218977066800  -0.034370341564  1.2055725
 2458182.5   6.246792308090  -0.018744198963  1.1844946
 2458183.5   6.273996221536  -0.003205701929  1.1622677
 2458184.5   0.017298538974   0.012169546212  1.1389502
 2458185.5   0.042956578237   0.027300903368  1.1146210
 2458186.5   0.067664829946   0.042103725731  1.0893799
 2458187.5   0.091298046018   0.056490626652  1.0633466
 2458188.5   0.113728150368   0.070372882740  1.0366591
 2458189.5   0.134826715463   0.083661894069  1.0094712
 2458190.5   0.154467584551   0.096270600599  0.9819491
 2458191.5   0.172529531386   0.108114768457  0.9542675
 2458192.5   0.188898872134   0.119114087023  0.9266058
 2458193.5   0.203471979714   0.129193055893  0.8991440
 2458194.5   0.216157690113   0.138281683042  0.8720590
 2458195.5   0.226879623512   0.146316053895  0.8455220
 2458196.5   0.235578462192   0.153238859860  0.8196957
 2458197.5   0.242214227556   0.158999989593  0.7947328
 2458198.5   0.246768577872   0.163557285280  0.7707743
 2458199.5   0.249247107629   0.166877548414  0.7479492
 2458200.5   0.249681571893   0.168937845241  0.7263736
 2458201.5   0.248131892839   0.169727112253  0.7061507
 2458202.5   0.244687741660   0.169248000210  0.6873703
 2458203.5   0.239469441253   0.167518826685  0.6701087
 2458204.5   0.232627915834   0.164575440409  0.6544282
 2458205.5   0.224343435312   0.160472747389  0.6403774
 2458206.5   0.214822970116   0.155285621861  0.6279901
 2458207.5   0.204296090201   0.149108939265  0.6172859
 2458208.5   0.193009498190   0.142056531948  0.6082692
 2458209.5   0.181220458607   0.134258979953  0.6009303
 2458210.5   0.169189536024   0.125860292058  0.5952453
 2458211.5   0.157173152124   0.117013679461  0.5911771
 2458212.5   0.145416495098   0.107876746100  0.5886765
 2458213.5   0.134147264397   0.098606492067  0.5876839
 2458214.5   0.123570626010   0.089354538849  0.5881309
 2458215.5   0.113865608971   0.080262937207  0.5899421
 2458216.5   0.105183018905   0.071460824342  0.5930373
 2458217.5   0.097644802083   0.063062077481  0.5973335
 2458218.5   0.091344681488   0.055163989957  0.6027463
 2458219.5   0.086349815431   0.047846893547  0.6091918
 2458220.5   0.082703199027   0.041174578928  0.6165879
 2458221.5   0.080426533584   0.035195328100  0.6248555
 2458222.5   0.079523319026   0.029943365074  0.6339191
 2458223.5   0.079981967598   0.025440545619  0.6437077
 2458224.5   0.081778786132   0.021698135542  0.6541552
 2458225.5   0.084880721937   0.018718561547  0.6652001
 2458226.5   0.089247812079   0.016497054456  0.6767864
 2458227.5   0.094835312923   0.015023136403  0.6888626
 2458228.5   0.101595513882   0.014281929071  0.7013824
 2458229.5   0.109479253469   0.014255277128  0.7143037
 2458230.5   0.118437160264   0.014922691207  0.7275886
 2458231.5   0.128420642139   0.016262120730  0.7412032
 2458232.5   0.139382649415   0.018250571397  0.7551171
 2458233.5   0.151278240934   0.020864585462  0.7693029
 2458234.5   0.164064984222   0.024080604497  0.7837362
 2458235.5   0.177703221091   0.027875234343  0.7983949
 2458236.5   0.192156228814   0.032225430725  0.8132592
 2458237.5   0.207390305423   0.037108622542  0.8283111
 2458238.5   0.223374804500   0.042502787784  0.8435342
 2458239.5   0.240082139805   0.048386494341  0.8589136
 2458240.5   0.257487773164   0.054738914706  0.8744351
 2458241.5   0.275570192131   0.061539820261  0.8900858
 2458242.5   0.294310878904   0.068769558202  0.9058529
 2458243.5   0.313694270119   0.076409012729  0.9217242
 2458244.5   0.333707707323   0.084439551594  0.9376876
 2458245.5   0.354341378950   0.092842959025  0.9537307
 2458246.5   0.375588255459   0.101601356088  0.9698407
 2458247.5   0.397444019293   0.110697109405  0.9860042
 2458248.5   0.419906990593   0.120112728865  1.0022066
 2458249.5   0.442978048208   0.129830754526  1.0184323
 2458250.5   0.466660543629   0.139833632340  1.0346638
 2458251.5   0.490960202980   0.150103577465  1.0508819
 2458252.5   0.515885010336   0.160622422950  1.0670652
 2458253.5   0.541445066224   0.171371450966  1.0831896
 2458254.5   0.567652419665   0.182331204604  1.0992280
 2458255.5   0.594520878266   0.193481280808  1.1151501
 2458256.5   0.622065801437   0.204800108162  1.1309216
 2458257.5   0.650303869740   0.216264713706  1.1465043
 2458258.5   0.679252803575   0.227850479785  1.1618551
 2458259.5   0.708930992312   0.239530888318  1.1769259
 2458260.5   0.739357000388   0.251277250343  1.1916632
 2458261.5   0.770548933178   0.263058424363  1.2060078
 2458262.5   0.802523659366   0.274840534648  1.2198945
 2458263.5   0.835295892136   0.286586707001  1.2332523
 2458264.5   0.868877134012   0.298256844638  1.2460045
 2458265.5   0.903274494866   0.309807471239  1.2580689
 2458266.5   0.938489402389   0.321191672356  1.2693593
 2458267.5   0.974516240686   0.332359169933  1.2797858
 2458268.5   1.011340971960   0.343256565756  1.2892572
 2458269.5   1.048939818933   0.353827787196  1.2976823
 2458270.5   1.087278106129   0.364014760252  1.3049731
 2458271.5   1.126309374833   0.373758320526  1.3110469
 2458272.5   1.165974891235   0.382999352059  1.3158295
 2458273.5   1.206203654876   0.391680121060  1.3192582
 2458274.5   1.246912976461   0.399745778510  1.3212845
 2458275.5   1.288010217010   0.407146152892  1.3218764
 2458276.5   1.329393679830   0.413834858457  1.3210202
 2458277.5   1.370954509309   0.419775340947  1.3187207
 2458278.5   1.412581692092   0.424937501660  1.3150017
 2458279.5   1.454162708364   0.429299907993  1.3099046
 2458280.5   1.495586876500   0.432850012234  1.3034864
 2458281.5   1.536747800485   0.435583963278  1.2958175
 2458282.5   1.577545406707   0.437506129689  1.2869787
 2458283.5   1.617887506634   0.438628357512  1.2770579
 2458284.5   1.657690875771   0.438969040309  1.2661480
 2458285.5   1.696881878086   0.438552090416  1.2543431
 2458286.5   1.735396672584   0.437405894595  1.2417372
 2458287.5   1.773181039187   0.435562317347  1.2284217
 2458288.5   1.810189879412   0.433055790159  1.2144841
 2458289.5   1.846386474634   0.429922505614  1.2000070
 2458290.5   1.881741598304   0.426199724686  1.1850672
 2458291.5   1.916232567032   0.421925199672  1.1697357
 2458292.5   1.949842291825   0.417136709920  1.1540771
 2458293.5   1.982558367230   0.411871702666  1.1381501
 2458294.5   2.014372220000   0.406167027604  1.1220076
 2458295.5   2.045278328153   0.400058752034  1.1056970
 2458296.5   2.075273514592   0.393582043434  1.0892606
 2458297.5   2.104356314986   0.386771107362  1.0727360
 2458298.5   2.132526416055   0.379659170097  1.0561566
 2458299.5   2.159784158667   0.372278496956  1.0395521
 2458300.5   2.186130098992   0.364660438779  1.0229489
 2458301.5   2.211564620497   0.356835500385  1.0063703
 2458302.5   2.236087590505   0.348833425794  0.9898373
 2458303.5   2.259698055794   0.340683296117  0.9733688
 2458304.5   2.282393971804   0.332413637256  0.9569817
 2458305.5   2.304171960216   0.324052535357  0.9406917
 2458306.5   2.325027089285   0.315627758967  0.9245133
 2458307.5   2.344952670587   0.307166887551  0.9084601
 2458308.5   2.363940066133   0.298697445883  0.8925454
 2458309.5   2.381978503458   0.290247042644  0.8767821
 2458310.5   2.399054905485   0.281843508976  0.8611832
 2458311.5   2.415153756124   0.273515030241  0.8457620
 2458312.5   2.430257034398   0.265290264318  0.8305326
 2458313.5   2.444344242961   0.257198445908  0.8155099
 2458314.5   2.457392526932   0.249269484163  0.8007100
 2458315.5   2.469376850418   0.241534061534  0.7861509
 2458316.5   2.480270201976   0.234023732006  0.7718521
 2458317.5   2.490043833560   0.226771005681  0.7578351
 2458318.5   2.498667568447   0.219809403554  0.7441241
 2458319.5   2.506110220829   0.213173470133  0.7307457
 2458320.5   2.512340161147   0.206898734888  0.7177292
 2458321.5   2.517326053050   0.201021613010  0.7051072
 2458322.5   2.521037784311   0.195579232922  0.6929157
 2458323.5   2.523447613140   0.190609174854  0.6811942
 2458324.5   2.524531549424   0.186149102777  0.6699860
 2458325.5   2.524270985087   0.182236271696  0.6593386
 2458326.5   2.522654577335   0.178906894093  0.6493033
 2458327.5   2.519680372864   0.176195353255  0.6399356
 2458328.5   2.515358140059   0.174133258228  0.6312950
 2458329.5   2.509711848381   0.172748345682  0.6234447
 2458330.5   2.502782202517   0.172063248071  0.6164513
 2458331.5   2.494629103214   0.172094165367  0.6103843
 2458332.5   2.485333871611   0.172849498421  0.6053152
 2458333.5   2.475001043449   0.174328523425  0.6013168
 2458334.5   2.463759521667   0.176520205587  0.5984618
 2458335.5   2.451762876916   0.179402261965  0.5968218
 2458336.5   2.439188614666   0.182940582941  0.5964656
 2458337.5   2.426236288288   0.187089105453  0.5974580
 2458338.5   2.413124430452   0.191790197506  0.5998582
 2458339.5   2.400086390950   0.196975565752  0.6037183
 2458340.5   2.387365286327   0.202567644878  0.6090820
 2458341.5   2.375208356717   0.208481379733  0.6159836
 2458342.5   2.363861064455   0.214626275481  0.6244472
 2458343.5   2.353561266183   0.220908565939  0.6344857
 2458344.5   2.344533771152   0.227233336830  0.6461007
 2458345.5   2.336985571266   0.233506448431  0.6592818
 2458346.5   2.331101973836   0.239636137863  0.6740071
 2458347.5   2.327043771443   0.245534237177  0.6902428
 2458348.5   2.324945465423   0.251117000828  0.7079432
 2458349.5   2.324914452814   0.256305582942  0.7270510
 2458350.5   2.327031013770   0.261026236912  0.7474974
 2458351.5   2.331348899898   0.265210328688  0.7692017
 2458352.5   2.337896321562   0.268794261023  0.7920715
 2458353.5   2.346677155539   0.271719401482  0.8160026
 2458354.5   2.357672236677   0.273932093407  0.8408786
 2458355.5   2.370840650266   0.275383808758  0.8665715
 2458356.5   2.386120998435   0.276031476657  0.8929417
 2458357.5   2.403432667231   0.275837993108  0.9198391
 2458358.5   2.422677164287   0.274772887229  0.9471039
 2458359.5   2.443739624833   0.272813089884  0.9745689
 2458360.5   2.466490590982   0.269943724564  1.0020619
 2458361.5   2.490788152100   0.266158822105  1.0294089
 2458362.5   2.516480493431   0.261461854006  1.0564375
 2458363.5   2.543408840853   0.255865987131  1.0829813
 2458364.5   2.571410721733   0.249393986187  1.1088833
 2458365.5   2.600323399572   0.242077726803  1.1339999
 2458366.5   2.629987297386   0.233957325981  1.1582042
 2458367.5   2.660249210775   0.225079940636  1.1813878
 2458368.5   2.690965126693   0.215498321523  1.2034630
 2458369.5   2.722002500303   0.205269233741  1.2243624
 2458370.5   2.753241890217   0.194451862490  1.2440391
 2458371.5   2.784577908268   0.183106312122  1.2624649
 2458372.5   2.815919506581   0.171292279432  1.2796288
 2458373.5   2.847189692119   0.159067947609  1.2955347
 2458374.5   2.878324803376   0.146489116948  1.3101986
 2458375.5   2.909273491989   0.133608567749  1.3236467
 2458376.5   2.939995530891   0.120475638447  1.3359126
 2458377.5   2.970460543357   0.107135993034  1.3470355
 2458378.5   3.000646723920   0.093631546214  1.3570581
 2458379.5   3.030539605239   0.080000512414  1.3660254
 2458380.5   3.060130912241   0.066277545384  1.3739831
 2458381.5   3.089417537586   0.052493926006  1.3809768
 2458382.5   3.118400605414   0.038677707615  1.3870511
 2458383.5   3.147084405175   0.024854014998  1.3922490
 2458384.5   3.175475946029   0.011045700546  1.3966116
 2458385.5   3.203584611462  -0.002726851190  1.4001778
 2458386.5   3.231421310156  -0.016445489964  1.4029840
 2458387.5   3.258998080399  -0.030093923181  1.4050640
 2458388.5   3.286327771506  -0.043657496592  1.4064491
 2458389.5   3.313423743485  -0.057122998719  1.4071682
 2458390.5   3.340299606411  -0.070478475613  1.4072474
 2458391.5   3.366969001546  -0.083713059756  1.4067106
 2458392.5   3.393445422425  -0.096816815117  1.4055793
 2458393.5   3.419742073476  -0.109780599048  1.4038729
 2458394.5   3.445871762956  -0.122595941009  1.4016085
 2458395.5   3.471846825584  -0.135254937646  1.3988015
 2458396.5   3.497679068299  -0.147750163263  1.3954653
 2458397.5   3.523379728971  -0.160074593558  1.3916115
 2458398.5   3.548959434861  -0.172221538972  1.3872504
 2458399.5   3.574428148091  -0.184184582717  1.3823906
 2458400.5   3.599795093745  -0.195957519683  1.3770394
 2458401.5   3.625068677946  -0.207534295723  1.3712031
 2458402.5   3.650256410350  -0.218908950553  1.3648865
 2458403.5   3.675364840266  -0.230075567966  1.3580934
 2458404.5   3.700399504462  -0.241028234837  1.3508269
 2458405.5   3.725364875902  -0.251761007206  1.3430887
 2458406.5   3.750264302350  -0.262267880478  1.3348799
 2458407.5   3.775099928306  -0.272542761315  1.3262005
 2458408.5   3.799872598654  -0.282579440195  1.3170500
 2458409.5   3.824581744701  -0.292371564551  1.3074269
 2458410.5   3.849225253673  -0.301912613012  1.2973293
 2458411.5   3.873799321416  -0.311195871188  1.2867546
 2458412.5   3.898298286594  -0.320214409431  1.2756995
 2458413.5   3.922714442497  -0.328961062508  1.2641607
 2458414.5   3.947037820448  -0.337428410545  1.2521341
 2458415.5   3.971255937417  -0.345608759948  1.2396157
 2458416.5   3.995353499920  -0.353494122139  1.2266011
 2458417.5   4.019312058732  -0.361076187829  1.2130861
 2458418.5   4.043109613131  -0.368346295294  1.1990663
 2458419.5   4.066720167437  -0.375295392888  1.1845380
 2458420.5   4.090113242793  -0.381913997823  1.1694975
 2458421.5   4.113253342489  -0.388192153818  1.1539422
 2458422.5   4.136099361745  -0.394119388954  1.1378704
 2458423.5   4.158603927478  -0.399684672789  1.1212818
 2458424.5   4.180712652452  -0.404876369366  1.1041779
 2458425.5   4.202363291641  -0.409682181271  1.0865628
 2458426.5   4.223484794873  -0.414089078874  1.0684432
 2458427.5   4.243996258748  -0.418083208351  1.0498300
 2458428.5   4.263805792976  -0.421649772015  1.0307383
 2458429.5   4.282809330915  -0.424772875447  1.0111892
 2458430.5   4.300889429736  -0.427435337505  0.9912106
 2458431.5   4.317914122877  -0.429618460814  0.9708386
 2458432.5   4.333735911387  -0.431301761497  0.9501194
 2458433.5   4.348191019394  -0.432462658994  0.9291109
 2458434.5   4.361099098790  -0.433076132512  0.9078851
 2458435.5   4.372263651475  -0.433114363400  0.8865304
 2458436.5   4.381473541383  -0.432546405879  0.8651542
 2458437.5   4.388506086587  -0.431337965393  0.8438856
 2458438.5   4.393132341315  -0.429451417780  0.8228782
 2458439.5   4.395125271745  -0.426846275665  0.8023125
 2458440.5   4.394271550237  -0.423480398102  0.7823977
 2458441.5   4.390387562347  -0.419312331303  0.7633725
 2458442.5   4.383339836518  -0.414305228548  0.7455040
 2458443.5   4.373069357656  -0.408432764822  0.7290842
 2458444.5   4.359618050785  -0.401687248735  0.7144233
 2458445.5   4.343154198757  -0.394089652308  0.7018391
 2458446.5   4.323992013972  -0.385700498718  0.6916425
 2458447.5   4.302599639883  -0.376629590640  0.6841194
 2458448.5   4.279590302639  -0.367041769488  0.6795112
 2458449.5   4.255693748141  -0.357155783660  0.6779949
 2458450.5   4.231709338453  -0.347234354338  0.6796672
 2458451.5   4.208447064280  -0.337565657313  0.6845346
 2458452.5   4.186666361671  -0.328439014636  0.6925114
 2458453.5   4.167023367438  -0.320119494616  0.7034268
 2458454.5   4.150034738503  -0.312826440921  0.7170383
 2458455.5   4.136061542334  -0.306719580272  0.7330507
 2458456.5   4.125311932907  -0.301894024751  0.7511366
 2458457.5   4.117857972768  -0.298383238411  0.7709552
 2458458.5   4.113660672704  -0.296167631811  0.7921698
 2458459.5   4.112597778692  -0.295186065868  0.8144599
 2458460.5   4.114490263944  -0.295347928268  0.8375304
 2458461.5   4.119125137729  -0.296544181585  0.8611167
 2458462.5   4.126273586354  -0.298656534566  0.8849868
 2458463.5   4.135704433813  -0.301564475663  0.9089416
 2458464.5   4.147193461159  -0.305150282872  0.9328127
 2458465.5   4.160529354671  -0.309302314454  0.9564606
 2458466.5   4.175517078947  -0.313916946628  0.9797711
 2458467.5   4.191979387242  -0.318899509769  1.0026525
 2458468.5   4.209757052909  -0.324164523692  1.0250326
 2458469.5   4.228708271949  -0.329635470468  1.0468553
 2458470.5   4.248707566526  -0.335244283604  1.0680785
 2458471.5   4.269644420291  -0.340930681359  1.0886714
 2458472.5   4.291421800207  -0.346641430896  1.1086125
 2458473.5   4.313954665580  -0.352329598744  1.1278880
 2458474.5   4.337168531381  -0.357953821383  1.1464901
 2458475.5   4.360998134674  -0.363477617079  1.1644160
 2458476.5   4.385386239222  -0.368868755035  1.1816665
 2458477.5   4.410282591295  -0.374098694887  1.1982452
 2458478.5   4.435643011086  -0.379142102719  1.2141582
 2458479.5   4.461428586600  -0.383976438334  1.2294130
 2458480.5   4.487604944281  -0.388581599884  1.2440182
 2458481.5   4.514141591147  -0.392939611692  1.2579834
 2458482.5   4.541011335677  -0.397034347026  1.2713186
 2458483.5   4.568189791843  -0.400851282944  1.2840341
 2458484.5   4.595654961688  -0.404377286029  1.2961402
 2458485.5   4.623386886336  -0.407600427266  1.3076472
