 2458118.5   4.721045637275   4.725527391820  -0.342643285658  -0.342590190378  4.361758 12.4 2458118.97457468      99.00000000
 2458119.5   4.727386030847   4.731869586066  -0.342777487933  -0.342713711236  4.359848 12.5 2458119.97284862      99.00000000
 2458120.5   4.733720786084   4.738206215971  -0.342894686874  -0.342820348798  4.357769 12.5 2458120.97112164      99.00000000
 2458121.5   4.740049540845   4.744536735267  -0.342994951926  -0.342910183073  4.355520 12.5 2458121.96939367      99.00000000
 2458122.5   4.746371988869   4.750860675434  -0.343078360952  -0.342983262374  4.353101 12.5 2458122.96766466      99.00000000
 2458123.5   4.752687744353   4.757177569526  -0.343144988640  -0.343039605687  4.350514 12.5 2458123.96593455      99.00000000
 2458124.5   4.758996457901   4.763487084031  -0.343194917130  -0.343079236674  4.347757 12.5 2458124.96420329      99.00000000
 2458125.5   4.765297690110   4.769788866329  -0.343228225590  -0.343102192625  4.344831 12.5 2458125.96247080      99.00000000
 2458126.5   4.771591036963   4.776082627609  -0.343245000892  -0.343108542432  4.341736 12.5 2458126.96073702      99.00000000
 2458127.5   4.777876009900   4.782367987704  -0.343245327967  -0.343098374774  4.338471 12.5 2458127.95900188      99.00000000
 2458128.5   4.784152164314   4.788644584118  -0.343229300047  -0.343071801403  4.335037 12.5 2458128.95726530      99.00000000
 2458129.5   4.790418979668   4.794911945876  -0.343197009399  -0.343028941150  4.331434 12.5 2458129.95552720      99.00000000
 2458130.5   4.796675986778   4.801169621985  -0.343148556925  -0.342969923969  4.327661 12.6 2458130.95378751      99.00000000
 2458131.5   4.802922646102   4.807417063727  -0.343084043235  -0.342894878494  4.323720 12.6 2458131.95204614      99.00000000
 2458132.5   4.809158473723   4.813653755532  -0.343003577648  -0.342803938163  4.319611 12.6 2458132.95030302      99.00000000
 2458133.5   4.815382918600   4.819879097696  -0.342907269672  -0.342697230792  4.315333 12.6 2458133.94855805      99.00000000
 2458134.5   4.821595488359   4.826092538536  -0.342795237484  -0.342574885115  4.310888 12.6 2458134.94681116      99.00000000
 2458135.5   4.827795626496   4.832293459166  -0.342667599850  -0.342437021659  4.306276 12.6 2458135.94506226      99.00000000
 2458136.5   4.833982838664   4.838481308505  -0.342524484103  -0.342283760048  4.301498 12.6 2458136.94331127      99.00000000
 2458137.5   4.840156570167   4.844655489684  -0.342366018516  -0.342115212271  4.296554 12.6 2458137.94155810      99.00000000
 2458138.5   4.846316332785   4.850815494623  -0.342192339751  -0.341931491846  4.291446 12.6 2458138.93980267      99.00000000
 2458139.5   4.852461582338   4.856960786980  -0.342003585666  -0.341732709852  4.286173 12.6 2458139.93804490      99.00000000
 2458140.5   4.858591845825   4.863090931312  -0.341799902232  -0.341518985577  4.280737 12.6 2458140.93628471      99.00000000
 2458141.5   4.864706598914   4.869205468545  -0.341581436749  -0.341290444395  4.275140 12.6 2458141.93452203      99.00000000
 2458142.5   4.870805393439   4.875304037014  -0.341348344235  -0.341047228587  4.269381 12.6 2458142.93275679      99.00000000
 2458143.5   4.876887734979   4.881386238376  -0.341100781039  -0.340789495659  4.263462 12.6 2458143.93098890      99.00000000
 2458144.5   4.882953210759   4.887451747516  -0.340838910686  -0.340517427514  4.257384 12.6 2458144.92921832      99.00000000
 2458145.5   4.889001366742   4.893500165657  -0.340562897862  -0.340231225449  4.251149 12.6 2458145.92744497      99.00000000
 2458146.5   4.895031834270   4.899531121403  -0.340272913686  -0.339931110786  4.244757 12.6 2458146.92566880      99.00000000
 2458147.5   4.901044203488   4.905544127703  -0.339969130066  -0.339617307775  4.238209 12.7 2458147.92388973      99.00000000
 2458148.5   4.907038144376   4.911538710750  -0.339651724461  -0.339290030541  4.231507 12.7 2458148.92210772      99.00000000
 2458149.5   4.913013272473   4.917514316734  -0.339320874760  -0.338949461796  4.224651 12.7 2458149.92032269      99.00000000
 2458150.5   4.918969263213   4.923470487710  -0.338976763793  -0.338595752437  4.217642 12.7 2458150.91853461      99.00000000
 2458151.5   4.924905714051   4.929406773058  -0.338619574992  -0.338229029476  4.210480 12.7 2458151.91674339      99.00000000
 2458152.5   4.930822261255   4.935322855265  -0.338249496801  -0.337849422692  4.203167 12.7 2458152.91494898      99.00000000
 2458153.5   4.936718449038   4.941218387915  -0.337866719067  -0.337457081061  4.195703 12.7 2458153.91315132      99.00000000
 2458154.5   4.942593855989   4.947093075452  -0.337471437103  -0.337052184938  4.188089 12.7 2458154.91135033      99.00000000
 2458155.5   4.948447971993   4.952946513331  -0.337063848478  -0.336634940219  4.180324 12.7 2458155.90954593      99.00000000
 2458156.5   4.954280329662   4.958778302204  -0.336644156487  -0.336205573319  4.172411 12.7 2458156.90773806      99.00000000
 2458157.5   4.960090382305   4.964587924555  -0.336212567228  -0.335764320078  4.164349 12.7 2458157.90592663      99.00000000
 2458158.5   4.965877634658   4.970374881890  -0.335769292495  -0.335311422369  4.156139 12.7 2458158.90411155      99.00000000
 2458159.5   4.971641518612   4.976138578737  -0.335314547217  -0.334847122124  4.147783 12.7 2458159.90229273      99.00000000
 2458160.5   4.977381522241   4.981878458950  -0.334848551859  -0.334371661476  4.139281 12.7 2458160.90047010      99.00000000
 2458161.5   4.983097063764   4.987593885873  -0.334371530289  -0.333885279487  4.130634 12.7 2458161.89864356      99.00000000
 2458162.5   4.988787620113   4.993284276814  -0.333883711730  -0.333388212742  4.121844 12.7 2458162.89681303      99.00000000
 2458163.5   4.994452600506   4.998948983306  -0.333385329047  -0.332880692813  4.112912 12.7 2458163.89497841      99.00000000
 2458164.5   5.000091475849   5.004587428484  -0.332876620226  -0.332362946931  4.103838 12.7 2458164.89313962      99.00000000
 2458165.5   5.005703652891   5.010198990115  -0.332357827046  -0.331835197319  4.094625 12.7 2458165.89129656      99.00000000
 2458166.5   5.011288605041   5.015783139405  -0.331829196035  -0.331297663975  4.085274 12.7 2458166.88944916      99.00000000
 2458167.5   5.016845747142   5.021339320650  -0.331290977476  -0.330750567676  4.075786 12.7 2458167.88759731      99.00000000
 2458168.5   5.022374567296   5.026867082479  -0.330743425820  -0.330194135470  4.066162 12.7 2458168.88574094      99.00000000
 2458169.5   5.027874501453   5.032365945138  -0.330186799017  -0.329628606111  4.056406 12.7 2458169.88387997      99.00000000
 2458170.5   5.033345065289   5.037835518510  -0.329621358403  -0.329054234987  4.046517 12.7 2458170.88201432      99.00000000
 2458171.5   5.038785727666   5.043275357145  -0.329047368380  -0.328471297379  4.036498 12.7 2458171.88014391      99.00000000
 2458172.5   5.044196041775   5.048685071030  -0.328465095837  -0.327880088148  4.026351 12.7 2458172.87826867      99.00000000
 2458173.5   5.049575516640   5.054064178677  -0.327874810226  -0.327280918684  4.016077 12.7 2458173.87638853      99.00000000
 2458174.5   5.054923746437   5.059412225120  -0.327276782591  -0.326674107951  4.005679 12.7 2458174.87450342      99.00000000
 2458175.5   5.060240278357   5.064728652216  -0.326671286174  -0.326059971525  3.995157 12.7 2458175.87261327      99.00000000
 2458176.5   5.065524737893   5.070012945324  -0.326058595247  -0.325438806856  3.984513 12.7 2458176.87071802      99.00000000
 2458177.5   5.070776690953   5.075264534921  -0.325438986507  -0.324810884905  3.973750 12.7 2458177.86881759      99.00000000
 2458178.5   5.075995764533   5.080482962446  -0.324812737953  -0.324176448188  3.962868 12.7 2458178.86691194      99.00000000
 2458179.5   5.081181505418   5.085667768941  -0.324180131170  -0.323535724467  3.951868 12.7 2458179.86500097      99.00000000
 2458180.5   5.086333502044   5.090818615085  -0.323541450130  -0.322888944072  3.940753 12.7 2458180.86308464      99.00000000
 2458181.5   5.091451247603   5.095935112662  -0.322896983944  -0.322236359920  3.929523 12.7 2458181.86116285      99.00000000
 2458182.5   5.096534269895   5.101016911664  -0.322247025045  -0.321578253352  3.918179 12.7 2458182.85923555      99.00000000
 2458183.5   5.101582001713   5.106063537723  -0.321591871946  -0.320914934744  3.906723 12.7 2458183.85730262      99.00000000
 2458184.5   5.106593916898   5.111074514190  -0.320931826590  -0.320246732363  3.895156 12.7 2458184.85536400      99.00000000
 2458185.5   5.111569403002   5.116049236924  -0.320267197171  -0.319573986421  3.883479 12.7 2458185.85341959      99.00000000
 2458186.5   5.116507897957   5.120987120903  -0.319598294897  -0.318897038964  3.871695 12.7 2458186.85146929      99.00000000
 2458187.5   5.121408760749   5.125887482111  -0.318925437153  -0.318216233430  3.859804 12.7 2458187.84951301      99.00000000
 2458188.5   5.126271406541   5.130749681733  -0.318248943902  -0.317531909068  3.847808 12.7 2458188.84755065      99.00000000
 2458189.5   5.131095174972   5.135573001269  -0.317569141304  -0.316844403966  3.835709 12.7 2458189.84558210      99.00000000
 2458190.5   5.135879464571   5.140356782424  -0.316886357800  -0.316154050340  3.823508 12.7 2458190.84360728      99.00000000
 2458191.5   5.140623600061   5.145100300248  -0.316200928136  -0.315461178108  3.811208 12.7 2458191.84162607      99.00000000
 2458192.5   5.145326967726   5.149802905470  -0.315513189039  -0.314766109870  3.798811 12.7 2458192.83963837      99.00000000
 2458193.5   5.149988883259   5.154463900572  -0.314823483529  -0.314069165787  3.786318 12.7 2458193.83764408      99.00000000
 2458194.5   5.154608729417   5.159082685038  -0.314132156038  -0.313370660565  3.773731 12.7 2458194.83564309      99.00000000
 2458195.5   5.159185825141   5.163658628467  -0.313439556873  -0.312670912592  3.761053 12.7 2458195.83363531      99.00000000
 2458196.5   5.163719565466   5.168191206906  -0.312746036699  -0.311970244929  3.748287 12.7 2458196.83162064      99.00000000
 2458197.5   5.168209290805   5.172679858980  -0.312051951146  -0.311268997716  3.735433 12.7 2458197.82959897      99.00000000
 2458198.5   5.172654427121   5.177124104388  -0.311357654764  -0.310567527985  3.722496 12.6 2458198.82757023      99.00000000
 2458199.5   5.177054352727   5.181523386127  -0.310663505982  -0.309866216871  3.709476 12.6 2458199.82553431      99.00000000
 2458200.5   5.181408536175   5.185877188258  -0.309969860802  -0.309165459723  3.696377 12.6 2458200.82349113      99.00000000
 2458201.5   5.185716398617   5.190184889675  -0.309277078375  -0.308465663483  3.683201 12.6 2458201.82144061      99.00000000
 2458202.5   5.189977448423   5.194445905019  -0.308585514663  -0.307767228658  3.669951 12.6 2458202.81938266      99.00000000
 2458203.5   5.194191138884   5.198659563330  -0.307895528793  -0.307070544241  3.656628 12.6 2458203.81731720      99.00000000
 2458204.5   5.198356999912   5.202825270834  -0.307207476803  -0.306375972635  3.643235 12.6 2458204.81524415      99.00000000
 2458205.5   5.202474491758   5.206942398379  -0.306521718849  -0.305683854366  3.629775 12.6 2458205.81316342      99.00000000
 2458206.5   5.206543135073   5.211010437205  -0.305838613061  -0.304994506654  3.616249 12.6 2458206.81107494      99.00000000
 2458207.5   5.210562362925   5.215028859037  -0.305158523503  -0.304308243343  3.602659 12.6 2458207.80897862      99.00000000
 2458208.5   5.214531652898   5.218997234259  -0.304481813871  -0.303625383138  3.589008 12.6 2458208.80687437      99.00000000
 2458209.5   5.218450381942   5.222915056471  -0.303808855735  -0.302946270248  3.575297 12.6 2458209.80476209      99.00000000
 2458210.5   5.222317964829   5.226781846844  -0.303140021516  -0.302271272423  3.561528 12.6 2458210.80264171      99.00000000
 2458211.5   5.226133714310   5.230596989694  -0.302475692530  -0.301600786778  3.547704 12.6 2458211.80051309      99.00000000
 2458212.5   5.229896985696   5.234359867955  -0.301816250995  -0.300935224161  3.533826 12.6 2458212.79837616      99.00000000
 2458213.5   5.233607039526   5.238069730409  -0.301162087916  -0.300275008778  3.519896 12.6 2458213.79623078      99.00000000
 2458214.5   5.237263188217   5.241725849786  -0.300513594421  -0.299620562625  3.505918 12.6 2458214.79407685      99.00000000
 2458215.5   5.240864657279   5.245327396523  -0.299871169876  -0.298972309842  3.491892 12.6 2458215.79191425      99.00000000
 2458216.5   5.244410731329   5.248873594889  -0.299235212893  -0.298330665762  3.477822 12.5 2458216.78974286      99.00000000
 2458217.5   5.247900612581   5.252363588758  -0.298606129911  -0.297696045222  3.463710 12.5 2458217.78756256      99.00000000
 2458218.5   5.251333566330   5.255796592302  -0.297984325982  -0.297068853028  3.449558 12.5 2458218.78537323      99.00000000
 2458219.5   5.254708777709   5.259171751798  -0.297370213776  -0.296449492997  3.435369 12.5 2458219.78317473      99.00000000
 2458220.5   5.258025498270   5.262488298010  -0.296764204031  -0.295838358081  3.421147 12.5 2458220.78096695      99.00000000
 2458221.5   5.261282902872   5.265745410035  -0.296166714775  -0.295235840363  3.406892 12.5 2458221.77874977      99.00000000
 2458222.5   5.264480239339   5.268942371281  -0.295578161176  -0.294642322936  3.392610 12.5 2458222.77652305      99.00000000
 2458223.5   5.267616687080   5.272078430516  -0.294998964703  -0.294058194248  3.378301 12.5 2458223.77428668      99.00000000
 2458224.5   5.270691510629   5.275152948776  -0.294429542151  -0.293483844820  3.363971 12.5 2458224.77204054      99.00000000
 2458225.5   5.273703919222   5.278165240192  -0.293870314654  -0.292919685683  3.349621 12.5 2458225.76978451      99.00000000
 2458226.5   5.276653221523   5.281114697768  -0.293321696060  -0.292366143412  3.335255 12.5 2458226.76751848      99.00000000
 2458227.5   5.279538681523   5.284000619867  -0.292784102282  -0.291823670092  3.320876 12.5 2458227.76524234      99.00000000
 2458228.5   5.282359669103   5.286822343882  -0.292257939745  -0.291292723537  3.306488 12.5 2458228.76295600      99.00000000
 2458229.5   5.285115507837   5.289579099286  -0.291743615816  -0.290773763648  3.292094 12.4 2458229.76065934      99.00000000
 2458230.5   5.287805619670   5.292270178470  -0.291241527862  -0.290267226191  3.277697 12.4 2458230.75835228      99.00000000
 2458231.5   5.290429366019   5.294894814671  -0.290752074904  -0.289773524442  3.263301 12.4 2458231.75603471      99.00000000
 2458232.5   5.292986190412   5.297452358491  -0.290275647047  -0.289293035941  3.248907 12.4 2458232.75370654      99.00000000
 2458233.5   5.295475457463   5.299942138374  -0.289812637892  -0.288826120149  3.234520 12.4 2458233.75136767      99.00000000
 2458234.5   5.297896597616   5.302363610071  -0.289363433842  -0.288373117703  3.220142 12.4 2458234.74901802      99.00000000
 2458235.5   5.300248947014   5.304716185554  -0.288928426814  -0.287934375459  3.205777 12.4 2458235.74665747      99.00000000
 2458236.5   5.302531896537   5.306999359545  -0.288508003049  -0.287510245900  3.191426 12.4 2458236.74428593      99.00000000
 2458237.5   5.304744734198   5.309212525083  -0.288102555801  -0.287101106914  3.177093 12.4 2458237.74190330      99.00000000
 2458238.5   5.306886799802   5.311355104336  -0.287712473349  -0.286707351169  3.162781 12.4 2458238.73950946      99.00000000
 2458239.5   5.308957330477   5.313426379526  -0.287338151413  -0.286329395314  3.148493 12.3 2458239.73710430      99.00000000
 2458240.5   5.310955620679   5.315425649573  -0.286979980247  -0.285967660249  3.134231 12.3 2458240.73468771      99.00000000
 2458241.5   5.312880869337   5.317352083672  -0.286638356807  -0.285622576190  3.119999 12.3 2458241.73225956      99.00000000
 2458242.5   5.314732342824   5.319204895760  -0.286313671157  -0.285294562826  3.105801 12.3 2458242.72981974      99.00000000
 2458243.5   5.316509220972   5.320983202991  -0.286006318709  -0.284984037991  3.091638 12.3 2458243.72736811      99.00000000
 2458244.5   5.318210760671   5.322686199589  -0.285716686285  -0.284691401781  3.077515 12.3 2458244.72490456      99.00000000
 2458245.5   5.319836139165   5.324313007653  -0.285445164718  -0.284417049088  3.063434 12.3 2458245.72242896      99.00000000
 2458246.5   5.321384617815   5.325862846017  -0.285192134734  -0.284161355553  3.049401 12.3 2458246.71994120      99.00000000
 2458247.5   5.322855383095   5.327334875623  -0.284957979947  -0.283924691219  3.035417 12.3 2458247.71744113      99.00000000
 2458248.5   5.324247711813   5.328728369159  -0.284743072467  -0.283707406461  3.021487 12.2 2458248.71492866      99.00000000
 2458249.5   5.325560811652   5.330042556679  -0.284547786049  -0.283509846511  3.007614 12.2 2458249.71240365      99.00000000
 2458250.5   5.326793990150   5.331276798682  -0.284372481116  -0.283332338958  2.993803 12.2 2458250.70986600      99.00000000
 2458251.5   5.327946497019   5.332430428405  -0.284217517670  -0.283175212313  2.980058 12.2 2458251.70731560      99.00000000
 2458252.5   5.329017698564   5.333502916553  -0.284083239342  -0.283038788356  2.966381 12.2 2458252.70475234      99.00000000
 2458253.5   5.330006921715   5.334493692421  -0.283969985854  -0.282923404801  2.952779 12.2 2458253.70217612      99.00000000
 2458254.5   5.330913631032   5.335402286911  -0.283878076282  -0.282829405300  2.939254 12.2 2458254.69958687      99.00000000
 2458255.5   5.331737268117   5.336228140039  -0.283807821777  -0.282757150680  2.925812 12.2 2458255.69698450      99.00000000
 2458256.5   5.332477422533   5.336970760496  -0.283759509310  -0.282706989374  2.912456 12.1 2458256.69436895      99.00000000
 2458257.5   5.333133658411   5.337629573274  -0.283733416113  -0.282679251904  2.899190 12.1 2458257.69174014      99.00000000
 2458258.5   5.333705675568   5.338204126437  -0.283729794963  -0.282674218280  2.886020 12.1 2458258.68909804      99.00000000
 2458259.5   5.334193126215   5.338693956098  -0.283748890469  -0.282692127709  2.872948 12.1 2458259.68644258      99.00000000
 2458260.5   5.334595774858   5.339098775832  -0.283790925064  -0.282733169813  2.859979 12.1 2458260.68377373      99.00000000
 2458261.5   5.334913315444   5.339418297868  -0.283856115717  -0.282797514506  2.847116 12.1 2458261.68109144      99.00000000
 2458262.5   5.335145538241   5.339652384079  -0.283944659294  -0.282885311176  2.834364 12.1 2458262.67839568      99.00000000
 2458263.5   5.335292151453   5.339800842669  -0.284056748795  -0.282996716104  2.821726 12.0 2458263.67568640      99.00000000
 2458264.5   5.335352955523   5.339863576897  -0.284192557731  -0.283131882777  2.809206 12.0 2458264.67296358      99.00000000
 2458265.5   5.335327667614   5.339840388952  -0.284352255905  -0.283290979510  2.796808 12.0 2458265.67022717      99.00000000
 2458266.5   5.335216101326   5.339731146101  -0.284535992993  -0.283474170650  2.784535 12.0 2458266.66747714      99.00000000
 2458267.5   5.335017992352   5.339535600962  -0.284743914034  -0.283681627597  2.772391 12.0 2458267.66471346      99.00000000
 2458268.5   5.334733182394   5.339253577286  -0.284976142375  -0.283913505460  2.760381 12.0 2458268.66193611      99.00000000
 2458269.5   5.334361444924   5.338884803513  -0.285232794981  -0.284169952625  2.748507 12.0 2458269.65914504      99.00000000
 2458270.5   5.333902672108   5.338429110454  -0.285513964916  -0.284451088067  2.736774 11.9 2458270.65634024      99.00000000
 2458271.5   5.333356699276   5.337886267282  -0.285819736661  -0.284757013720  2.725186 11.9 2458271.65352169      99.00000000
 2458272.5   5.332723493415   5.337256179789  -0.286150168372  -0.285087795041  2.713747 11.9 2458272.65068938      99.00000000
 2458273.5   5.332002975124   5.336538719764  -0.286505307417  -0.285443476803  2.702462 11.9 2458273.64784330      99.00000000
 2458274.5   5.331195207982   5.335733919308  -0.286885172601  -0.285824065856  2.691333 11.9 2458274.64498347      99.00000000
 2458275.5   5.330300217982   5.334841793985  -0.287289769985  -0.286229548397  2.680367 11.9 2458275.64210987      99.00000000
 2458276.5   5.329318184574   5.333862536689  -0.287719075063  -0.286659873426  2.669566 11.8 2458276.63922256      99.00000000
 2458277.5   5.328249259102   5.332796338643  -0.288173048668  -0.287114971068  2.658936 11.8 2458277.63632154      99.00000000
 2458278.5   5.327093759620   5.331643585138  -0.288651618848  -0.287594737688  2.648480 11.8 2458278.63340688      99.00000000
 2458279.5   5.325851990673   5.330404671854  -0.289154696484  -0.288099057608  2.638204 11.8 2458279.63047862      99.00000000
 2458280.5   5.324524443812   5.329080192616  -0.289682156510  -0.288627792349  2.628112 11.8 2458280.62753685      99.00000000
 2458281.5   5.323111618982   5.327670735721  -0.290233853017  -0.289180805039  2.618208 11.8 2458281.62458165      99.00000000
 2458282.5   5.321614227842   5.326177052366  -0.290809600036  -0.289757946064  2.608496 11.7 2458282.62161314      99.00000000
 2458283.5   5.320033009386   5.324599841956  -0.291409186971  -0.290359063909  2.598983 11.7 2458283.61863144      99.00000000
 2458284.5   5.318368924756   5.322939942704  -0.292032360523  -0.290983969173  2.589671 11.7 2458284.61563669      99.00000000
 2458285.5   5.316622955385   5.321198164901  -0.292678842345  -0.291632428242  2.580565 11.7 2458285.61262906      99.00000000
 2458286.5   5.314796283137   5.319375532056  -0.293348313530  -0.292304129859  2.571670 11.7 2458286.60960872      99.00000000
 2458287.5   5.312890075154   5.317473119921  -0.294040434494  -0.292998704398  2.562988 11.7 2458287.60657586      99.00000000
 2458288.5   5.310905663272   5.315492255976  -0.294754830514  -0.293715723664  2.554525 11.6 2458288.60353070      99.00000000
 2458289.5   5.308844333108   5.313434293141  -0.295491111403  -0.294454740743  2.546283 11.6 2458289.60047343      99.00000000
 2458290.5   5.306707515977   5.311300767839  -0.296248855921  -0.295215289670  2.538265 11.6 2458290.59740427      99.00000000
 2458291.5   5.304496587177   5.309093164876  -0.297027630050  -0.295996911421  2.530477 11.6 2458291.59432346      99.00000000
 2458292.5   5.302213068017   5.306813095696  -0.297826970244  -0.296799137366  2.522919 11.6 2458292.59123123      99.00000000
 2458293.5   5.299858427431   5.304462087598  -0.298646400876  -0.297621503455  2.515597 11.6 2458293.58812780      99.00000000
 2458294.5   5.297434288100   5.302041785930  -0.299485417122  -0.298463527577  2.508512 11.5 2458294.58501346      99.00000000
 2458295.5   5.294942227235   5.299553756996  -0.300343502194  -0.299324721500  2.501669 11.5 2458295.58188843      99.00000000
 2458296.5   5.292383984475   5.296999701800  -0.301220110286  -0.300204568214  2.495069 11.5 2458296.57875300      99.00000000
 2458297.5   5.289761261026   5.294381263775  -0.302114683748  -0.301102534825  2.488717 11.5 2458297.57560743      99.00000000
 2458298.5   5.287075929047   5.291700247914  -0.303026636200  -0.302018051850  2.482615 11.5 2458298.57245202      99.00000000
 2458299.5   5.284329829092   5.288958428386  -0.303955369679  -0.302950528425  2.476766 11.4 2458299.56928705      99.00000000
 2458300.5   5.281524980626   5.286157768075  -0.304900257997  -0.303899334569  2.471173 11.4 2458300.56611285      99.00000000
 2458301.5   5.278663377348   5.283300221062  -0.305860663900  -0.304863819221  2.465839 11.4 2458301.56292972      99.00000000
 2458302.5   5.275747198300   5.280387948330  -0.306835922792  -0.305843295229  2.460767 11.4 2458302.55973801      99.00000000
 2458303.5   5.272778600955   5.277423113662  -0.307825359926  -0.306837059076  2.455959 11.4 2458303.55653805      99.00000000
 2458304.5   5.269759933132   5.274408096439  -0.308828274499  -0.307844377446  2.451418 11.3 2458304.55333023      99.00000000
 2458305.5   5.266693524865   5.271345282877  -0.309843956759  -0.308864508043  2.447148 11.3 2458305.55011489      99.00000000
 2458306.5   5.263581902508   5.268237276852  -0.310871672333  -0.309896687962  2.443150 11.3 2458306.54689245      99.00000000
 2458307.5   5.260427581211   5.265086684651  -0.311910678979  -0.310940156487  2.439426 11.3 2458307.54366330      99.00000000
 2458308.5   5.257233282496   5.261896316810  -0.312960210963  -0.311994145929  2.435981 11.3 2458308.54042787      99.00000000
 2458309.5   5.254001727309   5.258668956197  -0.314019495360  -0.313057904087  2.432814 11.2 2458309.53718659      99.00000000
 2458310.5   5.250735853870   5.255407545099  -0.315087736751  -0.314130679436  2.429930 11.2 2458310.53393992      99.00000000
 2458311.5   5.247438604051   5.252114948767  -0.316164133791  -0.315211728979  2.427330 11.2 2458311.53068832      99.00000000
 2458312.5   5.244113130006   5.248794167117  -0.317247865510  -0.316300284013  2.425014 11.2 2458312.52743229      99.00000000
 2458313.5   5.240762561947   5.245448147250  -0.318338109564  -0.317395544857  2.422986 11.2 2458313.52417232      99.00000000
 2458314.5   5.237390197208   5.242080040403  -0.319434031072  -0.318496656174  2.421247 11.1 2458314.52090893      99.00000000
 2458315.5   5.233999255209   5.238693009909  -0.320534802109  -0.319602733763  2.419796 11.1 2458315.51764260      99.00000000
 2458316.5   5.230593066810   5.235290428807  -0.321639591186  -0.320712876257  2.418634 11.1 2458316.51437387      99.00000000
 2458317.5   5.227174839406   5.231875612146  -0.322747581301  -0.321826207250  2.417763 11.1 2458317.51110324      99.00000000
 2458318.5   5.223747863470   5.228451976263  -0.323857957898  -0.322941876510  2.417182 11.0 2458318.50783123      99.00000000
 2458319.5   5.220315292810   5.225022782082  -0.324969924582  -0.324059077660  2.416890 11.0 2458319.50455833      99.00000000
 2458320.5   5.216880362338   5.221591334266  -0.326082690023  -0.325177029034  2.416889 11.0 2458320.50128507 2458321.49801191
 2458321.5   5.213446172994   5.218160762785  -0.327195482410  -0.326294980562  2.417177 11.0 2458322.49473936      99.00000000
 2458322.5   5.210015910839   5.214734246755  -0.328307536444  -0.327412193307  2.417754 11.1 2458323.49146793      99.00000000
 2458323.5   5.206592630508   5.211314805899  -0.329418107309  -0.328527948366  2.418619 11.1 2458324.48819807      99.00000000
 2458324.5   5.203179472817   5.207905526659  -0.330526458139  -0.329641530030  2.419772 11.1 2458325.48493028      99.00000000
 2458325.5   5.199779446663   5.204509352890  -0.331631873588  -0.330752236827  2.421212 11.1 2458326.48166501      99.00000000
 2458326.5   5.196395646012   5.201129311480  -0.332733647718  -0.331859367133  2.422939 11.2 2458327.47840277      99.00000000
 2458327.5   5.193031031630   5.197768302779  -0.333831097038  -0.332962231549  2.424950 11.2 2458328.47514400      99.00000000
 2458328.5   5.189688648314   5.194429325855  -0.334923548734  -0.334060140892  2.427246 11.2 2458329.47188919      99.00000000
 2458329.5   5.186371407081   5.191115267385  -0.336010353101  -0.335152420333  2.429825 11.2 2458330.46863876      99.00000000
 2458330.5   5.183082302586   5.187829123128  -0.337090872129  -0.336238400179  2.432686 11.2 2458331.46539322      99.00000000
 2458331.5   5.179824195705   5.184573781888  -0.338164491335  -0.337317431457  2.435827 11.3 2458332.46215297      99.00000000
 2458332.5   5.176600030832   5.181352241031  -0.339230608726  -0.338388878537  2.439247 11.3 2458333.45891851      99.00000000
 2458333.5   5.173412619083   5.178167384917  -0.340288646041  -0.339452135114  2.442945 11.3 2458334.45569025      99.00000000
 2458334.5   5.170264855786   5.175022194004  -0.341338038055  -0.340506617699  2.446919 11.3 2458335.45246867      99.00000000
 2458335.5   5.167159505045   5.171919516998  -0.342378243179  -0.341551781010  2.451167 11.3 2458336.44925418      99.00000000
 2458336.5   5.164099417654   5.168862271026  -0.343408733086  -0.342587110834  2.455688 11.4 2458337.44604723      99.00000000
 2458337.5   5.161087316386   5.165853204947  -0.344429002730  -0.343612135270  2.460479 11.4 2458338.44284826      99.00000000
 2458338.5   5.158126011355   5.162895093269  -0.345438560529  -0.344626409970  2.465538 11.4 2458339.43965769      99.00000000
 2458339.5   5.155218180368   5.159990507052  -0.346436938266  -0.345629516001  2.470863 11.4 2458340.43647594      99.00000000
 2458340.5   5.152366573253   5.157142034885  -0.347423682477  -0.346621031882  2.476452 11.4 2458341.43330344      99.00000000
 2458341.5   5.149573779006   5.154352098691  -0.348398364861  -0.347600526405  2.482302 11.5 2458342.43014056      99.00000000
 2458342.5   5.146842415500   5.151623206675  -0.349360575061  -0.348567545956  2.488409 11.5 2458343.42698772      99.00000000
 2458343.5   5.144174889875   5.148957756281  -0.350309930994  -0.349521639105  2.494771 11.5 2458344.42384525      99.00000000
 2458344.5   5.141573590425   5.146358221667  -0.351246071600  -0.350462374901  2.501384 11.5 2458345.42071354      99.00000000
 2458345.5   5.139040661679   5.143826884406  -0.352168665390  -0.351389374466  2.508244 11.5 2458346.41759289      99.00000000
 2458346.5   5.136578214248   5.141365989619  -0.353077401957  -0.352302311019  2.515347 11.6 2458347.41448362      99.00000000
 2458347.5   5.134188118367   5.138977503498  -0.353971998602  -0.353200912377  2.522690 11.6 2458348.41138601      99.00000000
 2458348.5   5.131872223811   5.136663321537  -0.354852191329  -0.354084940922  2.530269 11.6 2458349.40830034      99.00000000
 2458349.5   5.129632158959   5.134425072965  -0.355717740698  -0.354954189309  2.538080 11.6 2458350.40522684      99.00000000
 2458350.5   5.127469548955   5.132264350972  -0.356568423287  -0.355808464207  2.546118 11.6 2458351.40216576      99.00000000
 2458351.5   5.125385813160   5.130182522540  -0.357404037380  -0.356647588110  2.554381 11.6 2458352.39911730      99.00000000
 2458352.5   5.123382378840   5.128180952157  -0.358224395103  -0.357471389014  2.562864 11.7 2458353.39608168      99.00000000
 2458353.5   5.121460477531   5.126260806462  -0.359029327928  -0.358279705208  2.571562 11.7 2458354.39305908      99.00000000
 2458354.5   5.119621356058   5.124423272499  -0.359818679320  -0.359072377118  2.580473 11.7 2458355.39004967      99.00000000
 2458355.5   5.117866074065   5.122669362332  -0.360592309930  -0.359849252909  2.589593 11.7 2458356.38705362      99.00000000
 2458356.5   5.116195714131   5.121000129912  -0.361350090605  -0.360610182020  2.598916 11.7 2458357.38407109      99.00000000
 2458357.5   5.114611181708   5.119416476896  -0.362091907211  -0.361355022315  2.608440 11.7 2458358.38110219      99.00000000
 2458358.5   5.113113414716   5.117919365504  -0.362817653976  -0.362083636391  2.618161 11.8 2458359.37814709      99.00000000
 2458359.5   5.111703185710   5.116509620171  -0.363527237999  -0.362795900824  2.628074 11.8 2458360.37520589      99.00000000
 2458360.5   5.110381310140   5.115188130543  -0.364220572960  -0.363491704510  2.638176 11.8 2458361.37227871      99.00000000
 2458361.5   5.109148449842   5.113955645073  -0.364897583420  -0.364170958095  2.648464 11.8 2458362.36936566      99.00000000
 2458362.5   5.108005318992   5.112812962995  -0.365558198937  -0.364833591523  2.658932 11.8 2458363.36646684      99.00000000
 2458363.5   5.106952488190   5.111760721922  -0.366202358224  -0.365479560429  2.669578 11.8 2458364.36358234      99.00000000
 2458364.5   5.105990587368   5.110799583462  -0.366830003706  -0.366108839641  2.680397 11.9 2458365.36071226      99.00000000
 2458365.5   5.105120109451   5.109930021950  -0.367441085622  -0.366721423269  2.691386 11.9 2458366.35785667      99.00000000
 2458366.5   5.104341608305   5.109152514854  -0.368035557109  -0.367317310688  2.702541 11.9 2458367.35501565      99.00000000
 2458367.5   5.103655498825   5.108467350030  -0.368613378471  -0.367896498249  2.713857 11.9 2458368.35218924      99.00000000
 2458368.5   5.103062245791   5.107874842147  -0.369174512990  -0.368458960729  2.725330 11.9 2458369.34937754      99.00000000
 2458369.5   5.102562156758   5.107375171608  -0.369718931535  -0.369004647244  2.736956 11.9 2458370.34658055      99.00000000
 2458370.5   5.102155561293   5.106968611590  -0.370246609002  -0.369533480398  2.748731 11.9 2458371.34379832      99.00000000
 2458371.5   5.101842601965   5.106655342953  -0.370757528844  -0.370045378082  2.760650 12.0 2458372.34103087      99.00000000
 2458372.5   5.101623415594   5.106435618985  -0.371251679307  -0.370540272959  2.772708 12.0 2458373.33827821      99.00000000
 2458373.5   5.101497936881   5.106309521290  -0.371729057033  -0.371018134188  2.784901 12.0 2458374.33554031      99.00000000
 2458374.5   5.101466092929   5.106277102907  -0.372189662496  -0.371478966574  2.797224 12.0 2458375.33281716      99.00000000
 2458375.5   5.101527622371   5.106338176647  -0.372633502726  -0.371922805450  2.809672 12.0 2458376.33010870      99.00000000
 2458376.5   5.101682277087   5.106492511955  -0.373060586455  -0.372349698551  2.822240 12.0 2458377.32741490      99.00000000
 2458377.5   5.101929645904   5.106739670827  -0.373470926750  -0.372759697819  2.834925 12.0 2458378.32473567      99.00000000
 2458378.5   5.102269352983   5.107079223468  -0.373864536508  -0.373152847854  2.847722 12.1 2458379.32207095      99.00000000
 2458379.5   5.102700879230   5.107510584872  -0.374241431386  -0.373529186373  2.860627 12.1 2458380.31942065      99.00000000
 2458380.5   5.103223754764   5.108033217951  -0.374601625692  -0.373888739328  2.873635 12.1 2458381.31678470      99.00000000
 2458381.5   5.103837378568   5.108646460462  -0.374945135549  -0.374231524822  2.886742 12.1 2458382.31416298      99.00000000
 2458382.5   5.104541207149   5.109349719176  -0.375271974982  -0.374557549543  2.899944 12.1 2458383.31155542      99.00000000
 2458383.5   5.105334574981   5.110142295593  -0.375582159143  -0.374866813058  2.913238 12.1 2458384.30896191      99.00000000
 2458384.5   5.106216881682   5.111023578445  -0.375875700422  -0.375159304879  2.926619 12.1 2458385.30638234      99.00000000
 2458385.5   5.107187414980   5.111992871459  -0.376152611646  -0.375435010263  2.940083 12.2 2458386.30381660      99.00000000
 2458386.5   5.108245537407   5.113049582272  -0.376412902137  -0.375693909716  2.953627 12.2 2458387.30126460      99.00000000
 2458387.5   5.109390511862   5.114193045464  -0.376656580919  -0.375935987653  2.967247 12.2 2458388.29872622      99.00000000
 2458388.5   5.110621687010   5.115422698788  -0.376883652751  -0.376161233931  2.980939 12.2 2458389.29620136      99.00000000
 2458389.5   5.111938323814   5.116737894119  -0.377094121479  -0.376369652536  2.994701 12.2 2458390.29368990      99.00000000
 2458390.5   5.113339777557   5.118138059788  -0.377287986156  -0.376561259966  3.008528 12.2 2458391.29119175      99.00000000
 2458391.5   5.114825323223   5.119622506876  -0.377465244680  -0.376736087945  3.022417 12.2 2458392.28870680      99.00000000
 2458392.5   5.116394332458   5.121190592711  -0.377625890075  -0.376894174042  3.036365 12.2 2458393.28623495      99.00000000
 2458393.5   5.118046096672   5.122841540680  -0.377769914499  -0.377035557049  3.050367 12.3 2458394.28377607      99.00000000
 2458394.5   5.119779998362   5.124574621089  -0.377897305694  -0.377160262212  3.064421 12.3 2458395.28133010      99.00000000
 2458395.5   5.121595331547   5.126388994650  -0.378008051401  -0.377268295337  3.078524 12.3 2458396.27889688      99.00000000
 2458396.5   5.123491467236   5.128283911443  -0.378102135976  -0.377359632043  3.092670 12.3 2458397.27647634      99.00000000
 2458397.5   5.125467671372   5.130258565107  -0.378179545204  -0.377434222686  3.106857 12.3 2458398.27406835      99.00000000
 2458398.5   5.127523265976   5.132312279844  -0.378240262948  -0.377491997601  3.121081 12.3 2458399.27167279      99.00000000
 2458399.5   5.129657448365   5.134444331973  -0.378284276092  -0.377532888731  3.135338 12.3 2458400.26928954      99.00000000
 2458400.5   5.131869454276   5.136654087076  -0.378311570760  -0.377556843443  3.149624 12.3 2458401.26691848      99.00000000
 2458401.5   5.134158385856   5.138940784209  -0.378322136897  -0.377563840841  3.163934 12.3 2458402.26455945      99.00000000
 2458402.5   5.136523382873   5.141303665651  -0.378315963664  -0.377553887326  3.178267 12.4 2458403.26221233      99.00000000
 2458403.5   5.138963461407   5.143741793437  -0.378293043612  -0.377527012071  3.192616 12.4 2458404.25987695      99.00000000
 2458404.5   5.141477690116   5.146254226334  -0.378253367489  -0.377483248998  3.206980 12.4 2458405.25755317      99.00000000
 2458405.5   5.144065032940   5.148839878394  -0.378196928517  -0.377422630771  3.221354 12.4 2458406.25524082      99.00000000
 2458406.5   5.146724523062   5.151497712642  -0.378123717106  -0.377345177240  3.235734 12.4 2458407.25293975      99.00000000
 2458407.5   5.149455103997   5.154226598576  -0.378033725591  -0.377250898541  3.250118 12.4 2458408.25064978      99.00000000
 2458408.5   5.152255798507   5.157025491787  -0.377926942992  -0.377139790147  3.264502 12.4 2458409.24837077      99.00000000
 2458409.5   5.155125547828   5.159893279435  -0.377803360195  -0.377011839749  3.278883 12.4 2458410.24610254      99.00000000
 2458410.5   5.158063377016   5.162828949356  -0.377662964610  -0.376867023085  3.293258 12.4 2458411.24384495      99.00000000
 2458411.5   5.161068234460   5.165831432928  -0.377505745638  -0.376705310915  3.307624 12.4 2458412.24159782      99.00000000
 2458412.5   5.164139155940   5.168899772752  -0.377331689029  -0.376526664550  3.321977 12.4 2458413.23936101      99.00000000
 2458413.5   5.167275106384   5.172032967852  -0.377140782505  -0.376331044055  3.336316 12.5 2458414.23713435      99.00000000
 2458414.5   5.170475144142   5.175230138925  -0.376933009695  -0.376118405796  3.350637 12.5 2458415.23491770      99.00000000
 2458415.5   5.173738265633   5.178490368638  -0.376708355867  -0.375888714052  3.364938 12.5 2458416.23271091      99.00000000
 2458416.5   5.177063569469   5.181812853066  -0.376466801478  -0.375641940925  3.379215 12.5 2458417.23051384      99.00000000
 2458417.5   5.180450102299   5.185196726495  -0.376208328171  -0.375378078153  3.393467 12.5 2458418.22832634      99.00000000
 2458418.5   5.183897019932   5.188641197392  -0.375932912171  -0.375097131930  3.407692 12.5 2458419.22614829      99.00000000
 2458419.5   5.187403430806   5.192145371549  -0.375640530878  -0.374799125436  3.421885 12.5 2458420.22397955      99.00000000
 2458420.5   5.190968550918   5.195708400580  -0.375331156376  -0.374484081961  3.436046 12.5 2458421.22182000      99.00000000
 2458421.5   5.194591543036   5.199329333433  -0.375004762798  -0.374152019398  3.450171 12.5 2458422.21966950      99.00000000
 2458422.5   5.198271665629   5.203007293395  -0.374661319951  -0.373802931876  3.464258 12.5 2458423.21752795      99.00000000
 2458423.5   5.202008109813   5.206741350336  -0.374300801304  -0.373436791450  3.478305 12.5 2458424.21539520      99.00000000
 2458424.5   5.205800145372   5.210530698448  -0.373923177477  -0.373053541878  3.492308 12.5 2458425.21327114      99.00000000
 2458425.5   5.209646958634   5.214374513679  -0.373528424613  -0.372653114595  3.506265 12.5 2458426.21115564      99.00000000
 2458426.5   5.213547798495   5.218272101658  -0.373116517478  -0.372235433801  3.520172 12.6 2458427.20904859      99.00000000
 2458427.5   5.217501817739   5.222222722537  -0.372687437998  -0.371800439041  3.534028 12.6 2458428.20694984      99.00000000
 2458428.5   5.221508221559   5.226225708904  -0.372241167735  -0.371348088766  3.547828 12.6 2458429.20485927      99.00000000
 2458429.5   5.225566114678   5.230280278106  -0.371777696341  -0.370878374283  3.561571 12.6 2458430.20277674      99.00000000
 2458430.5   5.229674654228   5.234385657611  -0.371297013194  -0.370391308899  3.575253 12.6 2458431.20070213      99.00000000
 2458431.5   5.233832903174   5.238540926801  -0.370799115707  -0.369886928223  3.588872 12.6 2458432.19863527      99.00000000
 2458432.5   5.238039986204   5.242745177966  -0.370284000203  -0.369365270293  3.602424 12.6 2458433.19657604      99.00000000
 2458433.5   5.242294946325   5.246997389284  -0.369751670353  -0.368826375240  3.615908 12.6 2458434.19452426      99.00000000
 2458434.5   5.246596899836   5.251296599023  -0.369202127665  -0.368270270208  3.629321 12.6 2458435.19247983      99.00000000
 2458435.5   5.250944892395   5.255641777678  -0.368635380398  -0.367696976865  3.642659 12.6 2458436.19044256      99.00000000
 2458436.5   5.255338050640   5.260031989909  -0.368051433883  -0.367106502343  3.655922 12.6 2458437.18841234      99.00000000
 2458437.5   5.259775436789   5.264466254572  -0.367450300025  -0.366498850872  3.669106 12.6 2458438.18638900      99.00000000
 2458438.5   5.264256197327   5.268943695767  -0.366831987416  -0.365874015646  3.682210 12.6 2458439.18437243      99.00000000
 2458439.5   5.268779417399   5.273463398730  -0.366196511287  -0.365231990690  3.695231 12.6 2458440.18236246      99.00000000
 2458440.5   5.273344268315   5.278024558906  -0.365543883232  -0.364572762001  3.708168 12.6 2458441.18035898      99.00000000
 2458441.5   5.277949863537   5.282626339475  -0.364874121423  -0.363896320231  3.721018 12.6 2458442.17836185      99.00000000
 2458442.5   5.282595406706   5.287268018786  -0.364187239738  -0.363202653243  3.733780 12.6 2458443.17637094      99.00000000
 2458443.5   5.287280050448   5.291948843323  -0.363483258091  -0.362491762245  3.746452 12.6 2458444.17438613      99.00000000
 2458444.5   5.292003045350   5.296668161816  -0.362762190902  -0.361763657130  3.759032 12.6 2458445.17240731      99.00000000
 2458445.5   5.296763600614   5.301425261262  -0.362024057633  -0.361018373547  3.771518 12.6 2458446.17043434      99.00000000
 2458446.5   5.301561031257   5.306219484943  -0.361268870931  -0.360255962539  3.783909 12.6 2458447.16846715      99.00000000
 2458447.5   5.306394616191   5.311050069793  -0.360496647915  -0.359476495633  3.796204 12.6 2458448.16650560      99.00000000
 2458448.5   5.311263738637   5.315916288565  -0.359707398644  -0.358680038544  3.808400 12.6 2458449.16454961      99.00000000
 2458449.5   5.316167737878   5.320817330964  -0.358901138691  -0.357866646502  3.820496 12.7 2458450.16259906      99.00000000
 2458450.5   5.321106042390   5.325752482902  -0.358077878071  -0.357036340528  3.832491 12.7 2458451.16065388      99.00000000
 2458451.5   5.326078018603   5.330721018020  -0.357237634771  -0.356189119194  3.844381 12.7 2458452.15871394      99.00000000
 2458452.5   5.331083102777   5.335722352032  -0.356380423440  -0.355324955310  3.856167 12.7 2458453.15677918      99.00000000
 2458453.5   5.336120653063   5.340755892786  -0.355506269104  -0.354443823529  3.867844 12.7 2458454.15484947      99.00000000
 2458454.5   5.341190084647   5.345821154774  -0.354615195035  -0.353545701816  3.879412 12.7 2458455.15292474      99.00000000
 2458455.5   5.346290727016   5.350917587206  -0.353707236363  -0.352630595522  3.890869 12.7 2458456.15100487      99.00000000
 2458456.5   5.351421962355   5.356044683162  -0.352782427077  -0.351698529340  3.902212 12.7 2458457.14908978      99.00000000
 2458457.5   5.356583086967   5.361201818168  -0.351840813612  -0.350749561064  3.913439 12.7 2458458.14717934      99.00000000
 2458458.5   5.361773451793   5.366388377729  -0.350882441074  -0.349783763258  3.924548 12.7 2458459.14527345      99.00000000
 2458459.5   5.366992326946   5.371603620408  -0.349907366882  -0.348801229913  3.935537 12.7 2458460.14337201      99.00000000
 2458460.5   5.372239043401   5.376846828060  -0.348915646294  -0.347802053741  3.946405 12.7 2458461.14147490      99.00000000
 2458461.5   5.377512859413   5.382117187335  -0.347907346244  -0.346786333319  3.957149 12.7 2458462.13958201      99.00000000
 2458462.5   5.382813101878   5.387413947534  -0.346882530345  -0.345754153524  3.967769 12.7 2458463.13769323      99.00000000
 2458463.5   5.388139032953   5.392736301344  -0.345841273140  -0.344705598358  3.978261 12.7 2458464.13580843      99.00000000
 2458464.5   5.393489989631   5.398083533762  -0.344783644803  -0.343640736099  3.988626 12.7 2458465.13392753      99.00000000
 2458465.5   5.398865249558   5.403454892685  -0.343709725957  -0.342559636227  3.998860 12.7 2458466.13205039      99.00000000
 2458466.5   5.404264168546   5.408849727752  -0.342619592133  -0.341462355966  4.008964 12.7 2458467.13017693      99.00000000
 2458467.5   5.409686045954   5.414267355600  -0.341513329121  -0.340348957958  4.018935 12.7 2458468.12830703      99.00000000
 2458468.5   5.415130261089   5.419707195560  -0.340391017059  -0.339219496187  4.028772 12.7 2458469.12644060      99.00000000
 2458469.5   5.420596139425   5.425168634921  -0.339252746128  -0.338074034168  4.038475 12.7 2458470.12457753      99.00000000
 2458470.5   5.426083089395   5.430651162917  -0.338098600032  -0.336912631569  4.048042 12.7 2458471.12271773      99.00000000
 2458471.5   5.431590470871   5.436154231964  -0.336928671784  -0.335735365208  4.057471 12.7 2458472.12086110      99.00000000
 2458472.5   5.437117733394   5.441677380433  -0.335743046384  -0.334542318210  4.066763 12.7 2458473.11900757      99.00000000
 2458473.5   5.442664286963   5.447220078722  -0.334541816633  -0.333333602501  4.075916 12.7 2458474.11715704      99.00000000
 2458474.5   5.448229640071   5.452781837994  -0.333325065239  -0.332109343052  4.084930 12.7 2458475.11530944      99.00000000
 2458475.5   5.453813268876   5.458362059905  -0.332092881311  -0.330869687925  4.093803 12.7 2458476.11346469      99.00000000
 2458476.5   5.459414749209   5.463960176861  -0.330845342911  -0.329614773628  4.102534 12.7 2458477.11162273      99.00000000
 2458477.5   5.465033618185   5.469575556553  -0.329582535349  -0.328344722205  4.111124 12.7 2458478.10978348      99.00000000
 2458478.5   5.470669497205   5.475207685307  -0.328304534869  -0.327059610545  4.119570 12.7 2458479.10794688      99.00000000
 2458479.5   5.476321948386   5.480856070571  -0.327011428519  -0.325759491729  4.127872 12.7 2458480.10611285      99.00000000
 2458480.5   5.481990596116   5.486520371677  -0.325703297807  -0.324444393574  4.136029 12.6 2458481.10428134      99.00000000
 2458481.5   5.487674987717   5.492200235857  -0.324380238526  -0.323114357995  4.144038 12.6 2458482.10245227      99.00000000
 2458482.5   5.493374720796   5.497895386244  -0.323042343045  -0.321769437832  4.151900 12.6 2458483.10062559      99.00000000
 2458483.5   5.499089310838   5.503605454269  -0.321689719481  -0.320409722839  4.159612 12.6 2458484.09880121      99.00000000
 2458484.5   5.504818323022   5.509330088724  -0.320322472718  -0.319035320315  4.167173 12.6 2458485.09697907      99.00000000
 2458485.5   5.510561243381   5.515068817268  -0.318940723425  -0.317646369988  4.174582 12.6 2458486.09515909      99.00000000
