 2455926.5   0.967882951740   0.971337058027   0.548159830571   0.548855554647  1.403623  8.6 2455927.37689076      99.00000000
 2455927.5   0.967307640427   0.970756695939   0.545422184821   0.546118393962  1.412364  8.6 2455928.37409074      99.00000000
 2455928.5   0.966893043868   0.970337266884   0.542718507195   0.543414983683  1.421291  8.6 2455929.37131606      99.00000000
 2455929.5   0.966637859207   0.970077523351   0.540050333648   0.540746890536  1.430400  8.6 2455930.36856637      99.00000000
 2455930.5   0.966541515101   0.969976926322   0.537419163351   0.538115643844  1.439686  8.7 2455931.36584167      99.00000000
 2455931.5   0.966602401772   0.970033871914   0.534826267489   0.535522543618  1.449147  8.7 2455932.36314159      99.00000000
 2455932.5   0.966819645193   0.970247464298   0.532272881896   0.532968848517  1.458777  8.7 2455933.36046607      99.00000000
 2455933.5   0.967191388391   0.970615794681   0.529760025155   0.530455592218  1.468574  8.7 2455934.35781469      99.00000000
 2455934.5   0.967716517552   0.971137670990   0.527288683115   0.527983762423  1.478534  8.8 2455935.35518739      99.00000000
 2455935.5   0.968392997108   0.971810960991   0.524859637429   0.525554128274  1.488654  8.8 2455936.35258372      99.00000000
 2455936.5   0.969219551195   0.972634291872   0.522473642384   0.523167415266  1.498929  8.8 2455937.35000358      99.00000000
 2455937.5   0.970194050381   0.973605459195   0.520131264654   0.520824150667  1.509356  8.8 2455938.34744653      99.00000000
 2455938.5   0.971315145842   0.974723085239   0.517833052121   0.518524839221  1.519932  8.9 2455939.34491246      99.00000000
 2455939.5   0.972580699294   0.975985062322   0.515579384250   0.516269826467  1.530655  8.9 2455940.34240095      99.00000000
 2455940.5   0.973989363000   0.977390132151   0.513370631246   0.514059466926  1.541519  8.9 2455941.33991189      99.00000000
 2455941.5   0.975539043996   0.978936329900   0.511207013320   0.511893991165  1.552523  8.9 2455942.33744485      99.00000000
 2455942.5   0.977228426860   0.980622475769   0.509088748360   0.509773651410  1.563663  9.0 2455943.33499974      99.00000000
 2455943.5   0.979055469754   0.982446634063   0.507015918897   0.507698582672  1.574936  9.0 2455944.33257614      99.00000000
 2455944.5   0.981018873346   0.984407552829   0.504988607628   0.505668924255  1.586338  9.0 2455945.33017394      99.00000000
 2455945.5   0.983116610552   0.986503177072   0.503006771979   0.503684681360  1.597866  9.0 2455946.32779271      99.00000000
 2455946.5   0.985347347108   0.988732074558   0.501070367681   0.501745834631  1.609517  9.1 2455947.32543233      99.00000000
 2455947.5   0.987709008365   0.991092027042   0.499179231281   0.499852217478  1.621287  9.1 2455948.32309238      99.00000000
 2455948.5   0.990200159567   0.993581450853   0.497333192581   0.498003629042  1.633172  9.1 2455949.32077270      99.00000000
 2455949.5   0.992818617042   0.996198047670   0.495531966237   0.496199737480  1.645170  9.1 2455950.31847286      99.00000000
 2455950.5   0.995562799656   0.998940183225   0.493775254969   0.494440196307  1.657275  9.1 2455951.31619269      99.00000000
 2455951.5   0.998430391363   1.001805553747   0.492062652167   0.492724561528  1.669485  9.2 2455952.31393173      99.00000000
 2455952.5   1.001419669096   1.004792499854   0.490393737733   0.491052393535  1.681796  9.2 2455953.31168979      99.00000000
 2455953.5   1.004528212896   1.007898691828   0.488767992367   0.489423173547  1.694204  9.2 2455954.30946641      99.00000000
 2455954.5   1.007754204170   1.011122405368   0.487184885976   0.487836386809  1.706706  9.2 2455955.30726138      99.00000000
 2455955.5   1.011095172297   1.014461251303   0.485643802334   0.486291442914  1.719299  9.3 2455956.30507423      99.00000000
 2455956.5   1.014549255881   1.017913428946   0.484144118766   0.484787748964  1.731978  9.3 2455957.30290476      99.00000000
 2455957.5   1.018113978637   1.021476498254   0.482685139567   0.483324640352  1.744742  9.3 2455958.30075247      99.00000000
 2455958.5   1.021787472568   1.025148603067   0.481266166200   0.481901446977  1.757586  9.3 2455959.29861717      99.00000000
 2455959.5   1.025567282243   1.028927274639   0.479886438703   0.480517433790  1.770508  9.3 2455960.29649839      99.00000000
 2455960.5   1.029451553618   1.032810620582   0.478545196526   0.479171858141  1.783504  9.4 2455961.29439591      99.00000000
 2455961.5   1.033437869021   1.036796159431   0.477241627895   0.477863917548  1.796572  9.4 2455962.29230928      99.00000000
 2455962.5   1.037524407089   1.040881984347   0.475974921996   0.476592797416  1.809709  9.4 2455963.29023828      99.00000000
 2455963.5   1.041708811465   1.045065640834   0.474744226628   0.475357627222  1.822913  9.4 2455964.28818247      99.00000000
 2455964.5   1.045989326539   1.049345281385   0.473548692676   0.474157523671  1.836180  9.4 2455965.28614166      99.00000000
 2455965.5   1.050363700107   1.053718593552   0.472387440365   0.472991562860  1.849509  9.5 2455966.28411543      99.00000000
 2455966.5   1.054830294016   1.058183936731   0.471259596521   0.471858826940  1.862896  9.5 2455967.28210360      99.00000000
 2455967.5   1.059387013173   1.062739282950   0.470164268827   0.470758393702  1.876340  9.5 2455968.28010578      99.00000000
 2455968.5   1.064032382052   1.067383281808   0.469100575137   0.469689376885  1.889839  9.5 2455969.27812184      99.00000000
 2455969.5   1.068764487938   1.072114167192   0.468067623953   0.468650911732  1.903390  9.5 2455970.27615140      99.00000000
 2455970.5   1.073582016705   1.076930747165   0.467064534566   0.467642167199  1.916991  9.6 2455971.27419435      99.00000000
 2455971.5   1.078483208118   1.081831321553   0.466090422566   0.466662317875  1.930640  9.6 2455972.27225033      99.00000000
 2455972.5   1.083466857598   1.086814669057   0.465144411096   0.465710537717  1.944335  9.6 2455973.27031923      99.00000000
 2455973.5   1.088531292351   1.091879031867   0.464225621958   0.464785979797  1.958073  9.6 2455974.26840072      99.00000000
 2455974.5   1.093675350101   1.097023120719   0.463333179470   0.463887773467  1.971852  9.6 2455975.26649466      99.00000000
 2455975.5   1.098897382589   1.102245151225   0.462466208078   0.463015024415  1.985669  9.6 2455976.26460075      99.00000000
 2455976.5   1.104196216625   1.107543836802   0.461623829970   0.462166818113  1.999522  9.7 2455977.26271884      99.00000000
 2455977.5   1.109570186186   1.112917443252   0.460805169479   0.461342235384  2.013408  9.7 2455978.26084863      99.00000000
 2455978.5   1.115018077788   1.118364744302   0.460009345041   0.460540353920  2.027325  9.7 2455979.25898996      99.00000000
 2455979.5   1.120538190945   1.123884077668   0.459235480357   0.459760268993  2.041270  9.7 2455980.25714252      99.00000000
 2455980.5   1.126129268745   1.129474260981   0.458482691072   0.459001083660  2.055241  9.7 2455981.25530616      99.00000000
 2455981.5   1.131789584686   1.135133658222   0.457750102471   0.458261927663  2.069235  9.7 2455982.25348057      99.00000000
 2455982.5   1.137517856742   1.140861075070   0.457036830974   0.457541934717  2.083249  9.8 2455983.25166559      99.00000000
 2455983.5   1.143312356031   1.146654853486   0.456342007808   0.456840262346  2.097282  9.8 2455984.24986089      99.00000000
 2455984.5   1.149171801071   1.152513758834   0.455664755137   0.456156062131  2.111331  9.8 2455985.24806633      99.00000000
 2455985.5   1.155094483972   1.158436103634   0.455004215037   0.455488505707  2.125394  9.8 2455986.24628159      99.00000000
 2455986.5   1.161079143294   1.164420621464   0.454359520112   0.454836751572  2.139469  9.8 2455987.24450652      99.00000000
 2455987.5   1.167124106213   1.170465610653   0.453729827308   0.454199977805  2.153553  9.8 2455988.24274081      99.00000000
 2455988.5   1.173228141291   1.176569789078   0.453114283139   0.453577344455  2.167646  9.9 2455989.24098431      99.00000000
 2455989.5   1.179389617747   1.182731455537   0.452512062143   0.452968030760  2.181744  9.9 2455990.23923671      99.00000000
 2455990.5   1.185607341558   1.188949330765   0.451922327054   0.452371191790  2.195846  9.9 2455991.23749788      99.00000000
 2455991.5   1.191879734656   1.195221746546   0.451344271922   0.451786000228  2.209950  9.9 2455992.23576752      99.00000000
 2455992.5   1.198205658649   1.201547487867   0.450777077715   0.451211600865  2.224055  9.9 2455993.23404550      99.00000000
 2455993.5   1.204583616231   1.207925019781   0.450219960241   0.450647163923  2.238159  9.9 2455994.23233154      99.00000000
 2455994.5   1.211012563698   1.214353325306   0.449672121644   0.450091846647  2.252261  9.9 2455995.23062555      99.00000000
 2455995.5   1.217491130286   1.220831133933   0.449132803015   0.449544862765  2.266359 10.0 2455996.22892726      99.00000000
 2455996.5   1.224018411081   1.227357693534   0.448601231727   0.449005443076  2.280453 10.0 2455997.22723660      99.00000000
 2455997.5   1.230593190956   1.233931943391   0.448076677916   0.448472896230  2.294540 10.0 2455998.22555333      99.00000000
 2455998.5   1.237214706530   1.240553218585   0.447558396961   0.447946538862  2.308619 10.0 2455999.22387739      99.00000000
 2455999.5   1.243881869057   1.247220438317   0.447045688940   0.447425734801  2.322690 10.0 2456000.22220856      99.00000000
 2456000.5   1.250594000888   1.253932846432   0.446537836208   0.446909811870  2.336750 10.0 2456001.22054678      99.00000000
 2456001.5   1.257350069615   1.260689279049   0.446034166075   0.446398115093  2.350799 10.0 2456002.21889183      99.00000000
 2456002.5   1.264149414267   1.267488933456   0.445533984460   0.445889940054  2.364833 10.0 2456003.21724366      99.00000000
 2456003.5   1.270991001003   1.274330658507   0.445036642449   0.445384608009  2.378852 10.1 2456004.21560204      99.00000000
 2456004.5   1.277874144067   1.281213695951   0.444541466764   0.444881405743  2.392854 10.1 2456005.21396693      99.00000000
 2456005.5   1.284797781953   1.288136962858   0.444047830271   0.444379666499  2.406838 10.1 2456006.21233809      99.00000000
 2456006.5   1.291761190465   1.295099760595   0.443555079376   0.443878703971  2.420800 10.1 2456007.21071546      99.00000000
 2456007.5   1.298763275512   1.302101056444   0.443062608177   0.443377892069  2.434740 10.1 2456008.20909883      99.00000000
 2456008.5   1.305803276170   1.309140171686   0.442569782757   0.442876590461  2.448655 10.1 2456009.20748812      99.00000000
 2456009.5   1.312880072070   1.316216072852   0.442076018688   0.442374222380  2.462545 10.1 2456010.20588310      99.00000000
 2456010.5   1.319992875818   1.323328049864   0.441580702245   0.441870192430  2.476407 10.1 2456011.20428371      99.00000000
 2456011.5   1.327140553561   1.330475026020   0.441083271057   0.441363964219  2.490239 10.2 2456012.20268971      99.00000000
 2456012.5   1.334322305989   1.337656233215   0.440583132299   0.440854973539  2.504040 10.2 2456013.20110102      99.00000000
 2456013.5   1.341537000326   1.344870542554   0.440079746310   0.440342708947  2.517809 10.2 2456014.19951742      99.00000000
 2456014.5   1.348783838995   1.352117134862   0.439572541825   0.439826623182  2.531543 10.2 2456015.19793883      99.00000000
 2456015.5   1.356061701729   1.359394846218   0.439061002378   0.439306218083  2.545242 10.2 2456016.19636502      99.00000000
 2456016.5   1.363369801958   1.366702828577   0.438544578641   0.438780954336  2.558904 10.2 2456017.19479592      99.00000000
 2456017.5   1.370707039177   1.374039907151   0.438022777444   0.438250339548  2.572528 10.2 2456018.19323130      99.00000000
 2456018.5   1.378072644770   1.381405233190   0.437495071289   0.437713835230  2.586112 10.2 2456019.19167108      99.00000000
 2456019.5   1.385465546492   1.388797659476   0.436960989841   0.437170947616  2.599656 10.2 2456020.19011507      99.00000000
 2456020.5   1.392885006943   1.396216395880   0.436420026683   0.436621133978  2.613158 10.2 2456021.18856317      99.00000000
 2456021.5   1.400330002874   1.403660410893   0.435871733169   0.436063901499  2.626617 10.3 2456022.18701519      99.00000000
 2456022.5   1.407799858686   1.411129085334   0.435315622600   0.435498720989  2.640032 10.3 2456023.18547109      99.00000000
 2456023.5   1.415293639502   1.418621609220   0.434751266505   0.434925139602  2.653404 10.3 2456024.18393067      99.00000000
 2456024.5   1.422810774449   1.426137577145   0.434178196624   0.434342697146  2.666730 10.3 2456025.18239389      99.00000000
 2456025.5   1.430350452338   1.433676325097   0.433596003894   0.433751030047  2.680010 10.3 2456026.18086061      99.00000000
 2456026.5   1.437912221584   1.441237467518   0.433004238598   0.433149757595  2.693243 10.3 2456027.17933079      99.00000000
 2456027.5   1.445495378408   1.448820256880   0.432402511971   0.432538558777  2.706429 10.3 2456028.17780428      99.00000000
 2456028.5   1.453099543703   1.456424182783   0.431790394295   0.431917046213  2.719566 10.3 2456029.17628105      99.00000000
 2456029.5   1.460724054601   1.464048418506   0.431167518530   0.431284860929  2.732654 10.3 2456030.17476096      99.00000000
 2456030.5   1.468368535418   1.471692445786   0.430533476015   0.430641572527  2.745690 10.3 2456031.17324399      99.00000000
 2456031.5   1.476032306881   1.479355495419   0.429887921860   0.429986798047  2.758675 10.3 2456032.17172998      99.00000000
 2456032.5   1.483714958477   1.487037126613   0.429230468395   0.429320107551  2.771606 10.4 2456033.17021890      99.00000000
 2456033.5   1.491415774660   1.494736644852   0.428560792468   0.428641141318  2.784482 10.4 2456034.16871061      99.00000000
 2456034.5   1.499134304141   1.502453656294   0.427878526929   0.427949505757  2.797302 10.4 2456035.16720507      99.00000000
 2456035.5   1.506869797331   1.510187489724   0.427183369893   0.427244885409  2.810065 10.4 2456036.16570213      99.00000000
 2456036.5   1.514621768504   1.517937744434   0.426474974379   0.426526931996  2.822769 10.4 2456037.16420175      99.00000000
 2456037.5   1.522389441724   1.525703723980   0.425753059451   0.425795374977  2.835412 10.4 2456038.16270376      99.00000000
 2456038.5   1.530172305040   1.533484980307   0.425017298039   0.425049906404  2.847994 10.4 2456039.16120812      99.00000000
 2456039.5   1.537969564471   1.541280760653   0.424267429828   0.424290291437  2.860514 10.4 2456040.15971468      99.00000000
 2456040.5   1.545780690575   1.549090550003   0.423503147292   0.423516250233  2.872969 10.4 2456041.15822338      99.00000000
 2456041.5   1.553604880337   1.556913532591   0.422724210245   0.422727569591  2.885359 10.4 2456042.15673405      99.00000000
 2456042.5   1.561441596158   1.564749133469   0.421930330144   0.421923983390  2.897683 10.4 2456043.15524666      99.00000000
 2456043.5   1.569290035134   1.572596492951   0.421121286260   0.421105286814  2.909940 10.4 2456044.15376103      99.00000000
 2456044.5   1.577149660336   1.580455004371   0.420296808312   0.420271216337  2.922128 10.4 2456045.15227711      99.00000000
 2456045.5   1.585019677210   1.588323798566   0.419456694177   0.419421566588  2.934247 10.4 2456046.15079474      99.00000000
 2456046.5   1.592899557741   1.596202277436   0.418600690857   0.418556069723  2.946296 10.5 2456047.14931387      99.00000000
 2456047.5   1.600788524828   1.604089610356   0.417728613545   0.417674514905  2.958273 10.5 2456048.14783435      99.00000000
 2456048.5   1.608686071264   1.611985267965   0.416840224815   0.416776628292  2.970179 10.5 2456049.14635613      99.00000000
 2456049.5   1.616591454114   1.619888532977   0.415935354793   0.415862198537  2.982012 10.5 2456050.14487906      99.00000000
 2456050.5   1.624504210741   1.627799027321   0.415013778466   0.414930962938  2.993772 10.5 2456051.14340312      99.00000000
 2456051.5   1.632423663679   1.635716212107   0.414075336936   0.413982743150  3.005459 10.5 2456052.14192816      99.00000000
 2456052.5   1.640349431358   1.643639865488   0.413119813272   0.413017334042  3.017071 10.5 2456053.14045416      99.00000000
 2456053.5   1.648280936207   1.651569532589   0.412147055629   0.412034631795  3.028609 10.5 2456054.13898103      99.00000000
 2456054.5   1.656217899167   1.659504961935   0.411156852876   0.411034496555  3.040072 10.5 2456055.13750873      99.00000000
 2456055.5   1.664159839771   1.667445586110   0.410149060577   0.410016852919  3.051460 10.5 2456056.13603717      99.00000000
 2456056.5   1.672106549716   1.675391030403   0.409123476738   0.408981539639  3.062771 10.5 2456057.13456634      99.00000000
 2456057.5   1.680057590374   1.683340678052   0.408079969822   0.407928427796  3.074006 10.5 2456058.13309614      99.00000000
 2456058.5   1.688012759892   1.691294196050   0.407018353085   0.406857301662  3.085162 10.5 2456059.13162656      99.00000000
 2456059.5   1.695971603926   1.699251071590   0.405938513001   0.405768003782  3.096240 10.5 2456060.13015750      99.00000000
 2456060.5   1.703933886802   1.707211077796   0.404840281344   0.404660321549  3.107238 10.5 2456061.12868895      99.00000000
 2456061.5   1.711899117525   1.715173779581   0.403723563929   0.403534125837  3.118155 10.5 2456062.12722080      99.00000000
 2456062.5   1.719867021297   1.723138982808   0.402588210989   0.402389244548  3.128990 10.5 2456063.12575304      99.00000000
 2456063.5   1.727837074591   1.731106251801   0.401434146845   0.401225593024  3.139743 10.5 2456064.12428556      99.00000000
 2456064.5   1.735808971778   1.739075363342   0.400261239140   0.400043041320  3.150410 10.5 2456065.12281833      99.00000000
 2456065.5   1.743782165631   1.747045838751   0.399069429688   0.398841543655  3.160993 10.5 2456066.12135125      99.00000000
 2456066.5   1.751756327547   1.755017397789   0.397858602723   0.397621003878  3.171490 10.5 2456067.11988429      99.00000000
 2456067.5   1.759730893007   1.762989500123   0.396628716861   0.396381405472  3.181899 10.5 2456068.11841733      99.00000000
 2456068.5   1.767705515947   1.770961797290   0.395379672306   0.395122675338  3.192220 10.6 2456069.11695035      99.00000000
 2456069.5   1.775679619725   1.778933684187   0.394111443790   0.393844814036  3.202451 10.6 2456070.11548322      99.00000000
 2456070.5   1.783652846425   1.786904751652   0.392823946669   0.392547757986  3.212593 10.6 2456071.11401592      99.00000000
 2456071.5   1.791624613635   1.794874350055   0.391517170747   0.391231510781  3.222644 10.6 2456072.11254832      99.00000000
 2456072.5   1.799594558992   1.802842042704   0.390191045265   0.389896005284  3.232602 10.6 2456073.11108039      99.00000000
 2456073.5   1.807562102647   1.810807179380   0.388845573561   0.388541237346  3.242469 10.6 2456074.10961202      99.00000000
 2456074.5   1.815526887193   1.818769347975   0.387480696978   0.387167128942  3.252242 10.6 2456075.10814316      99.00000000
 2456075.5   1.823488345956   1.826727955169   0.386096430248   0.385773665274  3.261921 10.6 2456076.10667371      99.00000000
 2456076.5   1.831446139083   1.834682673608   0.384692724219   0.384360760063  3.271506 10.6 2456077.10520364      99.00000000
 2456077.5   1.839399728630   1.842633025326   0.383269601757   0.382928397711  3.280996 10.6 2456078.10373285      99.00000000
 2456078.5   1.847348812119   1.850578814925   0.381827019124   0.381476503196  3.290391 10.6 2456079.10226131      99.00000000
 2456079.5   1.855292904958   1.858519696790   0.380365002306   0.380005090321  3.299690 10.6 2456080.10078893      99.00000000
 2456080.5   1.863231770458   1.866455569327   0.378883507362   0.378514131760  3.308893 10.6 2456081.09931570      99.00000000
 2456081.5   1.871165005446   1.874386110684   0.377382557954   0.377003699462  3.318001 10.6 2456082.09784155      99.00000000
 2456082.5   1.879092459546   1.882311155144   0.375862106057   0.375473813631  3.327012 10.6 2456083.09636648      99.00000000
 2456083.5   1.887013815112   1.890230267251   0.374322172221   0.373924560142  3.335926 10.6 2456084.09489041      99.00000000
 2456084.5   1.894928989656   1.898143185944   0.372762707675   0.372355928209  3.344743 10.6 2456085.09341335      99.00000000
 2456085.5   1.902837710724   1.906049467729   0.371183736989   0.370767942500  3.353463 10.6 2456086.09193523      99.00000000
 2456086.5   1.910739910362   1.913948936323   0.369585219895   0.369160530864  3.362084 10.6 2456087.09045606      99.00000000
 2456087.5   1.918635308047   1.921841284552   0.367967193935   0.367533684106  3.370606 10.6 2456088.08897577      99.00000000
 2456088.5   1.926523808706   1.929726458208   0.366329634084   0.365887331475  3.379029 10.6 2456089.08749437      99.00000000
 2456089.5   1.934405098863   1.937604224504   0.364672594558   0.364221492861  3.387350 10.6 2456090.08601179      99.00000000
 2456090.5   1.942279047201   1.945474546136   0.362996066593   0.362536139417  3.395570 10.6 2456091.08452803      99.00000000
 2456091.5   1.950145309032   1.953337167874   0.361300120307   0.360831335047  3.403688 10.6 2456092.08304302      99.00000000
 2456092.5   1.958003724093   1.961192003882   0.359584761630   0.359107090463  3.411702 10.6 2456093.08155674      99.00000000
 2456093.5   1.965853925088   1.969038741276   0.357850074902   0.357363503667  3.419611 10.6 2456094.08006912      99.00000000
 2456094.5   1.973695730395   1.976877229780   0.356096079364   0.355600613704  3.427416 10.6 2456095.07858016      99.00000000
 2456095.5   1.981528755678   1.984707091940   0.354322872578   0.353818542328  3.435114 10.6 2456096.07708977      99.00000000
 2456096.5   1.989352801731   1.992528110145   0.352530486438   0.352017347156  3.442706 10.6 2456097.07559794      99.00000000
 2456097.5   1.997167469793   2.000339843359   0.350719031208   0.350197163240  3.450190 10.6 2456098.07410459      99.00000000
 2456098.5   2.004972545618   2.008142015138   0.348888550855   0.348358054523  3.457565 10.6 2456099.07260970      99.00000000
 2456099.5   2.012767619421   2.015934141821   0.347039167468   0.346500155154  3.464831 10.6 2456100.07111318      99.00000000
 2456100.5   2.020552467117   2.023715925047   0.345170935744   0.344623520590  3.471988 10.6 2456101.06961502      99.00000000
 2456101.5   2.028326675351   2.031486890704   0.343283987649   0.342728271037  3.479034 10.6 2456102.06811513      99.00000000
 2456102.5   2.036090020192   2.039246781104   0.341378386032   0.340814445014  3.485969 10.6 2456103.06661349      99.00000000
 2456103.5   2.043842097099   2.046995196264   0.339454269510   0.338882147410  3.492793 10.6 2456104.06511002      99.00000000
 2456104.5   2.051582696996   2.054731975402   0.337511705264   0.336931407050  3.499505 10.6 2456105.06360472      99.00000000
 2456105.5   2.059311440991   2.062456829640   0.335550834124   0.334962329530  3.506105 10.6 2456106.06209750      99.00000000
 2456106.5   2.067028153895   2.070169702693   0.333571722581   0.332974957697  3.512592 10.6 2456107.06058835      99.00000000
 2456107.5   2.074732503404   2.077870385817   0.331574508130   0.330969426183  3.518968 10.6 2456108.05907723      99.00000000
 2456108.5   2.082424370186   2.085558853174   0.329559250791   0.328945818277  3.525230 10.6 2456109.05756412      99.00000000
 2456109.5   2.090103489043   2.093234867426   0.327526079334   0.326904311208  3.531380 10.6 2456110.05604898      99.00000000
 2456110.5   2.097769811463   2.100898321107   0.325475043415   0.324845016651  3.537417 10.6 2456111.05453181      99.00000000
 2456111.5   2.105423143324   2.108548884786   0.323406262006   0.322768110238  3.543341 10.6 2456112.05301257      99.00000000
 2456112.5   2.113063495447   2.116186401078   0.321319777234   0.320673665744  3.549152 10.6 2456113.05149127      99.00000000
 2456113.5   2.120690716776   2.123810576073   0.319215705141   0.318561796878  3.554849 10.6 2456114.04996788      99.00000000
 2456114.5   2.128304837219   2.131421365007   0.317094090108   0.316432516274  3.560432 10.5 2456115.04844241      99.00000000
 2456115.5   2.135905704669   2.139018619818   0.314955055779   0.314285901457  3.565901 10.5 2456116.04691482      99.00000000
 2456116.5   2.143493329442   2.146602414901   0.312798657832   0.312121962920  3.571254 10.5 2456117.04538512      99.00000000
 2456117.5   2.151067531327   2.154172664171   0.310625033582   0.309940804335  3.576491 10.5 2456118.04385328      99.00000000
 2456118.5   2.158628287281   2.161729441741   0.308434252839   0.307742476642  3.581612 10.5 2456119.04231931      99.00000000
 2456119.5   2.166175386111   2.169272619885   0.306226466825   0.305527126312  3.586615 10.5 2456120.04078315      99.00000000
 2456120.5   2.173708775377   2.176802207824   0.304001758181   0.303294842119  3.591499 10.5 2456121.03924482      99.00000000
 2456121.5   2.181228219634   2.184318007856   0.301760290167   0.301045801688  3.596265 10.5 2456122.03770426      99.00000000
 2456122.5   2.188733643713   2.191819958379   0.299502156533   0.298780118530  3.600911 10.5 2456123.03616148      99.00000000
 2456123.5   2.196224792880   2.199307794828   0.297227531334   0.296497990151  3.605437 10.5 2456124.03461642      99.00000000
 2456124.5   2.203701572111   2.206781389600   0.294936518746   0.294199545448  3.609842 10.5 2456125.03306908      99.00000000
 2456125.5   2.211163708437   2.214240416692   0.292629303364   0.291884992736  3.614125 10.5 2456126.03151940      99.00000000
 2456126.5   2.218611087206   2.221684692607   0.290305999705   0.289554465527  3.618286 10.5 2456127.02996737      99.00000000
 2456127.5   2.226043417821   2.229113851446   0.287966802603   0.287208169279  3.622323 10.5 2456128.02841293      99.00000000
 2456128.5   2.233460568476   2.236527692915   0.285611836019   0.284846226202  3.626238 10.5 2456129.02685609      99.00000000
 2456129.5   2.240862236541   2.243925868997   0.283241303147   0.282468823546  3.630028 10.5 2456130.02529676      99.00000000
 2456130.5   2.248248282739   2.251308232562   0.280855334304   0.280076061966  3.633695 10.5 2456131.02373494      99.00000000
 2456131.5   2.255618406333   2.258674521001   0.278454136679   0.277668110034  3.637236 10.5 2456132.02217058      99.00000000
 2456132.5   2.262972478270   2.266024686779   0.276037841488   0.275245058780  3.640653 10.4 2456133.02060366      99.00000000
 2456133.5   2.270310219901   2.273358561999   0.273606653699   0.272807081121  3.643945 10.4 2456134.01903414      99.00000000
 2456134.5   2.277631533615   2.280676164382   0.271160698923   0.270354287285  3.647112 10.4 2456135.01746201      99.00000000
 2456135.5   2.284936183396   2.287977348516   0.268700173576   0.267886881119  3.650154 10.4 2456136.01588723      99.00000000
 2456136.5   2.292224121390   2.295262104803   0.266225192003   0.265405007584  3.653071 10.4 2456137.01430980      99.00000000
 2456137.5   2.299495168470   2.302530223484   0.263735937621   0.262908898401  3.655863 10.4 2456138.01272970      99.00000000
 2456138.5   2.306749334722   2.309781616684   0.261232510926   0.260398707910  3.658530 10.4 2456139.01114693      99.00000000
 2456139.5   2.313986497650   2.317016020661   0.258715082310   0.257874651223  3.661073 10.4 2456140.00956146      99.00000000
 2456140.5   2.321206714748   2.324233348581   0.256183741545   0.255336841024  3.663490 10.4 2456141.00797331      99.00000000
 2456141.5   2.328409898901   2.331433408383   0.253638652326   0.252785438345  3.665782 10.4 2456142.00638246      99.00000000
 2456142.5   2.335596125198   2.338616237012   0.251079902576   0.250220508707  3.667948 10.4 2456143.00478892      99.00000000
 2456143.5   2.342765308019   2.345781782460   0.248507659290   0.247642188814  3.669989 10.4 2456144.00319267      99.00000000
 2456144.5   2.349917507889   2.352930194412   0.245922017924   0.245050544075  3.671904 10.4 2456145.00159373      99.00000000
 2456145.5   2.357052615152   2.360061478306   0.243323156063   0.242445723867  3.673691 10.4 2456145.99999208      99.00000000
 2456146.5   2.364170659517   2.367175771303   0.240711181175   0.239827809236  3.675352 10.4 2456146.99838774      99.00000000
 2456147.5   2.371271500065   2.374273009687   0.238086283211   0.237196971005  3.676884 10.4 2456147.99678067      99.00000000
 2456148.5   2.378355135376   2.381353233582   0.235448581428   0.234553322339  3.678289 10.4 2456148.99517088      99.00000000
 2456149.5   2.385421396852   2.388416286096   0.232798276820   0.231897072114  3.679564 10.4 2456149.99355834      99.00000000
 2456150.5   2.392470256761   2.395462127928   0.230135498850   0.229228367685  3.680710 10.4 2456150.99194305      99.00000000
 2456151.5   2.399501522869   2.402490536373   0.227460458261   0.226547443456  3.681725 10.4 2456151.99032496      99.00000000
 2456152.5   2.406515143406   2.409501412354   0.224773294033   0.223854463944  3.682611 10.5 2456152.98870408      99.00000000
 2456153.5   2.413510902711   2.416494478719   0.222074226605   0.221149674057  3.683365 10.5 2456153.98708036      99.00000000
 2456154.5   2.420488723673   2.423469587480   0.219363404879   0.218433242317  3.683988 10.5 2456154.98545379      99.00000000
 2456155.5   2.427448365439   2.430426427122   0.216641059466   0.215705410137  3.684479 10.5 2456155.98382434      99.00000000
 2456156.5   2.434389725077   2.437364838392   0.213907349181   0.212966333797  3.684838 10.5 2456156.98219198      99.00000000
 2456157.5   2.441312539302   2.444284533360   0.211162513638   0.210216234485  3.685064 10.5 2456157.98055667      99.00000000
 2456158.5   2.448216687367   2.451185412417   0.208406718622   0.207455244333  3.685158 10.5 2456158.97891840      99.00000000
 2456159.5   2.455101897959   2.458067275163   0.205640207646   0.204683564311  3.685119 10.5 2456159.97727710      99.00000000
 2456160.5   2.461968053222   2.464930112018   0.202863146288   0.201901319005  3.684947 10.6 2456160.97563279      99.00000000
 2456161.5   2.468814898899   2.471773787409   0.200075773350   0.199108720052  3.684642 10.6 2456161.97398541      99.00000000
 2456162.5   2.475642346287   2.478598307881   0.197278245279   0.196305919308  3.684205 10.6 2456162.97233495      99.00000000
 2456163.5   2.482450181802   2.485403503612   0.194470788168   0.193493163539  3.683636 10.6 2456163.97068139      99.00000000
 2456164.5   2.489238363754   2.492189311866   0.191653543297   0.190670634814  3.682935 10.6 2456164.96902472      99.00000000
 2456165.5   2.496006729334   2.498955489767   0.188826720610   0.187838593643  3.682102 10.6 2456165.96736491      99.00000000
 2456166.5   2.502755285655   2.505701926961   0.185990445577   0.184997212742  3.681137 10.6 2456166.96570197      99.00000000
 2456167.5   2.509483914421   2.512428381727   0.183144914027   0.182146720416  3.680041 10.6 2456167.96403587      99.00000000
 2456168.5   2.516192658082   2.519134798753   0.180290240079   0.179287240961  3.678814 10.6 2456168.96236664      99.00000000
 2456169.5   2.522881423303   2.525821035911   0.177426611937   0.176418949633  3.677455 10.7 2456169.96069424      99.00000000
 2456170.5   2.529550263976   2.532487155002   0.174554140329   0.173541926173  3.675966 10.7 2456170.95901869      99.00000000
 2456171.5   2.536199085790   2.539133118082   0.171673014446   0.170656320394  3.674345 10.7 2456171.95733996      99.00000000
 2456172.5   2.542827928986   2.545759050223   0.168783349931   0.167762210104  3.672593 10.7 2456172.95565809      99.00000000
 2456173.5   2.549436676753   2.552364925069   0.165885344016   0.164859764117  3.670709 10.7 2456173.95397302      99.00000000
 2456174.5   2.556025339758   2.558950830447   0.162979122405   0.161949092601  3.668694 10.7 2456174.95228478      99.00000000
 2456175.5   2.562593769011   2.565516670610   0.160064893383   0.159030401311  3.666546 10.7 2456175.95059333      99.00000000
 2456176.5   2.569141941595   2.572062448637   0.157142793833   0.156103835076  3.664266 10.7 2456176.94889868      99.00000000
 2456177.5   2.575669676377   2.578587984070   0.154213042858   0.153169628516  3.661853 10.7 2456177.94720079      99.00000000
 2456178.5   2.582176919051   2.585093201674   0.151275787611   0.150227948840  3.659307 10.7 2456178.94549966      99.00000000
 2456179.5   2.588663458847   2.591577852427   0.148331257035   0.147279047461  3.656628 10.7 2456179.94379524      99.00000000
 2456180.5   2.595129211597   2.598041800248   0.145379607971   0.144323103968  3.653816 10.8 2456180.94208753      99.00000000
 2456181.5   2.601573936624   2.604484743216   0.142421079254   0.141360378268  3.650870 10.8 2456181.94037649      99.00000000
 2456182.5   2.607997517789   2.610906500573   0.139455838123   0.138391053923  3.647790 10.8 2456182.93866209      99.00000000
 2456183.5   2.614399681153   2.617306740365   0.136484134434   0.135415388582  3.644576 10.8 2456183.93694430      99.00000000
 2456184.5   2.620780275525   2.623685274094   0.133506146833   0.132433555460  3.641228 10.8 2456184.93522308      99.00000000
 2456185.5   2.627138993123   2.630041794075   0.130522136261   0.129445793566  3.637747 10.8 2456185.93349838      99.00000000
 2456186.5   2.633475652550   2.636376168601   0.127532290873   0.126452252955  3.634131 10.8 2456186.93177018      99.00000000
 2456187.5   2.639789925082   2.642688166830   0.124536877863   0.123453153761  3.630381 10.8 2456187.93003842      99.00000000
 2456188.5   2.646081621375   2.648977723214   0.121536086713   0.120448642708  3.626499 10.8 2456188.92830309      99.00000000
 2456189.5   2.652350421888   2.655244629370   0.118530179870   0.117438959049  3.622483 10.8 2456189.92656411      99.00000000
 2456190.5   2.658596162882   2.661488780886   0.115519335952   0.114424287109  3.618335 10.8 2456190.92482148      99.00000000
 2456191.5   2.664818564455   2.667709884874   0.112503801607   0.111404907086  3.614054 10.8 2456191.92307515      99.00000000
 2456192.5   2.671017509839   2.673907745616   0.109483736838   0.108381029186  3.609643 10.8 2456192.92132511      99.00000000
 2456193.5   2.677192767621   2.680082014590   0.106459369227   0.105352932670  3.605101 10.8 2456193.91957131      99.00000000
 2456194.5   2.683344264526   2.686232498084   0.103430841315   0.102320799701  3.600429 10.8 2456194.91781376      99.00000000
 2456195.5   2.689471804522   2.692358906230   0.100398366187   0.099284863183  3.595628 10.8 2456195.91605241      99.00000000
 2456196.5   2.695575338811   2.698461140866   0.097362075592   0.096245252988  3.590697 10.9 2456196.91428726      99.00000000
 2456197.5   2.701654684970   2.704539019701   0.094322175748   0.093202155150  3.585638 10.9 2456197.91251828      99.00000000
 2456198.5   2.707709796415   2.710592539328   0.091278795424   0.090155666269  3.580451 10.9 2456198.91074546      99.00000000
 2456199.5   2.713740482872   2.716621581697   0.088232141488   0.087105956975  3.575136 10.9 2456199.90896877      99.00000000
 2456200.5   2.719746680292   2.722626166076   0.085182346630   0.084053126922  3.569693 10.9 2456200.90718821      99.00000000
 2456201.5   2.725728173402   2.728606154563   0.082129624369   0.080997365454  3.564123 10.9 2456201.90540373      99.00000000
 2456202.5   2.731684866835   2.734561510206   0.079074116154   0.077938801429  3.558425 10.9 2456202.90361532      99.00000000
 2456203.5   2.737616510184   2.740492015351   0.076016045651   0.074877657789  3.552600 10.9 2456203.90182294      99.00000000
 2456204.5   2.743522970430   2.746397542969   0.072955565216   0.071814096104  3.546648 10.9 2456204.90002658      99.00000000
 2456205.5   2.749403958943   2.752277786937   0.069892909635   0.068748367616  3.540570 10.9 2456205.89822617      99.00000000
 2456206.5   2.755259304312   2.758132539972   0.066828242318   0.065680656375  3.534365 10.9 2456206.89642170      99.00000000
 2456207.5   2.761088680028   2.763961427002   0.063761808932   0.062611230407  3.528033 10.9 2456207.89461310      99.00000000
 2456208.5   2.766891876577   2.769764182470   0.060693783744   0.059540285725  3.521575 10.9 2456208.89280036      99.00000000
 2456209.5   2.772668528774   2.775540383195   0.057624423520   0.056468098132  3.514991 10.9 2456209.89098340      99.00000000
 2456210.5   2.778418386630   2.781289725777   0.054553914228   0.053394867183  3.508281 10.9 2456210.88916219      99.00000000
 2456211.5   2.784141042343   2.787011762904   0.051482525183   0.050320866962  3.501446 10.9 2456211.88733666      99.00000000
 2456212.5   2.789836200910   2.792706186264   0.048410455785   0.047246288607  3.494486 10.9 2456212.88550676      99.00000000
 2456213.5   2.795503408724   2.798372568683   0.045337989191   0.044171390712  3.487401 10.9 2456213.88367242      99.00000000
 2456214.5   2.801142327117   2.804010645632   0.042265337928   0.041096345096  3.480192 10.9 2456214.88183358      99.00000000
 2456215.5   2.806752466332   2.809620042027   0.039192795656   0.038021395848  3.472860 10.9 2456215.87999018      99.00000000
 2456216.5   2.812333465235   2.815200522123   0.036120580423   0.034946717514  3.465405 10.9 2456216.87814214      99.00000000
 2456217.5   2.817884831052   2.820751683253   0.033048984268   0.031872582643  3.457829 10.9 2456217.87628940      99.00000000
 2456218.5   2.823406221183   2.826273197510   0.029978215559   0.028799214801  3.450131 10.9 2456218.87443190      99.00000000
 2456219.5   2.828897180109   2.831764539529   0.026908549544   0.025726935212  3.442315 10.9 2456219.87256956      99.00000000
 2456220.5   2.834357413416   2.837225288103   0.023840173468   0.022655990686  3.434380 10.9 2456220.87070236      99.00000000
 2456221.5   2.839786514947   2.842654900244   0.020773340708   0.019586687542  3.426328 10.9 2456221.86883021      99.00000000
 2456222.5   2.845184232244   2.848053017481   0.017708219091   0.016519225988  3.418160 10.9 2456222.86695310      99.00000000
 2456223.5   2.850550188516   2.853419208924   0.014645046990   0.013453852234  3.409877 10.9 2456223.86507094      99.00000000
 2456224.5   2.855884146543   2.858753236554   0.011583982292   0.010390710793  3.401480 10.9 2456224.86318371      99.00000000
 2456225.5   2.861185731470   2.864054767216   0.008525258212   0.007330007411  3.392971 10.9 2456225.86129134      99.00000000
 2456226.5   2.866454696784   2.869323622587   0.005469031558   0.004271864891  3.384350 10.9 2456226.85939380      99.00000000
 2456227.5   2.871690649063   2.874559487789   0.002415537806   0.001216484915  3.375617 10.9 2456227.85749103      99.00000000
 2456228.5   2.876893315807   2.879762164941  -0.000635061255  -0.001835999215  3.366774 10.9 2456228.85558298      99.00000000
 2456229.5   2.882062271325   2.884931287908  -0.003682522906  -0.004885364350  3.357822 10.9 2456229.85366958      99.00000000
 2456230.5   2.887197205846   2.890066583930  -0.006726676248  -0.007931448528  3.348762 10.9 2456230.85175078      99.00000000
 2456231.5   2.892297652168   2.895167597230  -0.009767267916  -0.010973996585  3.339594 10.9 2456231.84982651      99.00000000
 2456232.5   2.897363256026   2.900233960229  -0.012804115187  -0.014012814768  3.330318 10.9 2456232.84789671      99.00000000
 2456233.5   2.902393503414   2.905265125123  -0.015836952025  -0.017047619172  3.320937 10.9 2456233.84596129      99.00000000
 2456234.5   2.907387992067   2.910260641524  -0.018865582489  -0.020078192184  3.311450 10.9 2456234.84402021      99.00000000
 2456235.5   2.912346158971   2.915219890926  -0.021889726940  -0.023104231546  3.301859 10.9 2456235.84207335      99.00000000
 2456236.5   2.917267552350   2.920142365393  -0.024909175517  -0.026125506563  3.292164 10.9 2456236.84012065      99.00000000
 2456237.5   2.922151558524   2.925027401080  -0.027923634201  -0.029141706598  3.282366 10.9 2456237.83816201      99.00000000
 2456238.5   2.926997673805   2.929874457018  -0.030932878095  -0.032152596987  3.272466 10.9 2456238.83619736      99.00000000
 2456239.5   2.931805230342   2.934682848946  -0.033936597179  -0.035157867617  3.262466 10.9 2456239.83422657      99.00000000
 2456240.5   2.936573668340   2.939452030537  -0.036934549479  -0.038157289269  3.252366 10.9 2456240.83224958      99.00000000
 2456241.5   2.941302262231   2.944181327699  -0.039926406957  -0.041150561763  3.242168 10.9 2456241.83026625      99.00000000
 2456242.5   2.945990395998   2.948870215479  -0.042911909534  -0.044137467177  3.231872 10.9 2456242.82827649      99.00000000
 2456243.5   2.950637293597   2.953518035579  -0.045890712592  -0.047117710185  3.221480 10.9 2456243.82628018      99.00000000
 2456244.5   2.955242301804   2.958124246062  -0.048862543598  -0.050091059920  3.210994 10.9 2456244.82427722      99.00000000
 2456245.5   2.959804627469   2.962688112246  -0.051827052447  -0.053057181754  3.200415 10.9 2456245.82226746      99.00000000
 2456246.5   2.964323625994   2.967208959479  -0.054783970349  -0.056015784443  3.189745 10.9 2456246.82025083      99.00000000
 2456247.5   2.968798537064   2.971685911103  -0.057732960268  -0.058966475507  3.178987 10.9 2456247.81822720      99.00000000
 2456248.5   2.973228766038   2.976118214135  -0.060673773440  -0.061908938971  3.168141 10.9 2456248.81619647      99.00000000
 2456249.5   2.977613606377   2.980505021808  -0.063606095314  -0.064842806163  3.157211 10.9 2456249.81415853      99.00000000
 2456250.5   2.981952509400   2.984845705028  -0.066529697504  -0.067767822726  3.146198 10.9 2456250.81211331      99.00000000
 2456251.5   2.986244797706   2.989139574872  -0.069444280325  -0.070683692053  3.135103 10.9 2456251.81006068      99.00000000
 2456252.5   2.990489933292   2.993386135657  -0.072349623596  -0.073590217960  3.123930 10.9 2456252.80800058      99.00000000
 2456253.5   2.994687231860   2.997584775872  -0.075245429416  -0.076487136935  3.112679 10.9 2456253.80593288      99.00000000
 2456254.5   2.998836135665   3.001735019694  -0.078131474343  -0.079374261581  3.101352 10.9 2456254.80385751      99.00000000
 2456255.5   3.002935930693   3.005836228877  -0.081007453354  -0.082251318660  3.089952 10.9 2456255.80177434      99.00000000
 2456256.5   3.006986023435   3.009887869947  -0.083873133243  -0.085118099131  3.078480 10.9 2456256.79968329      99.00000000
 2456257.5   3.010985658869   3.013889226692  -0.086728197094  -0.087974300825  3.066937 10.9 2456257.79758422      99.00000000
 2456258.5   3.014934199241   3.017839676286  -0.089572398208  -0.090819681741  3.055326 10.9 2456258.79547706      99.00000000
 2456259.5   3.018830841404   3.021738406598  -0.092405404525  -0.093653904787  3.043647 10.9 2456259.79336165      99.00000000
 2456260.5   3.022674896964   3.025584698810  -0.095226952809  -0.096476693277  3.031904 10.9 2456260.79123789      99.00000000
 2456261.5   3.026465508779   3.029377648779  -0.098036692918  -0.099287677368  3.020096 10.8 2456261.78910565      99.00000000
 2456262.5   3.030201932692   3.033116455626  -0.100834342285  -0.102086551479  3.008227 10.8 2456262.78696481      99.00000000
 2456263.5   3.033883253355   3.036800145588  -0.103619530103  -0.104872921749  2.996299 10.8 2456263.78481522      99.00000000
 2456264.5   3.037508667681   3.040427863579  -0.106391952151  -0.107646464141  2.984311 10.8 2456264.78265675      99.00000000
 2456265.5   3.041077199819   3.043998595784  -0.109151214814  -0.110406771461  2.972268 10.8 2456265.78048925      99.00000000
 2456266.5   3.044587986074   3.047511461367  -0.111896990143  -0.113153511079  2.960170 10.8 2456266.77831258      99.00000000
 2456267.5   3.048039988717   3.050965432073  -0.114628859561  -0.115886270886  2.948020 10.8 2456267.77612658      99.00000000
 2456268.5   3.051432282539   3.054359623038  -0.117346469119  -0.118604716193  2.935820 10.8 2456268.77393110      99.00000000
 2456269.5   3.054763768300   3.057693007225  -0.120049373081  -0.121308433594  2.923572 10.8 2456269.77172596      99.00000000
 2456270.5   3.058033462973   3.060964699513  -0.122737190022  -0.123997084391  2.911278 10.8 2456270.76951102      99.00000000
 2456271.5   3.061240216075   3.064173654979  -0.125409447450  -0.126670241551  2.898941 10.8 2456271.76728609      99.00000000
 2456272.5   3.064383007773   3.067318935045  -0.128065740431  -0.129327534906  2.886564 10.8 2456272.76505100      99.00000000
 2456273.5   3.067460671436   3.070399391548  -0.130705578876  -0.131968482381  2.874148 10.8 2456273.76280557      99.00000000
 2456274.5   3.070472199610   3.073413948212  -0.133328549407  -0.134592641782  2.861698 10.8 2456274.76054965      99.00000000
 2456275.5   3.073416466520   3.076361335422  -0.135934163837  -0.137199464700  2.849216 10.8 2456275.75828305      99.00000000
 2456276.5   3.076292529437   3.079240443116  -0.138522020219  -0.139788479398  2.836705 10.7 2456276.75600563      99.00000000
 2456277.5   3.079099336482   3.082050091682  -0.141091646958  -0.142359161481  2.824168 10.7 2456277.75371722      99.00000000
 2456278.5   3.081836014078   3.084789357688  -0.143642658690  -0.144911105772  2.811609 10.7 2456278.75141770      99.00000000
 2456279.5   3.084501561051   3.087457266685  -0.146174595075  -0.147443864460  2.799031 10.7 2456279.74910689      99.00000000
 2456280.5   3.087095132584   3.090053049502  -0.148687074305  -0.149957088922  2.786437 10.7 2456280.74678468      99.00000000
 2456281.5   3.089615734045   3.092575803802  -0.151179631148  -0.152450354206  2.773829 10.7 2456281.74445091      99.00000000
 2456282.5   3.092062511816   3.095024761266  -0.153651872166  -0.154923304334  2.761211 10.7 2456282.74210543      99.00000000
 2456283.5   3.094434451282   3.097398972907  -0.156103315194  -0.157375486477  2.748585 10.7 2456283.73974809      99.00000000
 2456284.5   3.096730674210   3.099697601925  -0.158533546687  -0.159806506389  2.735955 10.7 2456284.73737876      99.00000000
 2456285.5   3.098950137995   3.101919622642  -0.160942061900  -0.162215868438  2.723324 10.7 2456285.73499725      99.00000000
 2456286.5   3.101091936315   3.104064122599  -0.163328423326  -0.164603134570  2.710694 10.7 2456286.73260344      99.00000000
 2456287.5   3.103154996924   3.106130002723  -0.165692100569  -0.166967765086  2.698068 10.7 2456287.73019715      99.00000000
 2456288.5   3.105138383943   3.108116283260  -0.168032629196  -0.169309278881  2.685450 10.6 2456288.72777823      99.00000000
 2456289.5   3.107040993441   3.110021804511  -0.170349449878  -0.171627094634  2.672842 10.6 2456289.72534651      99.00000000
 2456290.5   3.108861857487   3.111845538048  -0.172642067592  -0.173920692875  2.660247 10.6 2456290.72290184      99.00000000
 2456291.5   3.110599838081   3.113586289372  -0.174909890110  -0.176189458111  2.647669 10.6 2456291.72044403      99.00000000
 2456292.5   3.112253933882   3.115243013986  -0.177152387839  -0.178432842579  2.635110 10.6 2456292.71797293      99.00000000
 2456293.5   3.113822973328   3.116814518825  -0.179368931916  -0.180650208006  2.622575 10.6 2456293.71548835      99.00000000
