188.330284119810
188.580968586678
188.831653050914
189.082337517769
189.333021984618
189.583706448832
189.834390915667
190.085075382493
190.335759849314
190.586444313500
190.837128780307
191.087813247108
191.338497711275
191.589182178060
191.839866644840
192.090551108984
192.341235575750
192.591920042510
192.842604506635
193.093288973377
193.343973440116
193.594657904221
193.845342370946
194.096026837662
194.346711304373
194.597395768449
194.848080235146
195.098764701836
195.349449165893
195.600133632568
195.850818099238
196.101502563272
196.352187029928
196.602871496578
196.853555960593
197.104240427225
197.354924893854
197.605609357849
197.856293824464
198.106978291072
198.357662757671
198.608347221637
198.859031688224
199.109716154805
199.360400618752
199.611085085315
199.861769551875
200.112454015802
200.363138482348
200.613822948887
200.864507412793
201.115191879315
201.365876345834
201.616560812346
201.867245276224
202.117929742723
202.368614209212
202.619298673069
202.869983139546
203.120667606017
203.371352069855
203.622036536312
203.872721002759
204.123405466576
204.374089933012
204.624774399442
204.875458863238
205.126143329654
205.376827796060
205.627512262463
205.878196726232
206.128881192620
206.379565658999
206.630250122748
206.880934589116
207.131619055477
207.382303519205
207.632987985553
207.883672451891
208.134356915598
208.385041381925
208.635725848246
208.886410311933
209.137094778239
209.387779244536
209.638463710829
209.889148174489
210.139832640768
210.390517107041
210.641201570680
210.891886036936
211.142570503188
211.393254966807
211.643939433046
211.894623899278
212.145308362873
212.395992829091
212.646677295302
212.897361761507
213.148046225078
213.398730691265
213.649415157449
213.900099621000
214.150784087171
214.401468553334
214.652153016865
214.902837483011
215.153521949155
215.404206412665
215.654890878794
215.905575344917
216.156259808407
216.406944274513
216.657628740615
216.908313206711
217.158997670173
217.409682136255
217.660366602327
217.911051065769
218.161735531831
218.412419997886
218.663104461307
218.913788927345
219.164473393380
219.415157856781
219.665842322802
219.916526788816
220.167211252197
220.417895718194
220.668580184188
220.919264650175
221.169949113529
221.420633579503
221.671318045466
221.922002508799
222.172686974753
222.423371440699
222.674055904012
222.924740369945
223.175424835868
223.426109299161
223.676793765073
223.927478230979
224.178162696878
224.428847160140
224.679531626026
224.930216091905
225.180900555150
225.431585021015
225.682269486870
225.932953950095
226.183638415940
226.434322881779
226.685007344983
226.935691810808
227.186376276623
227.437060739807
227.687745205612
227.938429671409
228.189114137200
228.439798600356
228.690483066132
228.941167531902
229.191851995040
229.442536460797
229.693220926547
229.943905389661
230.194589855398
230.445274321128
230.695958784223
230.946643249940
231.197327715648
231.448012178725
231.698696644421
231.949381110111
232.200065575794
232.450750038842
232.701434504510
232.952118970173
233.202803433202
233.453487898850
233.704172364493
233.954856827502
234.205541293129
234.456225758752
234.706910221739
234.957594687348
235.208279152950
235.458963618544
235.709648081507
235.960332547089
236.211017012664
236.461701475604
236.712385941165
236.963070406720
237.213754869640
237.464439335182
237.715123800717
237.965808263619
238.216492729139
238.467177194654
238.717861657534
238.968546123035
239.219230588530
239.469915054017
239.720599516871
239.971283982345
240.221968447813
240.472652910647
240.723337376102
240.974021841548
241.224706304361
241.475390769796
241.726075235223
241.976759698018
242.227444163432
242.478128628838
242.728813091611
242.979497557005
243.230182022393
243.480866487773
243.731550950519
243.982235415886
244.232919881247
244.483604343975
244.734288809322
244.984973274661
245.235657737367
245.486342202695
245.737026668016
245.987711130703
246.238395596010
246.489080061308
246.739764526602
246.990448989263
247.241133454544
247.491817919818
247.742502382459
247.993186847716
248.243871312970
248.494555775591
248.745240240832
248.995924706066
249.246609168665
249.497293633886
249.747978099098
249.998662561679
250.249347026880
250.500031492072
250.750715957260
251.001400419813
251.252084884987
251.502769350154
251.753453812687
252.004138277841
252.254822742988
252.505507205502
252.756191670635
253.006876135763
253.257560598256
253.508245063370
253.758929528476
254.009613990951
254.260298456043
254.510982921131
254.761667386211
255.012351848658
255.263036313725
255.513720778786
255.764405241213
256.015089706261
256.265774171302
256.516458633709
256.767143098736
257.017827563757
257.268512026145
257.519196491151
257.769880956153
258.020565421147
258.271249883507
258.521934348489
258.772618813463
259.023303275804
259.273987740766
259.524672205720
259.775356668041
260.026041132983
260.276725597916
260.527410060218
260.778094525140
261.028778990054
261.279463452336
261.530147917237
261.780832382132
262.031516847020
262.282201309275
262.532885774151
262.783570239019
263.034254701254
263.284939166110
263.535623630958
263.786308093174
264.036992558010
264.287677022838
264.538361485034
264.789045949851
265.039730414659
265.290414876835
265.541099341632
265.791783806420
266.042468271203
266.293152733354
266.543837198122
266.794521662886
267.045206125014
267.295890589765
267.546575054509
267.797259516618
268.047943981348
268.298628446071
268.549312908162
268.799997372873
269.050681837575
269.301366302273
269.552050764338
269.802735229021
270.053419693699
270.304104155743
270.554788620407
270.805473085065
271.056157547089
271.306842011734
271.557526476372
271.808210938377
272.058895403002
272.309579867621
272.560264329606
272.810948794211
273.061633258810
273.312317723401
273.563002185360
273.813686649938
274.064371114512
274.315055576451
274.565740041010
274.816424505563
275.067108967482
275.317793432022
275.568477896556
275.819162358455
276.069846822975
276.320531287489
276.571215749369
276.821900213870
277.072584678363
277.323269142850
277.573953604704
277.824638069179
278.075322533647
278.326006995481
278.576691459936
278.827375924384
279.078060386199
279.328744850635
279.579429315063
279.830113776858
280.080798241273
280.331482705682
280.582167170084
280.832851631853
281.083536096243
281.334220560626
281.584905022375
281.835589486746
282.086273951109
282.336958412839
282.587642877190
282.838327341533
283.089011803244
283.339696267575
283.590380731898
283.841065193590
284.091749657902
284.342434122205
284.593118586504
284.843803048170
285.094487512454
285.345171976733
285.595856438378
285.846540902644
286.097225366904
286.347909828529
286.598594292776
286.849278757014
287.099963218622
287.350647682849
287.601332147068
287.852016608656
288.102701072864
288.353385537063
288.604070001258
288.854754462820
289.105438927000
289.356123391176
289.606807852718
289.857492316879
290.108176781035
290.358861242558
290.609545706699
290.860230170836
291.110914632338
291.361599096461
291.612283560578
291.862968024687
292.113652486165
292.364336950261
292.615021414352
292.865705875811
293.116390339887
293.367074803959
293.617759265398
293.868443729455
294.119128193508
294.369812654926
294.620497118965
294.871181582998
295.121866044397
295.372550508417
295.623234972431
295.873919436436
296.124603897811
296.375288361805
296.625972825791
296.876657287146
297.127341751121
297.378026215088
297.628710676423
297.879395140379
298.130079604327
298.380764065643
298.631448529578
298.882132993508
299.132817454804
299.383501918721
299.634186382631
299.884870846534
300.135555307805
300.386239771697
300.636924235580
300.887608696831
301.138293160703
301.388977624568
301.639662085800
301.890346549653
302.141031013499
302.391715474711
302.642399938545
302.893084402371
303.143768866192
303.394453327379
303.645137791186
303.895822254987
304.146506716154
304.397191179942
304.647875643724
304.898560104872
305.149244568642
305.399929032404
305.650613493533
305.901297957284
306.151982421027
306.402666882137
306.653351345868
306.904035809591
307.154720273309
307.405404734395
307.656089198099
307.906773661798
308.157458122864
308.408142586549
308.658827050229
 70.0
    0.0
