 53.907588230478
 54.158272699085
 54.408957165069
 54.659641633681
 54.910326102294
 55.161010568281
 55.411695036896
 55.662379505514
 55.913063974134
 56.163748440129
 56.414432908750
 56.665117377373
 56.915801843372
 57.166486312000
 57.417170780630
 57.667855246634
 57.918539715265
 58.169224183898
 58.419908649907
 58.670593118544
 58.921277587183
 59.171962053196
 59.422646521838
 59.673330990480
 59.924015459125
 60.174699925146
 60.425384393794
 60.676068862443
 60.926753328467
 61.177437797120
 61.428122265775
 61.678806731804
 61.929491200462
 62.180175669120
 62.430860135155
 62.681544603818
 62.932229072483
 63.182913538522
 63.433598007189
 63.684282475857
 63.934966944529
 64.185651410574
 64.436335879249
 64.687020347924
 64.937704813974
 65.188389282653
 65.439073751334
 65.689758217389
 65.940442686074
 66.191127154759
 66.441811620819
 66.692496089507
 66.943180558198
 67.193865026891
 67.444549492956
 67.695233961652
 67.945918430348
 68.196602896420
 68.447287365121
 68.697971833822
 68.948656299899
 69.199340768604
 69.450025237311
 69.700709703392
 69.951394172103
 70.202078640814
 70.452763106901
 70.703447575615
 70.954132044332
 71.204816513051
 71.455500979145
 71.706185447865
 71.956869916588
 72.207554382686
 72.458238851413
 72.708923320142
 72.959607786246
 73.210292254977
 73.460976723710
 73.711661189818
 73.962345658555
 74.213030127292
 74.463714593406
 74.714399062146
 74.965083530890
 75.215767999635
 75.466452465756
 75.717136934503
 75.967821403253
 76.218505869377
 76.469190338131
 76.719874806887
 76.970559273017
 77.221243741774
 77.471928210533
 77.722612676669
 77.973297145433
 78.223981614198
 78.474666082964
 78.725350549106
 78.976035017875
 79.226719486647
 79.477403952794
 79.728088421570
 79.978772890346
 80.229457356497
 80.480141825277
 80.730826294060
 80.981510760217
 81.232195229001
 81.482879697787
 81.733564163950
 81.984248632741
 82.234933101533
 82.485617570326
 82.736302036495
 82.986986505291
 83.237670974091
 83.488355440265
 83.739039909068
 83.989724377871
 84.240408844050
 84.491093312856
 84.741777781666
 84.992462247850
 85.243146716663
 85.493831185477
 85.744515651665
 85.995200120483
 86.245884589303
 86.496569058125
 86.747253524320
 86.997937993143
 87.248622461970
 87.499306928171
 87.749991397001
 88.000675865832
 88.251360332038
 88.502044800872
 88.752729269709
 89.003413735921
 89.254098204761
 89.504782673603
 89.755467142445
 90.006151608664
 90.256836077511
 90.507520546360
 90.758205012584
 91.008889481435
 91.259573950288
 91.510258416517
 91.760942885375
 92.011627354234
 92.262311820467
 92.512996289329
 92.763680758194
 93.014365224433
 93.265049693301
 93.515734162170
 93.766418631040
 94.017103097286
 94.267787566161
 94.518472035038
 94.769156501290
 95.019840970169
 95.270525439050
 95.521209905307
 95.771894374192
 96.022578843080
 96.273263309342
 96.523947778232
 96.774632247123
 97.025316713390
 97.276001182286
 97.526685651184
 97.777370120082
 98.028054586357
 98.278739055259
 98.529423524164
 98.780107990444
 99.030792459351
 99.281476928260
 99.532161394545
 99.782845863458
100.033530332374
100.284214798664
100.534899267582
100.785583736501
101.036268205424
101.286952671721
101.537637140648
101.788321609574
102.039006075877
102.289690544807
102.540375013740
102.791059480048
103.041743948985
103.292428417922
103.543112884236
103.793797353176
104.044481822120
104.295166288439
104.545850757385
104.796535226334
105.047219695284
105.297904161610
105.548588630564
105.799273099519
106.049957565851
106.300642034809
106.551326503771
106.802010970108
107.052695439073
107.303379908039
107.554064374381
107.804748843350
108.055433312323
108.306117778670
108.556802247646
108.807486716623
109.058171185601
109.308855651956
109.559540120939
109.810224589924
110.060909056284
110.311593525272
110.562277994261
110.812962460626
111.063646929620
111.314331398615
111.565015864985
111.815700333984
112.066384802985
112.317069271989
112.567753738366
112.818438207372
113.069122676379
113.319807142763
113.570491611775
113.821176080790
114.071860547178
114.322545016195
114.573229485214
114.823913951608
115.074598420631
115.325282889656
115.575967356055
115.826651825083
116.077336294114
116.328020763144
116.578705229552
116.829389698588
117.080074167624
117.330758634037
117.581443103077
117.832127572120
118.082812038538
118.333496507584
118.584180976633
118.834865443057
119.085549912108
119.336234381163
119.586918847591
119.837603316649
120.088287785709
120.338972254769
120.589656721206
120.840341190271
121.091025659337
121.341710125779
121.592394594850
121.843079063922
122.093763530369
122.344447999445
122.595132468523
122.845816934976
123.096501404057
123.347185873141
123.597870342227
123.848554808686
124.099239277776
124.349923746866
124.600608213331
124.851292682426
125.101977151523
125.352661617994
125.603346087095
125.854030556196
126.104715022673
126.355399491780
126.606083960887
126.856768427370
127.107452896482
127.358137365595
127.608821834709
127.859506301200
128.110190770318
128.360875239439
128.611559705936
128.862244175059
129.112928644186
129.363613110687
129.614297579817
129.864982048949
130.115666515456
130.366350984592
130.617035453730
130.867719920242
131.118404389384
131.369088858527
131.619773327672
131.870457794193
132.121142263341
132.371826732493
132.622511199019
132.873195668173
133.123880137330
133.374564603862
133.625249073022
133.875933542184
134.126618008722
134.377302477887
134.627986947056
134.878671416225
135.129355882770
135.380040351944
135.630724821119
135.881409287670
136.132093756848
136.382778226030
136.633462692587
136.884147161771
137.134831630959
137.385516097521
137.636200566711
137.886885035904
138.137569502473
138.388253971668
138.638938440867
138.889622910067
139.140307376643
139.390991845847
139.641676315052
139.892360781634
140.143045250845
140.393729720056
140.644414186643
140.895098655860
141.145783125076
141.396467591669
141.647152060890
141.897836530114
142.148520996712
142.399205465939
142.649889935169
142.900574404399
143.151258871006
143.401943340242
143.652627809477
143.903312276090
144.153996745331
144.404681214573
144.655365681191
144.906050150438
145.156734619686
145.407419086310
145.658103555563
145.908788024817
146.159472494074
146.410156960705
146.660841429965
146.911525899228
147.162210365865
147.412894835131
147.663579304398
147.914263771041
148.164948240313
148.415632709587
148.666317176235
148.917001645514
149.167686114793
149.418370581448
149.669055050732
149.919739520017
150.170423989305
150.421108455968
150.671792925259
150.922477394552
151.173161861221
151.423846330518
151.674530799818
151.925215266493
152.175899735795
152.426584205101
152.677268671782
152.927953141090
153.178637610401
153.429322077087
153.680006546402
153.930691015720
154.181375485038
154.432059951733
154.682744421054
154.933428890380
155.184113357081
155.434797826408
155.685482295740
155.936166762447
156.186851231780
156.437535701118
156.688220167830
156.938904637170
157.189589106513
157.440273575857
157.690958042577
157.941642511927
158.192326981276
158.443011448003
158.693695917358
158.944380386714
159.195064853446
159.445749322807
159.696433792169
159.947118258907
160.197802728273
160.448487197642
160.699171664387
160.949856133758
161.200540603133
161.451225072509
161.701909539261
161.952594008643
162.203278478024
162.453962944783
162.704647414170
162.955331883557
163.206016350322
163.456700819715
163.707385289109
163.958069755879
164.208754225279
164.459438694678
164.710123161455
164.960807630859
165.211492100266
165.462176569675
165.712861036459
165.963545505871
166.214229975287
166.464914442076
166.715598911495
166.966283380915
167.216967847712
167.467652317137
167.718336786563
167.969021253366
168.219705722797
168.470390192230
168.721074661665
168.971759128475
169.222443597914
169.473128067356
169.723812534172
169.974497003617
170.225181473065
170.475865939887
170.726550409338
170.977234878792
171.227919345621
171.478603815077
171.729288284537
171.979972751371
172.230657220835
172.481341690300
172.732026159769
172.982710626611
173.233395096083
173.484079565557
173.734764032406
173.985448501884
174.236132971364
 68.0
 3389.5
