229.518610575920
229.769295055634
230.019979532725
230.270664012446
230.521348492169
230.772032969267
231.022717448994
231.273401928723
231.524086408457
231.774770885565
232.025455365303
232.276139845043
232.526824322158
232.777508801903
233.028193281651
233.278877758774
233.529562238527
233.780246718282
234.030931195412
234.281615675172
234.532300154934
234.782984632073
235.033669111840
235.284353591609
235.535038071381
235.785722548529
236.036407028307
236.287091508086
236.537775985241
236.788460465025
237.039144944813
237.289829421975
237.540513901768
237.791198381561
238.041882858732
238.292567338530
238.543251818332
238.793936295510
239.044620775317
239.295305255125
239.545989734937
239.796674212124
240.047358691941
240.298043171760
240.548727648955
240.799412128778
241.050096608603
241.300781085805
241.551465565637
241.802150045471
242.052834522679
242.303519002516
242.554203482357
242.804887962201
243.055572439420
243.306256919267
243.556941399117
243.807625876343
244.058310356199
244.308994836057
244.559679313291
244.810363793152
245.061048273016
245.311732750257
245.562417230127
245.813101710000
246.063786187247
246.314470667124
246.565155147002
246.815839626884
247.066524104142
247.317208584029
247.567893063917
247.818577541180
248.069262021075
248.319946500971
248.570630978242
248.821315458143
249.071999938045
249.322684415324
249.573368895233
249.824053375144
250.074737852430
250.325422332344
250.576106812261
250.826791292181
251.077475769477
251.328160249402
251.578844729328
251.829529206630
252.080213686562
252.330898166496
252.581582643806
252.832267123745
253.082951603686
253.333636081001
253.584320560948
253.835005040896
254.085689520847
254.336373998172
254.587058478127
254.837742958085
255.088427435418
255.339111915380
255.589796395345
255.840480872685
256.091165352654
256.341849832626
256.592534309973
256.843218789950
257.093903269928
257.344587747282
257.595272227265
257.845956707251
258.096641187239
258.347325664603
258.598010144594
258.848694624589
259.099379101959
259.350063581959
259.600748061962
259.851432539338
260.102117019344
260.352801499354
260.603485976738
260.854170456752
261.104854936767
261.355539414158
261.606223894178
261.856908374201
262.107592854226
262.358277331628
262.608961811656
262.859646291688
263.110330769095
263.361015249132
263.611699729171
263.862384206586
264.113068686628
264.363753166673
264.614437644094
264.865122124145
265.115806604198
265.366491084252
265.617175561683
265.867860041741
266.118544521803
266.369228999241
266.619913479306
266.870597959374
267.121282436818
267.371966916891
267.622651396967
267.873335874419
268.124020354497
268.374704834578
268.625389312036
268.876073792123
269.126758272213
269.377442752303
269.628127229770
269.878811709864
270.129496189963
270.380180667437
270.630865147540
270.881549627643
271.132234105124
271.382918585232
271.633603065343
271.884287542830
272.134972022946
272.385656503064
272.636340980557
272.887025460680
273.137709940805
273.388394420931
273.639078898434
273.889763378564
274.140447858699
274.391132336208
274.641816816347
274.892501296486
275.143185774002
275.393870254146
275.644554734294
275.895239211816
276.145923691968
276.396608172122
276.647292652276
276.897977129808
277.148661609969
277.399346090132
277.650030567670
277.900715047836
278.151399528005
278.402084005549
278.652768485723
278.903452965898
279.154137443449
279.404821923629
279.655506403812
279.906190881370
280.156875361557
280.407559841745
280.658244321935
280.908928799502
281.159613279698
281.410297759896
281.660982237469
281.911666717670
282.162351197874
282.413035675454
282.663720155663
282.914404635874
283.165089113460
283.415773593674
283.666458073891
283.917142551484
284.167827031706
284.418511511930
284.669195992155
284.919880469755
285.170564949986
285.421249430219
285.671933907827
285.922618388063
286.173302868301
286.423987345915
286.674671826159
286.925356306404
287.176040784026
287.426725264274
287.677409744526
287.928094224779
288.178778702409
288.429463182668
288.680147662927
288.930832140563
289.181516620826
289.432201101094
289.682885578736
289.933570059007
290.184254539280
290.434939016928
290.685623497205
290.936307977485
291.186992455140
291.437676935423
291.688361415709
291.939045895996
292.189730373660
292.440414853952
292.691099334246
292.941783811916
293.192468292215
293.443152772515
293.693837250191
293.944521730496
294.195206210803
294.445890688485
294.696575168796
294.947259649108
295.197944126797
295.448628607115
295.699313087434
295.949997567756
296.200682045454
296.451366525778
296.702051006107
296.952735483809
297.203419964141
297.454104444475
297.704788922184
297.955473402523
298.206157882862
298.456842360579
298.707526840924
298.958211321269
299.208895801618
299.459580279343
299.710264759695
299.960949240050
300.211633717781
300.462318198139
300.713002678500
300.963687156237
301.214371636601
301.465056116969
301.715740594712
301.966425075083
302.217109555457
302.467794033204
302.718478513582
302.969162993962
303.219847474343
303.470531952100
303.721216432485
303.971900912873
304.222585390637
304.473269871028
304.723954351422
304.974638829192
305.225323309589
305.476007789989
305.726692267764
305.977376748168
306.228061228575
306.478745706356
306.729430186765
306.980114667178
307.230799147591
307.481483625381
307.732168105800
307.982852586219
308.233537064015
308.484221544440
308.734906024865
308.985590502666
309.236274983097
309.486959463529
309.737643941337
309.988328421773
310.239012902212
310.489697382651
310.740381860467
310.991066340912
311.241750821357
311.492435299179
311.743119779630
311.993804260081
312.244488737909
312.495173218365
312.745857698823
312.996542176657
313.247226657119
313.497911137583
313.748595615423
313.999280095891
314.249964576361
314.500649056834
314.751333534681
315.002018015156
315.252702495635
315.503386973487
315.754071453970
316.004755934453
316.255440412312
316.506124892801
316.756809373290
317.007493851155
317.258178331650
317.508862812145
317.759547290016
318.010231770516
318.260916251017
318.511600731521
318.762285209400
319.012969689907
319.263654170417
319.514338648302
319.765023128814
320.015707609330
320.266392087221
320.517076567739
320.767761048261
321.018445526156
321.269130006681
321.519814487209
321.770498967737
322.021183445641
322.271867926173
322.522552406708
322.773236884618
323.023921365156
323.274605845697
323.525290323613
323.775974804156
324.026659284703
324.277343762625
324.528028243174
324.778712723726
325.029397201654
325.280081682208
325.530766162767
325.781450643325
326.032135121260
326.282819601824
326.533504082389
326.784188560330
327.034873040899
327.285557521469
327.536241999416
327.786926479989
328.037610960567
328.288295438519
328.538979919098
328.789664399681
329.040348877638
329.291033358224
329.541717838813
329.792402319402
330.043086797367
330.293771277961
330.544455758556
330.795140236527
331.045824717127
331.296509197727
331.547193675704
331.797878156309
332.048562636915
332.299247114896
332.549931595507
332.800616076119
333.051300556734
333.301985034723
333.552669515341
333.803353995961
334.054038473955
334.304722954579
334.555407435204
334.806091913205
335.056776393834
335.307460874464
335.558145352470
335.808829833105
336.059514313741
336.310198791752
336.560883272393
336.811567753035
337.062252233679
337.312936711698
337.563621192345
337.814305672995
338.064990151019
338.315674631672
338.566359112326
338.817043590357
339.067728071014
339.318412551675
339.569097029709
339.819781510374
340.070465991040
340.321150469080
340.571834949750
340.822519430421
341.073203911094
341.323888389142
341.574572869818
341.825257350496
342.075941828550
342.326626309231
342.577310789916
342.827995267975
343.078679748662
343.329364229351
343.580048707416
343.830733188108
344.081417668803
344.332102149499
344.582786627571
344.833471108271
345.084155588972
345.334840067049
345.585524547755
345.836209028461
346.086893506544
346.337577987254
346.588262467967
346.838946946055
347.089631426770
347.340315907488
347.591000385582
347.841684866302
348.092369347026
348.343053827749
348.593738305850
348.844422786579
349.095107267308
349.345791745414
349.596476226148
349.847160706883
 68.0
    0.0
