137.083508095333
137.334192554278
137.584877010600
137.835561469552
138.086245928508
138.336930384841
138.587614843806
138.838299302774
139.088983761745
139.339668218094
139.590352677072
139.841037136056
140.091721592416
140.342406051407
140.593090510400
140.843774966772
141.094459425773
141.345143884779
141.595828341162
141.846512800176
142.097197259192
142.347881715587
142.598566174611
142.849250633640
143.099935092673
143.350619549081
143.601304008121
143.851988467165
144.102672923586
144.353357382638
144.604041841693
144.854726298126
145.105410757188
145.356095216255
145.606779672700
145.857464131775
146.108148590852
146.358833047308
146.609517506393
146.860201965484
147.110886424578
147.361570881050
147.612255340151
147.862939799255
148.113624255738
148.364308714852
148.614993173969
148.865677630463
149.116362089588
149.367046548716
149.617731005222
149.868415464359
150.119099923498
150.369784382641
150.620468839163
150.871153298316
151.121837757472
151.372522214005
151.623206673168
151.873891132335
152.124575588880
152.375260048056
152.625944507236
152.876628963792
153.127313422979
153.377997882169
153.628682338738
153.879366797937
154.130051257141
154.380735716346
154.631420172930
154.882104632144
155.132789091363
155.383473547959
155.634158007185
155.884842466416
156.135526923022
156.386211382261
156.636895841503
156.887580298122
157.138264757372
157.388949216625
157.639633673256
157.890318132518
158.141002591785
158.391687051054
158.642371507701
158.893055966978
159.143740426260
159.394424882919
159.645109342209
159.895793801502
160.146478258173
160.397162717474
160.647847176780
160.898531633463
161.149216092777
161.399900552093
161.650585011414
161.901269468113
162.151953927442
162.402638386776
162.653322843486
162.904007302827
163.154691762173
163.405376218895
163.656060678249
163.906745137606
164.157429594341
164.408114053705
164.658798513075
164.909482969822
165.160167429200
165.410851888581
165.661536347966
165.912220804728
166.162905264122
166.413589723520
166.664274180296
166.914958639700
167.165643099109
167.416327555896
167.667012015315
167.917696474737
168.168380931535
168.419065390964
168.669749850398
168.920434307210
169.171118766653
169.421803226097
169.672487685547
169.923172142374
170.173856601833
170.424541061296
170.675225518136
170.925909977606
171.176594437079
171.427278893931
171.677963353415
171.928647812902
172.179332269766
172.430016729260
172.680701188758
172.931385648262
173.182070105143
173.432754564654
173.683439024168
173.934123481060
174.184807940584
174.435492400112
174.686176857017
174.936861316552
175.187545776091
175.438230233009
175.688914692558
175.939599152110
176.190283609040
176.440968068600
176.691652528163
176.942336987732
177.193021444679
177.443705904256
177.694390363836
177.945074820795
178.195759280384
178.446443739978
178.697128196948
178.947812656550
179.198497116156
179.449181573139
179.699866032753
179.950550492371
180.201234949367
180.451919408993
180.702603868623
180.953288328258
181.203972785270
181.454657244914
181.705341704561
181.956026161585
182.206710621241
182.457395080901
182.708079537938
182.958763997607
183.209448457279
183.460132914328
183.710817374009
183.961501833694
184.212186293383
184.462870750450
184.713555210146
184.964239669847
185.214924126926
185.465608586637
185.716293046351
185.966977503442
186.217661963165
186.468346422892
186.719030879996
186.969715339731
187.220399799470
187.471084256587
187.721768716334
187.972453176086
188.223137635843
188.473822092977
188.724506552741
188.975191012509
189.225875469655
189.476559929433
189.727244389215
189.977928846375
190.228613306164
190.479297765958
190.729982223129
190.980666682932
191.231351142740
191.482035599925
191.732720059739
191.983404519558
192.234088979382
192.484773436584
192.735457896416
192.986142356252
193.236826813466
193.487511273312
193.738195733162
193.988880190389
194.239564650246
194.490249110108
194.740933567348
194.991618027219
195.242302487095
195.492986946973
195.743671404231
195.994355864117
196.245040324010
196.495724781281
196.746409241182
196.997093701086
197.247778158369
197.498462618283
197.749147078200
197.999831535496
198.250515995423
198.501200455352
198.751884912661
199.002569372600
199.253253832544
199.503938292492
199.754622749817
200.005307209774
200.255991669735
200.506676127074
200.757360587044
201.008045047017
201.258729504369
201.509413964352
201.760098424338
202.010782881703
202.261467341699
202.512151801698
202.762836259076
203.013520719085
203.264205179097
203.514889639115
203.765574096510
204.016258556535
204.266943016566
204.517627473973
204.768311934013
205.018996394056
205.269680851476
205.520365311529
205.771049771585
206.021734229019
206.272418689085
206.523103149153
206.773787609228
207.024472066680
207.275156526762
207.525840986849
207.776525444315
208.027209904409
208.277894364510
208.528578821988
208.779263282096
209.029947742210
209.280632199701
209.531316659823
209.782001119950
210.032685577454
210.283370037589
210.534054497729
210.784738957873
211.035423415395
211.286107875547
211.536792335705
211.787476793240
212.038161253405
212.288845713577
212.539530171125
212.790214631304
213.040899091488
213.291583549050
213.542268009242
213.792952469440
214.043636927014
214.294321387220
214.545005847431
214.795690307645
215.046374765237
215.297059225462
215.547743685690
215.798428143295
216.049112603533
216.299797063774
216.550481521393
216.801165981644
217.051850441899
217.302534899531
217.553219359795
217.803903820063
218.054588280335
218.305272737986
218.555957198268
218.806641658554
219.057326116217
219.308010576513
219.558695036812
219.809379494489
220.060063954798
220.310748415111
220.561432872802
220.812117333124
221.062801793450
221.313486251154
221.564170711490
221.814855171829
222.065539632174
222.316224089897
222.566908550249
222.817593010608
223.068277468343
223.318961928710
223.569646389082
223.820330846830
224.071015307211
224.321699767595
224.572384225358
224.823068685753
225.073753146150
225.324437603927
225.575122064336
225.825806524747
226.076490985164
226.327175442959
226.577859903383
226.828544363814
227.079228821623
227.329913282061
227.580597742505
227.831282200328
228.081966660780
228.332651121238
228.583335579073
228.834020039539
229.084704500011
229.335388960485
229.586073418339
229.836757878823
230.087442339313
230.338126797181
230.588811257678
230.839495718182
231.090180176063
231.340864636574
231.591549097092
231.842233554986
232.092918015512
232.343602476043
232.594286933951
232.844971394490
233.095655855035
233.346340315583
233.597024773510
233.847709234069
234.098393694630
234.349078152571
234.599762613144
234.850447073719
235.101131531673
235.351815992259
235.602500452849
235.853184910817
236.103869371416
236.354553832021
236.605238290002
236.855922750616
237.106607211234
237.357291671855
237.607976129856
237.858660590489
238.109345051124
238.360029509138
238.610713969784
238.861398430434
239.112082888462
239.362767349122
239.613451809786
239.864136267828
240.114820728502
240.365505189180
240.616189649863
240.866874107923
241.117558568615
241.368243029311
241.618927487385
241.869611948091
242.120296408802
242.370980866890
242.621665327611
242.872349788335
243.123034246437
243.373718707172
243.624403167910
243.875087626026
244.125772086775
244.376456547527
244.627141008284
244.877825466420
245.128509927186
245.379194387958
245.629878846108
245.880563306887
246.131247767673
246.381932225837
246.632616686631
246.883301147431
247.133985605609
247.384670066417
247.635354527231
247.886038985421
248.136723446245
248.387407907071
248.638092367904
248.888776826115
249.139461286956
249.390145747803
249.640830206028
249.891514666883
250.142199127744
250.392883585983
250.643568046852
250.894252507728
251.144936965981
251.395621426864
251.646305887754
251.896990348647
252.147674806919
252.398359267823
252.649043728730
252.899728187016
253.150412647934
253.401097108855
253.651781567156
253.902466028087
254.153150489024
254.403834947339
254.654519408284
254.905203869235
255.155888327563
255.406572788523
255.657257249489
255.907941710458
256.158626168806
256.409310629786
256.659995090769
256.910679549132
257.161364010126
257.412048471123
 68.0
25362.0
