1
1163
2457759.3242828
2457765.9819203
2457773.4259767
2457781.5048824
2457788.6797580
2457795.5228334
2457803.3146553
2457811.1238693
2457817.9807990
2457825.1206767
2457833.1654222
2457840.6230519
2457847.2773787
2457854.7556082
2457862.9144116
2457870.0111960
2457876.6158742
2457884.4044891
2457892.5227775
2457899.3225318
2457906.0292369
2457914.0483175
2457921.9810402
2457928.6046562
2457935.5354699
2457943.6712357
2457951.3094565
2457957.9066552
2457965.1410159
2457973.2573767
2457980.5521136
2457987.2709544
2457994.8423446
2458002.7936064
2458009.7673642
2458016.7290633
2458024.6205015
2458032.2778463
2458039.0176583
2458046.3000220
2458054.4319977
2458061.7242282
2458068.3586070
2458075.9875777
2458084.2103568
2458091.1576175
2458097.8273138
2458105.7711234
2458113.8889544
