 2457022.5   1.733902592410   1.733881086632   0.000021505778   1.730527574938  -0.003375017472   4.536882647128  2463751.0  99.000000000000       99.0
 2457023.5   1.751105545119   1.751083878456   0.000021666663   1.747729754513  -0.003375790607   4.519726826386  2463752.0  99.000000000000       99.0
 2457024.5   1.768308655048   1.768286670280   0.000021984768   1.764931934088  -0.003376720960   4.502571005644  2463753.0  99.000000000000       99.0
 2457025.5   1.785511875131   1.785489462105   0.000022413026   1.782134113663  -0.003377761467   4.485415184902  2463754.0  99.000000000000       99.0
 2457026.5   1.802715139077   1.802692253929   0.000022885148   1.799336293239  -0.003378845838   4.468259364160  2463755.0  99.000000000000       99.0
 2457027.5   1.819918376415   1.819895045753   0.000023330662   1.816538472814  -0.003379903601   4.451103543418  2463756.0  99.000000000000       99.0
 2457028.5   1.837121526125   1.837097837577   0.000023688548   1.833740652389  -0.003380873736   4.433947722676  2463757.0  99.000000000000       99.0
 2457029.5   1.854324546269   1.854300629401   0.000023916868   1.850942831964  -0.003381714305   4.416791901934  2463758.0  99.000000000000       99.0
 2457030.5   1.871527418544   1.871503421225   0.000023997319   1.868145011540  -0.003382407005   4.399636081191  2463759.0  99.000000000000       99.0
 2457031.5   1.888730148141   1.888706213050   0.000023935091   1.885347191115  -0.003382957026   4.382480260449  2463760.0  99.000000000000       99.0
 2457032.5   1.905932760360   1.905909004874   0.000023755487   1.902549370690  -0.003383389670   4.365324439707  2463761.0  99.000000000000       99.0
 2457033.5   1.923135295743   1.923111796698   0.000023499045   1.919751550265  -0.003383745477   4.348168618965  2463762.0  99.000000000000       99.0
 2457034.5   1.940337805029   1.940314588522   0.000023216507   1.936953729841  -0.003384075189   4.331012798223  2463763.0  99.000000000000       99.0
 2457035.5   1.957540344315   1.957517380346   0.000022963968   1.954155909416  -0.003384434899   4.313856977481  2463764.0  99.000000000000       99.0
 2457036.5   1.974742969957   1.974720172171   0.000022797787   1.971358088991  -0.003384880966   4.296701156738  2463765.0  99.000000000000       99.0
 2457037.5   1.991945732216   1.991922963995   0.000022768221   1.988560268566  -0.003385463650   4.279545335996  2463766.0  99.000000000000       99.0
 2457038.5   2.009148666291   2.009125755819   0.000022910472   2.005762448142  -0.003386218150   4.262389515254  2463767.0  99.000000000000       99.0
 2457039.5   2.026351780410   2.026328547643   0.000023232766   2.022964627717  -0.003387152693   4.245233694512  2463768.0  99.000000000000       99.0
 2457040.5   2.043555043458   2.043531339468   0.000023703991   2.040166807292  -0.003388236166   4.228077873769  2463769.0  99.000000000000       99.0
 2457041.5   2.060758378811   2.060734131292   0.000024247519   2.057368986867  -0.003389391943   4.210922053027  2463770.0  99.000000000000       99.0
 2457042.5   2.077961673847   2.077936923116   0.000024750731   2.074571166443  -0.003390507405   4.193766232285  2463771.0  99.000000000000       99.0
 2457043.5   2.095164810755   2.095139714941   0.000025095815   2.091773346018  -0.003391464738   4.176610411542  2463772.0  99.000000000000       99.0
 2457044.5   2.112367710434   2.112342506765   0.000025203669   2.108975525593  -0.003392184841   4.159454590800  2463773.0  99.000000000000       99.0
 2457045.5   2.129570366500   2.129545298589   0.000025067911   2.126177705168  -0.003392661332   4.142298770058  2463774.0  99.000000000000       99.0
 2457046.5   2.146772847564   2.146748090414   0.000024757150   2.143379884744  -0.003392962820   4.125142949316  2463775.0  99.000000000000       99.0
 2457047.5   2.163975266535   2.163950882238   0.000024384297   2.160582064319  -0.003393202216   4.107987128573  2463776.0  99.000000000000       99.0
 2457048.5   2.181177736995   2.181153674062   0.000024062933   2.177784243894  -0.003393493101   4.090831307831  2463777.0  99.000000000000       99.0
 2457049.5   2.198380339511   2.198356465887   0.000023873625   2.194986423469  -0.003393916042   4.073675487089  2463778.0  99.000000000000       99.0
 2457050.5   2.215583107793   2.215559257711   0.000023850082   2.212188603045  -0.003394504749   4.056519666346  2463779.0  99.000000000000       99.0
 2457051.5   2.232786031509   2.232762049535   0.000023981973   2.229390782620  -0.003395248889   4.039363845604  2463780.0  99.000000000000       99.0
 2457052.5   2.249989067987   2.249964841360   0.000024226627   2.246592962195  -0.003396105792   4.022208024861  2463781.0  99.000000000000       99.0
 2457053.5   2.267192156374   2.267167633184   0.000024523189   2.263795141770  -0.003397014603   4.005052204119  2463782.0  99.000000000000       99.0
 2457054.5   2.284395230826   2.284370425009   0.000024805817   2.280997321345  -0.003397909480   3.987896383377  2463783.0  99.000000000000       99.0
 2457055.5   2.301598231578   2.301573216833   0.000025014745   2.298199500921  -0.003398730657   3.970740562634  2463784.0  99.000000000000       99.0
 2457056.5   2.318801113457   2.318776008657   0.000025104799   2.315401680496  -0.003399432961   3.953584741892  2463785.0  99.000000000000       99.0
 2457057.5   2.336003851355   2.335978800482   0.000025050873   2.332603860071  -0.003399991284   3.936428921149  2463786.0  99.000000000000       99.0
 2457058.5   2.353206442411   2.353181592306   0.000024850104   2.349806039646  -0.003400402764   3.919273100407  2463787.0  99.000000000000       99.0
 2457059.5   2.370408905015   2.370384384131   0.000024520884   2.367008219222  -0.003400685793   3.902117279664  2463788.0  99.000000000000       99.0
 2457060.5   2.387611275150   2.387587175955   0.000024099195   2.384210398797  -0.003400876353   3.884961458922  2463789.0  99.000000000000       99.0
 2457061.5   2.404813600993   2.404789967780   0.000023633213   2.401412578372  -0.003401022621   3.867805638180  2463790.0  99.000000000000       99.0
 2457062.5   2.422015936888   2.421992759604   0.000023177283   2.418614757947  -0.003401178940   3.850649817437  2463791.0  99.000000000000       99.0
 2457063.5   2.439218337250   2.439195551429   0.000022785822   2.435816937523  -0.003401399728   3.833493996695  2463792.0  99.000000000000       99.0
 2457064.5   2.456420850446   2.456398343253   0.000022507193   2.453019117098  -0.003401733348   3.816338175952  2463793.0  99.000000000000       99.0
 2457065.5   2.473623512305   2.473601135078   0.000022377227   2.470221296673  -0.003402215632   3.799182355210  2463794.0  99.000000000000       99.0
 2457066.5   2.490826338647   2.490803926902   0.000022411744   2.487423476248  -0.003402862398   3.782026534467  2463795.0  99.000000000000       99.0
 2457067.5   2.508029316782   2.508006718727   0.000022598055   2.504625655824  -0.003403660958   3.764870713725  2463796.0  99.000000000000       99.0
 2457068.5   2.525232398249   2.525209510551   0.000022887698   2.521827835399  -0.003404562850   3.747714892982  2463797.0  99.000000000000       99.0
 2457069.5   2.542435498023   2.542412302376   0.000023195647   2.539030014974  -0.003405483049   3.730559072239  2463798.0  99.000000000000       99.0
 2457070.5   2.559638507372   2.559615094201   0.000023413172   2.556232194549  -0.003406312823   3.713403251497  2463799.0  99.000000000000       99.0
 2457071.5   2.576841324734   2.576817886025   0.000023438709   2.573434374125  -0.003406950609   3.696247430754  2463800.0  99.000000000000       99.0
 2457072.5   2.594043897257   2.594020677850   0.000023219407   2.590636553700  -0.003407343557   3.679091610012  2463801.0  99.000000000000       99.0
 2457073.5   2.611246250439   2.611223469674   0.000022780765   2.607838733275  -0.003407517164   3.661935789269  2463802.0  99.000000000000       99.0
 2457074.5   2.628448482579   2.628426261499   0.000022221080   2.625040912850  -0.003407569729   3.644779968526  2463803.0  99.000000000000       99.0
 2457075.5   2.645650723322   2.645629053324   0.000021669999   2.642243092426  -0.003407630897   3.627624147784  2463804.0  99.000000000000       99.0
 2457076.5   2.662853081968   2.662831845148   0.000021236819   2.659445272001  -0.003407809967   3.610468327041  2463805.0  99.000000000000       99.0
 2457077.5   2.680055614722   2.680034636973   0.000020977749   2.676647451576  -0.003408163146   3.593312506299  2463806.0  99.000000000000       99.0
 2457078.5   2.697258320660   2.697237428798   0.000020891862   2.693849631151  -0.003408689508   3.576156685556  2463807.0  99.000000000000       99.0
 2457079.5   2.714461156948   2.714440220622   0.000020936326   2.711051810727  -0.003409346221   3.559000864813  2463808.0  99.000000000000       99.0
 2457080.5   2.731664059439   2.731643012447   0.000021046992   2.728253990302  -0.003410069137   3.541845044071  2463809.0  99.000000000000       99.0
 2457081.5   2.748866960054   2.748845804272   0.000021155782   2.745456169877  -0.003410790177   3.524689223328  2463810.0  99.000000000000       99.0
 2457082.5   2.766069798455   2.766048596096   0.000021202358   2.762658349452  -0.003411449002   3.507533402585  2463811.0  99.000000000000       99.0
 2457083.5   2.783272528911   2.783251387921   0.000021140989   2.779860529028  -0.003411999883   3.490377581843  2463812.0  99.000000000000       99.0
 2457084.5   2.800475124101   2.800454179746   0.000020944355   2.797062708603  -0.003412415498   3.473221761100  2463813.0  99.000000000000       99.0
 2457085.5   2.817677576836   2.817656971570   0.000020605266   2.814264888178  -0.003412688658   3.456065940357  2463814.0  99.000000000000       99.0
 2457086.5   2.834879899943   2.834859763395   0.000020136548   2.831467067753  -0.003412832190   3.438910119614  2463815.0  99.000000000000       99.0
 2457087.5   2.852082124297   2.852062555220   0.000019569077   2.848669247329  -0.003412876968   3.421754298872  2463816.0  99.000000000000       99.0
 2457088.5   2.869284294894   2.869265347045   0.000018947849   2.865871426904  -0.003412867990   3.404598478129  2463817.0  99.000000000000       99.0
 2457089.5   2.886486465098   2.886468138870   0.000018326228   2.883073606479  -0.003412858619   3.387442657386  2463818.0  99.000000000000       99.0
 2457090.5   2.903688689736   2.903670930694   0.000017759042   2.900275786054  -0.003412903682   3.370286836643  2463819.0  99.000000000000       99.0
 2457091.5   2.920891017861   2.920873722519   0.000017295342   2.917477965630  -0.003413052231   3.353131015901  2463820.0  99.000000000000       99.0
 2457092.5   2.938093485699   2.938076514344   0.000016971355   2.934680145205  -0.003413340494   3.335975195158  2463821.0  99.000000000000       99.0
 2457093.5   2.955296110286   2.955279306169   0.000016804117   2.951882324780  -0.003413785506   3.318819374415  2463822.0  99.000000000000       99.0
 2457094.5   2.972498884091   2.972482097994   0.000016786097   2.969084504355  -0.003414379735   3.301663553672  2463823.0  99.000000000000       99.0
 2457095.5   2.989701771157   2.989684889818   0.000016881339   2.986286683930  -0.003415087227   3.284507732930  2463824.0  99.000000000000       99.0
 2457096.5   3.006904706564   3.006887681643   0.000017024921   3.003488863506  -0.003415843059   3.267351912187  2463825.0  99.000000000000       99.0
 2457097.5   3.024107602738   3.024090473468   0.000017129270   3.020691043081  -0.003416559657   3.250196091444  2463826.0  99.000000000000       99.0
 2457098.5   3.041310366343   3.041293265293   0.000017101050   3.037893222656  -0.003417143687   3.233040270701  2463827.0  99.000000000000       99.0
 2457099.5   3.058512926469   3.058496057118   0.000016869351   3.055095402231  -0.003417524237   3.215884449958  2463828.0  99.000000000000       99.0
 2457100.5   3.075715266714   3.075698848943   0.000016417771   3.072297581807  -0.003417684907   3.198728629215  2463829.0  99.000000000000       99.0
 2457101.5   3.092917443397   3.092901640768   0.000015802630   3.089499761382  -0.003417682015   3.181572808472  2463830.0  99.000000000000       99.0
 2457102.5   3.110119571885   3.110104432592   0.000015139293   3.106701940957  -0.003417630928   3.164416987730  2463831.0  99.000000000000       99.0
 2457103.5   3.127321781756   3.127307224417   0.000014557338   3.123904120532  -0.003417661223   3.147261166987  2463832.0  99.000000000000       99.0
 2457104.5   3.144524165733   3.144510016242   0.000014149491   3.141106300108  -0.003417865625   3.130105346244  2463833.0  99.000000000000       99.0
 2457105.5   3.161726751642   3.161712808067   0.000013943575   3.158308479683  -0.003418271960   3.112949525501  2463834.0  99.000000000000       99.0
 2457106.5   3.178929506792   3.178915599892   0.000013906900   3.175510659258  -0.003418847534   3.095793704758  2463835.0  99.000000000000       99.0
 2457107.5   3.196132362317   3.196118391717   0.000013970599   3.192712838833  -0.003419523483   3.078637884015  2463836.0  99.000000000000       99.0
 2457108.5   3.213335239673   3.213321183542   0.000014056131   3.209915018409  -0.003420221264   3.061482063272  2463837.0  99.000000000000       99.0
 2457109.5   3.230538069251   3.230523975367   0.000014093884   3.227117197984  -0.003420871267   3.044326242529  2463838.0  99.000000000000       99.0
 2457110.5   3.247740799704   3.247726767192   0.000014032512   3.244319377559  -0.003421422145   3.027170421786  2463839.0  99.000000000000       99.0
 2457111.5   3.264943400795   3.264929559017   0.000013841778   3.261521557134  -0.003421843661   3.010014601043  2463840.0  99.000000000000       99.0
 2457112.5   3.282145863093   3.282132350842   0.000013512251   3.278723736710  -0.003422126384   2.992858780300  2463841.0  99.000000000000       99.0
 2457113.5   3.299348196522   3.299335142667   0.000013053855   3.295925916285  -0.003422280237   2.975702959557  2463842.0  99.000000000000       99.0
 2457114.5   3.316550428277   3.316537934492   0.000012493785   3.313128095860  -0.003422332417   2.958547138814  2463843.0  99.000000000000       99.0
 2457115.5   3.333752599933   3.333740726317   0.000011873616   3.330330275435  -0.003422324497   2.941391318071  2463844.0  99.000000000000       99.0
 2457116.5   3.350954763200   3.350943518142   0.000011245058   3.347532455011  -0.003422308190   2.924235497328  2463845.0  99.000000000000       99.0
 2457117.5   3.368156973863   3.368146309967   0.000010663895   3.364734634586  -0.003422339277   2.907079676585  2463846.0  99.000000000000       99.0
 2457118.5   3.385359284089   3.385349101792   0.000010182297   3.381936814161  -0.003422469928   2.889923855842  2463847.0  99.000000000000       99.0
 2457119.5   3.402561734061   3.402551893617   0.000009840444   3.399138993736  -0.003422740324   2.872768035099  2463848.0  99.000000000000       99.0
 2457120.5   3.419764344173   3.419754685442   0.000009658731   3.416341173312  -0.003423170862   2.855612214356  2463849.0  99.000000000000       99.0
 2457121.5   3.436967109249   3.436957477267   0.000009631982   3.433543352887  -0.003423756362   2.838456393613  2463850.0  99.000000000000       99.0
 2457122.5   3.454169996177   3.454160269093   0.000009727084   3.450745532462  -0.003424463715   2.821300572870  2463851.0  99.000000000000       99.0
 2457123.5   3.471372945943   3.471363060918   0.000009885025   3.467947712037  -0.003425233905   2.804144752127  2463852.0  99.000000000000       99.0
 2457124.5   3.488575880877   3.488565852743   0.000010028135   3.485149891613  -0.003425989265   2.786988931384  2463853.0  99.000000000000       99.0
 2457125.5   3.505778718068   3.505768644568   0.000010073500   3.502352071188  -0.003426646880   2.769833110640  2463854.0  99.000000000000       99.0
 2457126.5   3.522981389005   3.522971436393   0.000009952612   3.519554250763  -0.003427138242   2.752677289897  2463855.0  99.000000000000       99.0
 2457127.5   3.540183862527   3.540174228218   0.000009634309   3.536756430338  -0.003427432189   2.735521469154  2463856.0  99.000000000000       99.0
 2457128.5   3.557386163364   3.557377020043   0.000009143320   3.553958609914  -0.003427553450   2.718365648411  2463857.0  99.000000000000       99.0
 2457129.5   3.574588374699   3.574579811869   0.000008562831   3.571160789489  -0.003427585210   2.701209827668  2463858.0  99.000000000000       99.0
 2457130.5   3.591790615999   3.591782603694   0.000008012305   3.588362969064  -0.003427646935   2.684054006925  2463859.0  99.000000000000       99.0
 2457131.5   3.608993000720   3.608985395519   0.000007605201   3.605565148639  -0.003427852081   2.666898186181  2463860.0  99.000000000000       99.0
 2457132.5   3.626195594346   3.626188187344   0.000007407002   3.622767328215  -0.003428266131   2.649742365438  2463861.0  99.000000000000       99.0
 2457133.5   3.643398395324   3.643390979169   0.000007416155   3.639969507790  -0.003428887535   2.632586544695  2463862.0  99.000000000000       99.0
 2457134.5   3.660601345759   3.660593770995   0.000007574764   3.657171687365  -0.003429658394   2.615430723952  2463863.0  99.000000000000       99.0
 2457135.5   3.677804359902   3.677796562820   0.000007797082   3.674373866940  -0.003430492961   2.598274903209  2463864.0  99.000000000000       99.0
 2457136.5   3.695007352767   3.694999354645   0.000007998122   3.691576046515  -0.003431306252   2.581119082465  2463865.0  99.000000000000       99.0
 2457137.5   3.712210258378   3.712202146470   0.000008111908   3.708778226091  -0.003432032287   2.563963261722  2463866.0  99.000000000000       99.0
 2457138.5   3.729413036677   3.729404938296   0.000008098382   3.725980405666  -0.003432631011   2.546807440979  2463867.0  99.000000000000       99.0
 2457139.5   3.746615673032   3.746607730121   0.000007942911   3.743182585241  -0.003433087790   2.529651620236  2463868.0  99.000000000000       99.0
 2457140.5   3.763818174640   3.763810521946   0.000007652694   3.760384764816  -0.003433409824   2.512495799492  2463869.0  99.000000000000       99.0
 2457141.5   3.781020566513   3.781013313771   0.000007252742   3.777586944392  -0.003433622121   2.495339978749  2463870.0  99.000000000000       99.0
 2457142.5   3.798222887812   3.798216105597   0.000006782215   3.794789123967  -0.003433763845   2.478184158006  2463871.0  99.000000000000       99.0
 2457143.5   3.815425188182   3.815418897422   0.000006290760   3.811991303542  -0.003433884640   2.461028337263  2463872.0  99.000000000000       99.0
 2457144.5   3.832627523195   3.832621689247   0.000005833947   3.829193483117  -0.003434040077   2.443872516519  2463873.0  99.000000000000       99.0
 2457145.5   3.849829948010   3.849824481073   0.000005466937   3.846395662693  -0.003434285318   2.426716695776  2463874.0  99.000000000000       99.0
 2457146.5   3.867032509063   3.867027272898   0.000005236165   3.863597842268  -0.003434666795   2.409560875033  2463875.0  99.000000000000       99.0
 2457147.5   3.884235234685   3.884230064723   0.000005169962   3.880800021843  -0.003435212842   2.392405054289  2463876.0  99.000000000000       99.0
 2457148.5   3.901438126729   3.901432856549   0.000005270180   3.898002201418  -0.003435925311   2.375249233546  2463877.0  99.000000000000       99.0
 2457149.5   3.918641155951   3.918635648374   0.000005507577   3.915204380994  -0.003436774958   2.358093412803  2463878.0  99.000000000000       99.0
 2457150.5   3.935844263722   3.935838440200   0.000005823523   3.932406560569  -0.003437703154   2.340937592059  2463879.0  99.000000000000       99.0
 2457151.5   3.953047371177   3.953041232025   0.000006139152   3.949608740144  -0.003438631033   2.323781771316  2463880.0  99.000000000000       99.0
 2457152.5   3.970250394844   3.970244023850   0.000006370993   3.966810919719  -0.003439475124   2.306625950572  2463881.0  99.000000000000       99.0
 2457153.5   3.987453266030   3.987446815676   0.000006450354   3.984013099295  -0.003440166735   2.289470129829  2463882.0  99.000000000000       99.0
 2457154.5   4.004655949935   4.004649607501   0.000006342433   4.001215278870  -0.003440671065   2.272314309086  2463883.0  99.000000000000       99.0
 2457155.5   4.021858459387   4.021852399327   0.000006060061   4.018417458445  -0.003441000942   2.255158488342  2463884.0  99.000000000000       99.0
 2457156.5   4.039060857514   4.039055191152   0.000005666362   4.035619638020  -0.003441219493   2.238002667599  2463885.0  99.000000000000       99.0
 2457157.5   4.056263244894   4.056257982978   0.000005261917   4.052821817596  -0.003441427299   2.220846846855  2463886.0  99.000000000000       99.0
 2457158.5   4.073465731466   4.073460774803   0.000004956663   4.070023997171  -0.003441734295   2.203691026112  2463887.0  99.000000000000       99.0
 2457159.5   4.090668401398   4.090663566629   0.000004834770   4.087226176746  -0.003442224652   2.186535205368  2463888.0  99.000000000000       99.0
 2457160.5   4.107871285585   4.107866358454   0.000004927131   4.104428356321  -0.003442929263   2.169379384625  2463889.0  99.000000000000       99.0
 2457161.5   4.125074354562   4.125069150280   0.000005204282   4.121630535897  -0.003443818665   2.152223563881  2463890.0  99.000000000000       99.0
 2457162.5   4.142277533862   4.142271942105   0.000005591757   4.138832715472  -0.003444818390   2.135067743138  2463891.0  99.000000000000       99.0
 2457163.5   4.159480731866   4.159474733931   0.000005997935   4.156034895047  -0.003445836819   2.117911922395  2463892.0  99.000000000000       99.0
 2457164.5   4.176683866221   4.176677525756   0.000006340465   4.173237074622  -0.003446791599   2.100756101651  2463893.0  99.000000000000       99.0
 2457165.5   4.193886879903   4.193880317582   0.000006562322   4.190439254198  -0.003447625706   2.083600280907  2463894.0  99.000000000000       99.0
 2457166.5   4.211089745908   4.211083109407   0.000006636500   4.207641433773  -0.003448312135   2.066444460164  2463895.0  99.000000000000       99.0
 2457167.5   4.228292464465   4.228285901233   0.000006563233   4.224843613348  -0.003448851117   2.049288639420  2463896.0  99.000000000000       99.0
 2457168.5   4.245495057271   4.245488693058   0.000006364213   4.242045792923  -0.003449264348   2.032132818677  2463897.0  99.000000000000       99.0
 2457169.5   4.262697561615   4.262691484884   0.000006076731   4.259247972499  -0.003449589117   2.014976997933  2463898.0  99.000000000000       99.0
 2457170.5   4.279900025485   4.279894276709   0.000005748776   4.276450152074  -0.003449873411   1.997821177190  2463899.0  99.000000000000       99.0
 2457171.5   4.297102503279   4.297097068535   0.000005434744   4.293652331649  -0.003450171630   1.980665356446  2463900.0  99.000000000000       99.0
 2457172.5   4.314305051009   4.314299860361   0.000005190648   4.310854511224  -0.003450539785   1.963509535703  2463901.0  99.000000000000       99.0
 2457173.5   4.331507719831   4.331502652186   0.000005067645   4.328056690799  -0.003451029031   1.946353714959  2463902.0  99.000000000000       99.0
 2457174.5   4.348710547439   4.348705444012   0.000005103427   4.345258870375  -0.003451677064   1.929197894215  2463903.0  99.000000000000       99.0
 2457175.5   4.365913548150   4.365908235838   0.000005312313   4.362461049950  -0.003452498200   1.912042073472  2463904.0  99.000000000000       99.0
 2457176.5   4.383116704315   4.383111027663   0.000005676652   4.379663229525  -0.003453474790   1.894886252728  2463905.0  99.000000000000       99.0
 2457177.5   4.400319963299   4.400313819489   0.000006143810   4.396865409100  -0.003454554199   1.877730431984  2463906.0  99.000000000000       99.0
 2457178.5   4.417523244035   4.417516611315   0.000006632721   4.414067588676  -0.003455655360   1.860574611241  2463907.0  99.000000000000       99.0
 2457179.5   4.434726454118   4.434719403140   0.000007050978   4.431269768251  -0.003456685868   1.843418790497  2463908.0  99.000000000000       99.0
 2457180.5   4.451929513678   4.451922194966   0.000007318712   4.448471947826  -0.003457565852   1.826262969753  2463909.0  99.000000000000       99.0
 2457181.5   4.469132378514   4.469124986792   0.000007391722   4.465674127401  -0.003458251112   1.809107149010  2463910.0  99.000000000000       99.0
 2457182.5   4.486335054364   4.486327778617   0.000007275747   4.482876306977  -0.003458747387   1.791951328266  2463911.0  99.000000000000       99.0
 2457183.5   4.503537597175   4.503530570443   0.000007026732   4.500078486552  -0.003459110623   1.774795507522  2463912.0  99.000000000000       99.0
 2457184.5   4.520740098983   4.520733362269   0.000006736714   4.517280666127  -0.003459432856   1.757639686779  2463913.0  99.000000000000       99.0
 2457185.5   4.537942663314   4.537936154095   0.000006509220   4.534482845702  -0.003459817612   1.740483866035  2463914.0  99.000000000000       99.0
 2457186.5   4.555145376879   4.555138945920   0.000006430959   4.551685025278  -0.003460351601   1.723328045291  2463915.0  99.000000000000       99.0
 2457187.5   4.572348285896   4.572341737746   0.000006548150   4.568887204853  -0.003461081043   1.706172224547  2463916.0  99.000000000000       99.0
 2457188.5   4.589551384726   4.589544529572   0.000006855155   4.586089384428  -0.003462000298   1.689016403804  2463917.0  99.000000000000       99.0
 2457189.5   4.606754620539   4.606747321398   0.000007299141   4.603291564003  -0.003463056535   1.671860583060  2463918.0  99.000000000000       99.0
 2457190.5   4.623957911492   4.623950113223   0.000007798269   4.620493743579  -0.003464167913   1.654704762316  2463919.0  99.000000000000       99.0
 2457191.5   4.641161170731   4.641152905049   0.000008265682   4.637695923154  -0.003465247577   1.637548941572  2463920.0  99.000000000000       99.0
 2457192.5   4.658364327314   4.658355696875   0.000008630439   4.654898102729  -0.003466224585   1.620393120829  2463921.0  99.000000000000       99.0
 2457193.5   4.675567338295   4.675558488701   0.000008849594   4.672100282304  -0.003467055990   1.603237300085  2463922.0  99.000000000000       99.0
 2457194.5   4.692770191237   4.692761280527   0.000008910711   4.689302461880  -0.003467729358   1.586081479341  2463923.0  99.000000000000       99.0
 2457195.5   4.709972900129   4.709964072352   0.000008827776   4.706504641455  -0.003468258674   1.568925658597  2463924.0  99.000000000000       99.0
 2457196.5   4.727175498540   4.727166864178   0.000008634361   4.723706821030  -0.003468677510   1.551769837853  2463925.0  99.000000000000       99.0
 2457197.5   4.744378032735   4.744369656004   0.000008376731   4.740909000605  -0.003469032129   1.534614017109  2463926.0  99.000000000000       99.0
 2457198.5   4.761580555900   4.761572447830   0.000008108070   4.758111180181  -0.003469375720   1.517458196366  2463927.0  99.000000000000       99.0
 2457199.5   4.778783123321   4.778775239656   0.000007883666   4.775313359756  -0.003469763566   1.500302375622  2463928.0  99.000000000000       99.0
 2457200.5   4.795985787452   4.795978031482   0.000007755970   4.792515539331  -0.003470248121   1.483146554878  2463929.0  99.000000000000       99.0
 2457201.5   4.813188591628   4.813180823308   0.000007768320   4.809717718906  -0.003470872722   1.465990734134  2463930.0  99.000000000000       99.0
 2457202.5   4.830391561792   4.830383615134   0.000007946659   4.826919898482  -0.003471663311   1.448834913390  2463931.0  99.000000000000       99.0
 2457203.5   4.847594696928   4.847586406960   0.000008289968   4.844122078057  -0.003472618871   1.431679092646  2463932.0  99.000000000000       99.0
 2457204.5   4.864797961092   4.864789198786   0.000008762307   4.861324257632  -0.003473703460   1.414523271902  2463933.0  99.000000000000       99.0
 2457205.5   4.882001282318   4.881991990611   0.000009291707   4.878526437207  -0.003474845111   1.397367451158  2463934.0  99.000000000000       99.0
 2457206.5   4.899204563852   4.899194782437   0.000009781414   4.895728616783  -0.003475947069   1.380211630414  2463935.0  99.000000000000       99.0
 2457207.5   4.916407708753   4.916397574263   0.000010134490   4.912930796358  -0.003476912395   1.363055809671  2463936.0  99.000000000000       99.0
 2457208.5   4.933610650820   4.933600366089   0.000010284730   4.930132975933  -0.003477674887   1.345899988927  2463937.0  99.000000000000       99.0
 2457209.5   4.950813378548   4.950803157915   0.000010220633   4.947335155508  -0.003478223040   1.328744168183  2463938.0  99.000000000000       99.0
 2457210.5   4.968015940325   4.968005949741   0.000009990584   4.964537335084  -0.003478605241   1.311588347439  2463939.0  99.000000000000       99.0
 2457211.5   4.985218428351   4.985208741567   0.000009686784   4.981739514659  -0.003478913692   1.294432526695  2463940.0  99.000000000000       99.0
 2457212.5   5.002420949204   5.002411533393   0.000009415810   4.998941694234  -0.003479254970   1.277276705951  2463941.0  99.000000000000       99.0
 2457213.5   5.019623593315   5.019614325219   0.000009268096   5.016143873809  -0.003479719506   1.260120885207  2463942.0  99.000000000000       99.0
 2457214.5   5.036826413050   5.036817117045   0.000009296004   5.033346053384  -0.003480359665   1.242965064463  2463943.0  99.000000000000       99.0
 2457215.5   5.054029413642   5.054019908871   0.000009504771   5.050548232960  -0.003481180682   1.225809243719  2463944.0  99.000000000000       99.0
 2457216.5   5.071232556813   5.071222700698   0.000009856116   5.067750412535  -0.003482144278   1.208653422975  2463945.0  99.000000000000       99.0
 2457217.5   5.088435774045   5.088425492524   0.000010281521   5.084952592110  -0.003483181934   1.191497602231  2463946.0  99.000000000000       99.0
 2457218.5   5.105638984973   5.105628284350   0.000010700623   5.102154771685  -0.003484213288   1.174341781486  2463947.0  99.000000000000       99.0
 2457219.5   5.122842115840   5.122831076176   0.000011039664   5.119356951261  -0.003485164579   1.157185960742  2463948.0  99.000000000000       99.0
 2457220.5   5.140045113590   5.140033868002   0.000011245588   5.136559130836  -0.003485982754   1.140030139998  2463949.0  99.000000000000       99.0
 2457221.5   5.157247953072   5.157236659828   0.000011293244   5.153761310411  -0.003486642661   1.122874319254  2463950.0  99.000000000000       99.0
 2457222.5   5.174450637295   5.174439451654   0.000011185641   5.170963489986  -0.003487147308   1.105718498510  2463951.0  99.000000000000       99.0
 2457223.5   5.191653192677   5.191642243480   0.000010949197   5.188165669562  -0.003487523115   1.088562677766  2463952.0  99.000000000000       99.0
 2457224.5   5.208855661941   5.208845035306   0.000010626635   5.205367849137  -0.003487812804   1.071406857022  2463953.0  99.000000000000       99.0
 2457225.5   5.226058096850   5.226047827132   0.000010269718   5.222570028712  -0.003488068138   1.054251036278  2463954.0  99.000000000000       99.0
 2457226.5   5.243260551943   5.243250618959   0.000009932985   5.239772208287  -0.003488343656   1.037095215534  2463955.0  99.000000000000       99.0
 2457227.5   5.260463079293   5.260453410785   0.000009668509   5.256974387863  -0.003488691431   1.019939394790  2463956.0  99.000000000000       99.0
 2457228.5   5.277665723532   5.277656202611   0.000009520921   5.274176567438  -0.003489156094   1.002783574045  2463957.0  99.000000000000       99.0
 2457229.5   5.294868516136   5.294858994437   0.000009521699   5.291378747013  -0.003489769123   0.985627753301  2463958.0  99.000000000000       99.0
 2457230.5   5.312071468308   5.312061786263   0.000009682045   5.308580926588  -0.003490541720   0.968471932557  2463959.0  99.000000000000       99.0
 2457231.5   5.329274563004   5.329264578090   0.000009984914   5.325783106164  -0.003491456840   0.951316111813  2463960.0  99.000000000000       99.0
 2457232.5   5.346477748932   5.346467369916   0.000010379016   5.342985285739  -0.003492463193   0.934160291069  2463961.0  99.000000000000       99.0
 2457233.5   5.363680941973   5.363670161742   0.000010780231   5.360187465314  -0.003493476659   0.917004470324  2463962.0  99.000000000000       99.0
 2457234.5   5.380884040063   5.380872953568   0.000011086495   5.377389644889  -0.003494395174   0.899848649580  2463963.0  99.000000000000       99.0
 2457235.5   5.398086952788   5.398075745394   0.000011207393   5.394591824465  -0.003495128323   0.882692828836  2463964.0  99.000000000000       99.0
 2457236.5   5.415289636322   5.415278537221   0.000011099102   5.411794004040  -0.003495632283   0.865537008092  2463965.0  99.000000000000       99.0
 2457237.5   5.432492115280   5.432481329047   0.000010786233   5.428996183615  -0.003495931665   0.848381187348  2463966.0  99.000000000000       99.0
 2457238.5   5.449694476487   5.449684120873   0.000010355613   5.446198363190  -0.003496113296   0.831225366603  2463967.0  99.000000000000       99.0
 2457239.5   5.466896836443   5.466886912700   0.000009923744   5.463400542766  -0.003496293677   0.814069545859  2463968.0  99.000000000000       99.0
 2457240.5   5.484099300280   5.484089704526   0.000009595754   5.480602722341  -0.003496577939   0.796913725115  2463969.0  99.000000000000       99.0
 2457241.5   5.501301931749   5.501292496352   0.000009435397   5.497804901916  -0.003497029833   0.779757904370  2463970.0  99.000000000000       99.0
 2457242.5   5.518504742890   5.518495288178   0.000009454711   5.515007081491  -0.003497661398   0.762602083626  2463971.0  99.000000000000       99.0
 2457243.5   5.535707700475   5.535698080005   0.000009620471   5.532209261067  -0.003498439409   0.745446262882  2463972.0  99.000000000000       99.0
 2457244.5   5.552910741528   5.552900871831   0.000009869697   5.549411440642  -0.003499300886   0.728290442137  2463973.0  99.000000000000       99.0
 2457245.5   5.570113791044   5.570103663657   0.000010127386   5.566613620217  -0.003500170827   0.711134621393  2463974.0  99.000000000000       99.0
 2457246.5   5.587316777841   5.587306455484   0.000010322357   5.583815799792  -0.003500978048   0.693978800649  2463975.0  99.000000000000       99.0
 2457247.5   5.604519646656   5.604509247310   0.000010399346   5.601017979368  -0.003501667288   0.676822979904  2463976.0  99.000000000000       99.0
 2457248.5   5.621722365632   5.621712039137   0.000010326496   5.618220158943  -0.003502206689   0.659667159160  2463977.0  99.000000000000       99.0
 2457249.5   5.638924928874   5.638914830963   0.000010097911   5.635422338518  -0.003502590356   0.642511338416  2463978.0  99.000000000000       99.0
 2457250.5   5.656127354564   5.656117622789   0.000009731775   5.652624518093  -0.003502836471   0.625355517671  2463979.0  99.000000000000       99.0
 2457251.5   5.673329679842   5.673320414616   0.000009265227   5.669826697668  -0.003502982174   0.608199696927  2463980.0  99.000000000000       99.0
 2457252.5   5.690531953878   5.690523206442   0.000008747436   5.687028877244  -0.003503076634   0.591043876183  2463981.0  99.000000000000       99.0
 2457253.5   5.707734230596   5.707725998269   0.000008232327   5.704231056819  -0.003503173777   0.573888055438  2463982.0  99.000000000000       99.0
 2457254.5   5.724936562151   5.724928790095   0.000007772056   5.721433236394  -0.003503325757   0.556732234694  2463983.0  99.000000000000       99.0
 2457255.5   5.742138993446   5.742131581922   0.000007411525   5.738635415969  -0.003503577477   0.539576413949  2463984.0  99.000000000000       99.0
 2457256.5   5.759341557273   5.759334373748   0.000007183525   5.755837595545  -0.003503961728   0.522420593205  2463985.0  99.000000000000       99.0
 2457257.5   5.776544269515   5.776537165574   0.000007103941   5.773039775120  -0.003504494395   0.505264772460  2463986.0  99.000000000000       99.0
 2457258.5   5.793747123994   5.793739957401   0.000007166593   5.790241954695  -0.003505169299   0.488108951716  2463987.0  99.000000000000       99.0
 2457259.5   5.810950087428   5.810942749227   0.000007338201   5.807444134270  -0.003505953158   0.470953130972  2463988.0  99.000000000000       99.0
 2457260.5   5.828153096983   5.828145541054   0.000007555930   5.824646313846  -0.003506783138   0.453797310227  2463989.0  99.000000000000       99.0
 2457261.5   5.845356065107   5.845348332880   0.000007732226   5.841848493421  -0.003507571686   0.436641489483  2463990.0  99.000000000000       99.0
 2457262.5   5.862558896804   5.862551124707   0.000007772097   5.859050672996  -0.003508223808   0.419485668738  2463991.0  99.000000000000       99.0
 2457263.5   5.879761520140   5.879753916533   0.000007603607   5.876252852571  -0.003508667569   0.402329847994  2463992.0  99.000000000000       99.0
 2457264.5   5.896963920033   5.896956708360   0.000007211673   5.893455032147  -0.003508887886   0.385174027249  2463993.0  99.000000000000       99.0
 2457265.5   5.914166154921   5.914159500187   0.000006654734   5.910657211722  -0.003508943199   0.368018206505  2463994.0  99.000000000000       99.0
 2457266.5   5.931368339807   5.931362292013   0.000006047794   5.927859391297  -0.003508948510   0.350862385760  2463995.0  99.000000000000       99.0
 2457267.5   5.948570600934   5.948565083840   0.000005517095   5.945061570872  -0.003509030062   0.333706565015  2463996.0  99.000000000000       99.0
 2457268.5   5.965773028223   5.965767875666   0.000005152557   5.962263750448  -0.003509277775   0.316550744271  2463997.0  99.000000000000       99.0
 2457269.5   5.982975650569   5.982970667493   0.000004983076   5.979465930023  -0.003509720546   0.299394923526  2463998.0  99.000000000000       99.0
 2457270.5   6.000178439484   6.000173459319   0.000004980164   5.996668109598  -0.003510329886   0.282239102782  2463999.0  99.000000000000       99.0
 2457271.5   6.017381329719   6.017376251146   0.000005078573   6.013870289173  -0.003511040546   0.265083282037  2464000.0  99.000000000000       99.0
 2457272.5   6.034584242858   6.034579042973   0.000005199885   6.031072468749  -0.003511774109   0.247927461293  2464001.0  99.000000000000       99.0
 2457273.5   6.051787105810   6.051781834799   0.000005271011   6.048274648324  -0.003512457486   0.230771640548  2464002.0  99.000000000000       99.0
 2457274.5   6.068989862219   6.068984626626   0.000005235593   6.065476827899  -0.003513034319   0.213615819803  2464003.0  99.000000000000       99.0
 2457275.5   6.086192478036   6.086187418453   0.000005059584   6.082679007474  -0.003513470562   0.196459999059  2464004.0  99.000000000000       99.0
 2457276.5   6.103394943181   6.103390210279   0.000004732901   6.099881187050  -0.003513756131   0.179304178314  2464005.0  99.000000000000       99.0
 2457277.5   6.120597270310   6.120593002106   0.000004268204   6.117083366625  -0.003513903685   0.162148357569  2464006.0  99.000000000000       99.0
 2457278.5   6.137799491248   6.137795793933   0.000003697315   6.134285546200  -0.003513945048   0.144992536825  2464007.0  99.000000000000       99.0
 2457279.5   6.155001651616   6.154998585759   0.000003065856   6.151487725775  -0.003513925840   0.127836716080  2464008.0  99.000000000000       99.0
 2457280.5   6.172203804264   6.172201377586   0.000002426678   6.168689905351  -0.003513898914   0.110680895335  2464009.0  99.000000000000       99.0
 2457281.5   6.189406002180   6.189404169413   0.000001832767   6.185892084926  -0.003513917254   0.093525074591  2464010.0  99.000000000000       99.0
 2457282.5   6.206608291787   6.206606961239   0.000001330547   6.203094264501  -0.003514027286   0.076369253846  2464011.0  99.000000000000       99.0
 2457283.5   6.223810707314   6.223809753066   0.000000954248   6.220296444076  -0.003514263238   0.059213433101  2464012.0  99.000000000000       99.0
 2457284.5   6.241013266293   6.241012544893   0.000000721400   6.237498623652  -0.003514642641   0.042057612357  2464013.0  99.000000000000       99.0
 2457285.5   6.258215966065   6.258215336720   0.000000629345   6.254700803227  -0.003515162838   0.024901791612  2464014.0  99.000000000000       99.0
 2457286.5   6.275418781317   6.275418128546   0.000000652771   6.271902982802  -0.003515798515   0.007745970867  2464015.0   6.273775457329  2464016.0
 2457287.5   0.009436355972   0.009435613194   0.000000742779   0.005919855198  -0.003516500774   6.256619636584  2464017.0  99.000000000000       99.0
 2457288.5   0.026639234281   0.026638405020   0.000000829260   0.023122034773  -0.003517199508   6.239463815840  2464018.0  99.000000000000       99.0
 2457289.5   0.043842026676   0.043841196847   0.000000829829   0.040324214348  -0.003517812328   6.222307995095  2464019.0  99.000000000000       99.0
 2457290.5   0.061044656975   0.061043988674   0.000000668301   0.057526393923  -0.003518263052   6.205152174350  2464020.0  99.000000000000       99.0
 2457291.5   0.078247082433   0.078246780501   0.000000301933   0.074728573499  -0.003518508935   6.187996353605  2464021.0  99.000000000000       99.0
 2457292.5   0.095449320406   0.095449572328  -0.000000251921   0.091930753074  -0.003518567332   6.170840532860  2464022.0  99.000000000000       99.0
 2457293.5   0.112651456424   0.112652364154  -0.000000907731   0.109132932649  -0.003518523775   6.153684712116  2464023.0  99.000000000000       99.0
 2457294.5   0.129853619246   0.129855155981  -0.000001536735   0.126335112224  -0.003518507022   6.136528891371  2464024.0  99.000000000000       99.0
 2457295.5   0.147055929911   0.147057947808  -0.000002017897   0.143537291800  -0.003518638111   6.119373070626  2464025.0  99.000000000000       99.0
 2457296.5   0.164258453875   0.164260739635  -0.000002285760   0.160739471375  -0.003518982501   6.102217249881  2464026.0  99.000000000000       99.0
 2457297.5   0.181461183672   0.181463531462  -0.000002347790   0.177941650950  -0.003519532722   6.085061429136  2464027.0  99.000000000000       99.0
 2457298.5   0.198664055133   0.198666323289  -0.000002268156   0.195143830525  -0.003520224607   6.067905608391  2464028.0  99.000000000000       99.0
 2457299.5   0.215866979233   0.215869115116  -0.000002135883   0.212346010101  -0.003520969132   6.050749787647  2464029.0  99.000000000000       99.0
 2457300.5   0.233069870506   0.233071906943  -0.000002036437   0.229548189676  -0.003521680830   6.033593966902  2464030.0  99.000000000000       99.0
 2457301.5   0.250272663902   0.250274698770  -0.000002034867   0.246750369251  -0.003522294651   6.016438146157  2464031.0  99.000000000000       99.0
 2457302.5   0.267475320935   0.267477490596  -0.000002169661   0.263952548826  -0.003522772109   5.999282325412  2464032.0  99.000000000000       99.0
 2457303.5   0.284677829199   0.284680282423  -0.000002453225   0.281154728402  -0.003523100797   5.982126504667  2464033.0  99.000000000000       99.0
 2457304.5   0.301880199069   0.301883074250  -0.000002875181   0.298356907977  -0.003523291093   5.964970683922  2464034.0  99.000000000000       99.0
 2457305.5   0.319082459542   0.319085866077  -0.000003406536   0.315559087552  -0.003523371990   5.947814863177  2464035.0  99.000000000000       99.0
 2457306.5   0.336284653499   0.336288657904  -0.000004004406   0.332761267127  -0.003523386371   5.930659042432  2464036.0  99.000000000000       99.0
 2457307.5   0.353486832295   0.353491449731  -0.000004617436   0.349963446703  -0.003523385593   5.913503221687  2464037.0  99.000000000000       99.0
 2457308.5   0.370689049598   0.370694241558  -0.000005191960   0.367165626278  -0.003523423320   5.896347400942  2464038.0  99.000000000000       99.0
 2457309.5   0.387891354585   0.387897033385  -0.000005678800   0.384367805853  -0.003523548732   5.879191580197  2464039.0  99.000000000000       99.0
 2457310.5   0.405093785134   0.405099825212  -0.000006040078   0.401569985428  -0.003523799706   5.862035759452  2464040.0  99.000000000000       99.0
 2457311.5   0.422296362023   0.422302617039  -0.000006255016   0.418772165004  -0.003524197019   5.844879938707  2464041.0  99.000000000000       99.0
 2457312.5   0.439499084939   0.439505408866  -0.000006323927   0.435974344579  -0.003524740360   5.827724117962  2464042.0  99.000000000000       99.0
 2457313.5   0.456701930784   0.456708200693  -0.000006269909   0.453176524154  -0.003525406630   5.810568297217  2464043.0  99.000000000000       99.0
 2457314.5   0.473904854697   0.473910992520  -0.000006137824   0.470378703729  -0.003526150967   5.793412476472  2464044.0  99.000000000000       99.0
 2457315.5   0.491107794183   0.491113784347  -0.000005990165   0.487580883305  -0.003526910878   5.776256655727  2464045.0  99.000000000000       99.0
 2457316.5   0.508310677026   0.508316576174  -0.000005899149   0.504783062880  -0.003527614146   5.759100834982  2464046.0  99.000000000000       99.0
 2457317.5   0.525513434095   0.525519368002  -0.000005933906   0.521985242455  -0.003528191640   5.741945014237  2464047.0  99.000000000000       99.0
 2457318.5   0.542716017388   0.542722159829  -0.000006142440   0.539187422030  -0.003528595358   5.724789193492  2464048.0  99.000000000000       99.0
 2457319.5   0.559918420512   0.559924951656  -0.000006531143   0.556389601605  -0.003528818907   5.707633372747  2464049.0  99.000000000000       99.0
 2457320.5   0.577120693490   0.577127743483  -0.000007049993   0.573591781181  -0.003528912309   5.690477552002  2464050.0  99.000000000000       99.0
 2457321.5   0.594322939440   0.594330535310  -0.000007595870   0.590793960756  -0.003528978684   5.673321731257  2464051.0  99.000000000000       99.0
 2457322.5   0.611525284746   0.611533327137  -0.000008042391   0.607996140331  -0.003529144415   5.656165910512  2464052.0  99.000000000000       99.0
 2457323.5   0.628727830885   0.628736118964  -0.000008288080   0.625198319906  -0.003529510978   5.639010089767  2464053.0  99.000000000000       99.0
 2457324.5   0.645930613579   0.645938910791  -0.000008297212   0.642400499482  -0.003530114097   5.621854269021  2464054.0  99.000000000000       99.0
 2457325.5   0.663133593488   0.663141702618  -0.000008109130   0.659602679057  -0.003530914432   5.604698448276  2464055.0  99.000000000000       99.0
 2457326.5   0.680336680299   0.680344494446  -0.000007814147   0.676804858632  -0.003531821667   5.587542627531  2464056.0  99.000000000000       99.0
 2457327.5   0.697539770744   0.697547286273  -0.000007515529   0.694007038207  -0.003532732536   5.570386806786  2464057.0  99.000000000000       99.0
 2457328.5   0.714742779215   0.714750078100  -0.000007298885   0.711209217783  -0.003533561432   5.553230986041  2464058.0  99.000000000000       99.0
 2457329.5   0.731945652283   0.731952869927  -0.000007217644   0.728411397358  -0.003534254925   5.536075165296  2464059.0  99.000000000000       99.0
 2457330.5   0.749148369907   0.749155661754  -0.000007291848   0.745613576933  -0.003534792973   5.518919344551  2464060.0  99.000000000000       99.0
 2457331.5   0.766350939799   0.766358453582  -0.000007513782   0.762815756508  -0.003535183291   5.501763523805  2464061.0  99.000000000000       99.0
 2457332.5   0.783553390145   0.783561245409  -0.000007855264   0.780017936084  -0.003535454061   5.484607703060  2464062.0  99.000000000000       99.0
 2457333.5   0.800755763110   0.800764037236  -0.000008274126   0.797220115659  -0.003535647452   5.467451882315  2464063.0  99.000000000000       99.0
 2457334.5   0.817958109351   0.817966829063  -0.000008719712   0.814422295234  -0.003535814117   5.450296061570  2464064.0  99.000000000000       99.0
 2457335.5   0.835160482791   0.835169620891  -0.000009138100   0.831624474809  -0.003536007981   5.433140240824  2464065.0  99.000000000000       99.0
 2457336.5   0.852362934996   0.852372412718  -0.000009477722   0.848826654385  -0.003536280612   5.415984420079  2464066.0  99.000000000000       99.0
 2457337.5   0.869565508776   0.869575204545  -0.000009695770   0.866028833960  -0.003536674816   5.398828599334  2464067.0  99.000000000000       99.0
 2457338.5   0.886768231347   0.886777996372  -0.000009765026   0.883231013535  -0.003537217811   5.381672778589  2464068.0  99.000000000000       99.0
 2457339.5   0.903971108356   0.903980788200  -0.000009679844   0.900433193110  -0.003537915245   5.364516957843  2464069.0  99.000000000000       99.0
 2457340.5   0.921174120411   0.921183580027  -0.000009459616   0.917635372686  -0.003538747725   5.347361137098  2464070.0  99.000000000000       99.0
 2457341.5   0.938377223582   0.938386371854  -0.000009148272   0.934837552261  -0.003539671322   5.330205316353  2464071.0  99.000000000000       99.0
 2457342.5   0.955580354734   0.955589163682  -0.000008808947   0.952039731836  -0.003540622898   5.313049495608  2464072.0  99.000000000000       99.0
 2457343.5   0.972783441570   0.972791955509  -0.000008513939   0.969241911411  -0.003541530159   5.295893674862  2464073.0  99.000000000000       99.0
 2457344.5   0.989986416270   0.989994747336  -0.000008331067   0.986444090987  -0.003542325283   5.278737854117  2464074.0  99.000000000000       99.0
 2457345.5   1.007189230979   1.007197539164  -0.000008308185   1.003646270562  -0.003542960417   5.261582033372  2464075.0  99.000000000000       99.0
 2457346.5   1.024391872737   1.024400330991  -0.000008458254   1.020848450137  -0.003543422600   5.244426212626  2464076.0  99.000000000000       99.0
 2457347.5   1.041594373945   1.041603122819  -0.000008748874   1.038050629712  -0.003543744233   5.227270391881  2464077.0  99.000000000000       99.0
 2457348.5   1.058796812808   1.058805914646  -0.000009101837   1.055252809288  -0.003544003521   5.210114571135  2464078.0  99.000000000000       99.0
 2457349.5   1.075999298262   1.076008706473  -0.000009408211   1.072454988863  -0.003544309400   5.192958750390  2464079.0  99.000000000000       99.0
 2457350.5   1.093201938595   1.093211498301  -0.000009559706   1.089657168438  -0.003544770157   5.175802929645  2464080.0  99.000000000000       99.0
 2457351.5   1.110404803031   1.110414290128  -0.000009487097   1.106859348013  -0.003545455018   5.158647108899  2464081.0  99.000000000000       99.0
 2457352.5   1.127607894572   1.127617081956  -0.000009187384   1.124061527589  -0.003546366983   5.141491288154  2464082.0  99.000000000000       99.0
 2457353.5   1.144811149791   1.144819873783  -0.000008723992   1.141263707164  -0.003547442627   5.124335467408  2464083.0  99.000000000000       99.0
 2457354.5   1.162014465508   1.162022665610  -0.000008200102   1.158465886739  -0.003548578769   5.107179646663  2464084.0  99.000000000000       99.0
 2457355.5   1.179217736137   1.179225457438  -0.000007721301   1.175668066314  -0.003549669822   5.090023825918  2464085.0  99.000000000000       99.0
 2457356.5   1.196420882871   1.196428249265  -0.000007366395   1.192870245890  -0.003550636981   5.072868005172  2464086.0  99.000000000000       99.0
 2457357.5   1.213623865927   1.213631041093  -0.000007175166   1.210072425465  -0.003551440462   5.055712184427  2464087.0  99.000000000000       99.0
 2457358.5   1.230826682394   1.230833832920  -0.000007150527   1.227274605040  -0.003552077354   5.038556363681  2464088.0  99.000000000000       99.0
 2457359.5   1.248029357028   1.248036624748  -0.000007267720   1.244476784615  -0.003552572413   5.021400542936  2464089.0  99.000000000000       99.0
 2457360.5   1.265231932099   1.265239416575  -0.000007484477   1.261678964190  -0.003552967908   5.004244722190  2464090.0  99.000000000000       99.0
 2457361.5   1.282434459147   1.282442208403  -0.000007749256   1.278881143766  -0.003553315381   4.987088901445  2464091.0  99.000000000000       99.0
 2457362.5   1.299636992920   1.299645000230  -0.000008007310   1.296083323341  -0.003553669579   4.969933080699  2464092.0  99.000000000000       99.0
 2457363.5   1.316839586492   1.316847792058  -0.000008205566   1.313285502916  -0.003554083576   4.952777259954  2464093.0  99.000000000000       99.0
 2457364.5   1.334042286367   1.334050583886  -0.000008297519   1.330487682491  -0.003554603875   4.935621439208  2464094.0  99.000000000000       99.0
 2457365.5   1.351245126719   1.351253375713  -0.000008248994   1.347689862067  -0.003555264652   4.918465618463  2464095.0  99.000000000000       99.0
 2457366.5   1.368448122847   1.368456167541  -0.000008044694   1.364892041642  -0.003556081205   4.901309797717  2464096.0  99.000000000000       99.0
 2457367.5   1.385651265171   1.385658959368  -0.000007694197   1.382094221217  -0.003557043954   4.884153976972  2464097.0  99.000000000000       99.0
 2457368.5   1.402854516217   1.402861751196  -0.000007234979   1.399296400792  -0.003558115425   4.866998156226  2464098.0  99.000000000000       99.0
 2457369.5   1.420057813301   1.420064543023  -0.000006729722   1.416498580368  -0.003559232934   4.849842335480  2464099.0  99.000000000000       99.0
 2457370.5   1.437261078583   1.437267334851  -0.000006256268   1.433700759943  -0.003560318640   4.832686514735  2464100.0  99.000000000000       99.0
 2457371.5   1.454464235577   1.454470126679  -0.000005891102   1.450902939518  -0.003561296058   4.815530693989  2464101.0  99.000000000000       99.0
 2457372.5   1.471667228314   1.471672918506  -0.000005690192   1.468105119093  -0.003562109221   4.798374873244  2464102.0  99.000000000000       99.0
 2457373.5   1.488870037672   1.488875710334  -0.000005672662   1.485307298669  -0.003562739003   4.781219052498  2464103.0  99.000000000000       99.0
 2457374.5   1.506072689772   1.506078502162  -0.000005812389   1.502509478244  -0.003563211528   4.764063231752  2464104.0  99.000000000000       99.0
 2457375.5   1.523275253283   1.523281293989  -0.000006040706   1.519711657819  -0.003563595464   4.746907411007  2464105.0  99.000000000000       99.0
 2457376.5   1.540477824994   1.540484085817  -0.000006260823   1.536913837394  -0.003563987599   4.729751590261  2464106.0  99.000000000000       99.0
 2457377.5   1.557680505802   1.557686877645  -0.000006371842   1.554116016970  -0.003564488833   4.712595769515  2464107.0  99.000000000000       99.0
 2457378.5   1.574883372408   1.574889669472  -0.000006297064   1.571318196545  -0.003565175863   4.695439948770  2464108.0  99.000000000000       99.0
 2457379.5   1.592086453227   1.592092461300  -0.000006008073   1.588520376120  -0.003566077106   4.678284128024  2464109.0  99.000000000000       99.0
 2457380.5   1.609289718218   1.609295253128  -0.000005534910   1.605722555695  -0.003567162522   4.661128307278  2464110.0  99.000000000000       99.0
 2457381.5   1.626493088297   1.626498044955  -0.000004956659   1.622924735271  -0.003568353026   4.643972486533  2464111.0  99.000000000000       99.0
 2457382.5   1.643696461149   1.643700836783  -0.000004375634   1.640126914846  -0.003569546303   4.626816665787  2464112.0  99.000000000000       99.0
 2457383.5   1.660899742101   1.660903628611  -0.000003886510   1.657329094421  -0.003570647680   4.609660845041  2464113.0  99.000000000000       99.0
 2457384.5   1.678102867394   1.678106420439  -0.000003553044   1.674531273996  -0.003571593398   4.592505024296  2464114.0  99.000000000000       99.0
 2457385.5   1.695305813198   1.695309212266  -0.000003399069   1.691733453572  -0.003572359626   4.575349203550  2464115.0  99.000000000000       99.0
 2457386.5   1.712508591801   1.712512004094  -0.000003412293   1.708935633147  -0.003572958655   4.558193382804  2464116.0  99.000000000000       99.0
 2457387.5   1.729711241035   1.729714795922  -0.000003554887   1.726137812722  -0.003573428313   4.541037562058  2464117.0  99.000000000000       99.0
 2457388.5   1.746913812773   1.746917587750  -0.000003774977   1.743339992297  -0.003573820476   4.523881741313  2464118.0  99.000000000000       99.0
