239.247314566594
239.497999041389
239.748683513563
239.999367988368
240.250052463176
240.500736935363
240.751421410184
241.002105885009
241.252790359839
241.503474832048
241.754159306885
242.004843781731
242.255528253954
242.506212728810
242.756897203670
243.007581675909
243.258266150777
243.508950625653
243.759635097907
244.010319572792
244.261004047683
244.511688519953
244.762372994850
245.013057469756
245.263741944667
245.514426416957
245.765110891878
246.015795366800
246.266479839105
246.517164314041
246.767848788982
247.018533261302
247.269217736250
247.519902211206
247.770586683541
248.021271158508
248.271955633479
248.522640105829
248.773324580807
249.024009055794
249.274693530785
249.525378003155
249.776062478157
250.026746953160
250.277431425545
250.528115900562
250.778800375584
251.029484847984
251.280169323016
251.530853798050
251.781538270465
252.032222745512
252.282907220564
252.533591695618
252.784276168053
253.034960643120
253.285645118192
253.536329590643
253.787014065725
254.037698540809
254.288383013274
254.539067488372
254.789751963474
255.040436435955
255.291120911067
255.541805386181
255.792489858677
256.043174333804
256.293858808937
256.544543284074
256.795227756590
257.045912231734
257.296596706887
257.547281179418
257.797965654581
258.048650129748
258.299334602291
258.550019077469
258.800703552651
259.051388025213
259.302072500405
259.552756975600
259.803441448176
260.054125923384
260.304810398597
260.555494873815
260.806179346411
261.056863821636
261.307548296869
261.558232769480
261.808917244723
262.059601719971
262.310286192597
262.560970667852
262.811655143115
263.062339615757
263.313024091030
263.563708566308
263.814393041588
264.065077514250
264.315761989543
264.566446464841
264.817130937518
265.067815412823
265.318499888136
265.569184360827
265.819868836151
266.070553311479
266.321237784184
266.571922259521
266.822606734864
267.073291207586
267.323975682940
267.574660158298
267.825344633658
268.076029106400
268.326713581773
268.577398057152
268.828082529909
269.078767005296
269.329451480688
269.580135953459
269.830820428863
270.081504904272
270.332189377057
270.582873852474
270.833558327897
271.084242800699
271.334927276133
271.585611751572
271.836296227012
272.086980699834
272.337665175288
272.588349650746
272.839034123582
273.089718599051
273.340403074523
273.591087547375
273.841772022858
274.092456498347
274.343140971213
274.593825446711
274.844509922213
275.095194397722
275.345878870609
275.596563346126
275.847247821650
276.097932294551
276.348616770084
276.599301245623
276.849985718539
277.100670194087
277.351354669640
277.602039142572
277.852723618136
278.103408093704
278.354092566650
278.604777042229
278.855461517811
279.106145993400
279.356830466365
279.607514941964
279.858199417568
280.108883890550
280.359568366162
280.610252841781
280.860937314777
281.111621790405
281.362306266039
281.612990739051
281.863675214692
282.114359690341
282.365044163368
282.615728639027
282.866413114689
283.117097590358
283.367782063403
283.618466539082
283.869151014766
284.119835487828
284.370519963520
284.621204439219
284.871888912294
285.122573388003
285.373257863717
285.623942336809
285.874626812529
286.125311288258
286.375995763992
286.626680237104
286.877364712847
287.128049188595
287.378733661720
287.629418137479
287.880102613242
288.130787086384
288.381471562158
288.632156037933
288.882840511090
289.133524986879
289.384209462672
289.634893935844
289.885578411645
290.136262887453
290.386947363267
290.637631836459
290.888316312282
291.139000788109
291.389685261314
291.640369737153
291.891054212996
292.141738686218
292.392423162072
292.643107637927
292.893792111163
293.144476587032
293.395161062905
293.645845536157
293.896530012040
294.147214487925
294.397898963819
294.648583437090
294.899267912994
295.149952388902
295.400636862185
295.651321338103
295.902005814027
296.152690287328
296.403374763261
296.654059239196
296.904743712513
297.155428188461
297.406112664414
297.656797140372
297.907481613708
298.158166089673
298.408850565646
298.659535038997
298.910219514980
299.160903990968
299.411588464334
299.662272940330
299.912957416333
300.163641889714
300.414326365725
300.665010841743
300.915695315137
301.166379791165
301.417064267196
301.667748743234
301.918433216650
302.169117692696
302.419802168748
302.670486642179
302.921171118240
303.171855594307
303.422540067753
303.673224543829
303.923909019911
304.174593493372
304.425277969463
304.675962445560
304.926646919035
305.177331395141
305.428015871253
305.678700347369
305.929384820864
306.180069296991
306.430753773122
306.681438246632
306.932122722774
307.182807198919
307.433491672445
307.684176148600
307.934860624762
308.185545098302
308.436229574472
308.686914050649
308.937598526829
309.188283000389
309.438967476580
309.689651952775
309.940336426350
310.191020902557
310.441705378767
310.692389852356
310.943074328578
311.193758804802
311.444443278407
311.695127754643
311.945812230883
312.196496704502
312.447181180753
312.697865657008
312.948550133269
313.199234606907
313.449919083178
313.700603559453
313.951288033106
314.201972509392
314.452656985681
314.703341459350
314.954025935651
315.204710411955
315.455394885639
315.706079361954
315.956763838273
316.207448311972
316.458132788302
316.708817264636
316.959501740976
317.210186214695
317.460870691043
317.711555167399
317.962239641132
318.212924117495
318.463608593865
318.714293067614
318.964977543992
319.215662020377
319.466346494138
319.717030970533
319.967715446931
320.218399923336
320.469084397119
320.719768873531
320.970453349951
321.221137823749
321.471822300176
321.722506776611
321.973191250423
322.223875726866
322.474560203315
322.725244677142
322.975929153600
323.226613630064
323.477298103904
323.727982580378
323.978667056857
324.229351533339
324.480036007201
324.730720483694
324.981404960191
325.232089434068
325.482773910577
325.733458387088
325.984142860978
326.234827337502
326.485511814030
326.736196287934
326.986880764472
327.237565241015
327.488249714935
327.738934191488
327.989618668046
328.240303144607
328.490987618548
328.741672095120
328.992356571696
329.243041045650
329.493725522238
329.744409998830
329.995094472799
330.245778949401
330.496463426008
330.747147899992
330.997832376609
331.248516853231
331.499201329857
331.749885803861
332.000570280498
332.251254757139
332.501939231156
332.752623707807
333.003308184464
333.253992658497
333.504677135163
333.755361611834
334.006046085882
334.256730562563
334.507415039249
334.758099513311
335.008783990007
335.259468466708
335.510152943412
335.760837417496
336.011521894209
336.262206370930
336.512890845028
336.763575321757
337.014259798492
337.264944272606
337.515628749349
337.766313226099
338.016997700225
338.267682176985
338.518366653750
338.769051127891
339.019735604666
339.270420081443
339.521104558228
339.771789032390
340.022473509183
340.273157985982
340.523842460159
340.774526936967
341.025211413780
341.275895887972
341.526580364795
341.777264841623
342.027949315830
342.278633792667
342.529318269510
342.780002746357
343.030687220583
343.281371697441
343.532056174302
343.782740648543
344.033425125416
344.284109602292
344.534794076548
344.785478553434
345.036163030327
345.286847504597
345.537531981498
345.788216458405
346.038900932690
346.289585409606
346.540269886527
346.790954363452
347.041638837757
347.292323314694
347.543007791634
347.793692265953
348.044376742905
348.295061219859
348.545745694194
348.796430171160
349.047114648129
349.297799122478
349.548483599459
349.799168076443
350.049852550806
350.300537027800
350.551221504800
350.801905981806
351.052590456187
351.303274933202
351.553959410221
351.804643884619
352.055328361648
352.306012838681
352.556697313094
352.807381790138
353.058066267186
353.308750741613
353.559435218672
353.810119695735
354.060804172803
354.311488647250
354.562173124327
354.812857601411
355.063542075873
355.314226552964
355.564911030062
355.815595504539
356.066279981645
356.316964458758
356.567648933247
356.818333410370
357.069017887496
357.319702362001
357.570386839139
357.821071316279
358.071755793426
358.322440267951
358.573124745107
358.823809222268
359.074493696808
359.325178173978
359.575862651154
 69.0
    0.0
