 24.308601862962
 24.559286352207
 24.809970838823
 25.060655328064
 25.311339817302
 25.562024303910
 25.812708793142
 26.063393282372
 26.314077771600
 26.564762258196
 26.815446747417
 27.066131236636
 27.316815723224
 27.567500212437
 27.818184701646
 28.068869188227
 28.319553677430
 28.570238166633
 28.820922653205
 29.071607142400
 29.322291631594
 29.572976118158
 29.823660607344
 30.074345096529
 30.325029585712
 30.575714072263
 30.826398561438
 31.077083050612
 31.327767537157
 31.578452026323
 31.829136515489
 32.079821002025
 32.330505491183
 32.581189980340
 32.831874466868
 33.082558956018
 33.333243445166
 33.583927931685
 33.834612420827
 34.085296909967
 34.335981399102
 34.586665885610
 34.837350374742
 35.088034863869
 35.338719350368
 35.589403839491
 35.840088328610
 36.090772815100
 36.341457304215
 36.592141793325
 36.842826279807
 37.093510768912
 37.344195258015
 37.594879747113
 37.845564233584
 38.096248722679
 38.346933211769
 38.597617698231
 38.848302187317
 39.098986676399
 39.349671162852
 39.600355651930
 39.851040141003
 40.101724627448
 40.352409116517
 40.603093605581
 40.853778092018
 41.104462581078
 41.355147070134
 41.605831559188
 41.856516045613
 42.107200534660
 42.357885023706
 42.608569510121
 42.859253999161
 43.109938488197
 43.360622974604
 43.611307463636
 43.861991952663
 44.112676439062
 44.363360928085
 44.614045417103
 44.864729903493
 45.115414392507
 45.366098881517
 45.616783370525
 45.867467856904
 46.118152345905
 46.368836834905
 46.619521321275
 46.870205810267
 47.120890299258
 47.371574785620
 47.622259274603
 47.872943763586
 48.123628249938
 48.374312738913
 48.624997227887
 48.875681716856
 49.126366203197
 49.377050692158
 49.627735181120
 49.878419667452
 50.129104156409
 50.379788645362
 50.630473131685
 50.881157620629
 51.131842109574
 51.382526595888
 51.633211084827
 51.883895573763
 52.134580060069
 52.385264548995
 52.635949037922
 52.886633526846
 53.137318013140
 53.388002502058
 53.638686990970
 53.889371477255
 54.140055966165
 54.390740455071
 54.641424941347
 54.892109430248
 55.142793919142
 55.393478405410
 55.644162894301
 55.894847383190
 56.145531869449
 56.396216358328
 56.646900847208
 56.897585336085
 57.148269822332
 57.398954311203
 57.649638800068
 57.900323286306
 58.151007775168
 58.401692264027
 58.652376750256
 58.903061239109
 59.153745727956
 59.404430214177
 59.655114703021
 59.905799191862
 60.156483680700
 60.407168166909
 60.657852655738
 60.908537144567
 61.159221630767
 61.409906119591
 61.660590608408
 61.911275094598
 62.161959583413
 62.412644072224
 62.663328558406
 62.914013047212
 63.164697536011
 63.415382022184
 63.666066510980
 63.916750999774
 64.167435488564
 64.418119974725
 64.668804463507
 64.919488952288
 65.170173438440
 65.420857927216
 65.671542415988
 65.922226902129
 66.172911390894
 66.423595879658
 66.674280365792
 66.924964854549
 67.175649343304
 67.426333829426
 67.677018318174
 67.927702806920
 68.178387295662
 68.429071781773
 68.679756270508
 68.930440759242
 69.181125245345
 69.431809734073
 69.682494222797
 69.933178708890
 70.183863197607
 70.434547686322
 70.685232172408
 70.935916661117
 71.186601149823
 71.437285638523
 71.687970124597
 71.938654613294
 72.189339101988
 72.440023588051
 72.690708076739
 72.941392565422
 73.192077051477
 73.442761540156
 73.693446028832
 73.944130514877
 74.194815003545
 74.445499492212
 74.696183978247
 74.946868466908
 75.197552955565
 75.448237444218
 75.698921930243
 75.949606418891
 76.200290907537
 76.450975393551
 76.701659882190
 76.952344370825
 77.203028856831
 77.453713345461
 77.704397834087
 77.955082320084
 78.205766808705
 78.456451297321
 78.707135783308
 78.957820271919
 79.208504760528
 79.459189249133
 79.709873735108
 79.960558223707
 80.211242712303
 80.461927198268
 80.712611686858
 80.963296175444
 81.213980661400
 81.464665149981
 81.715349638558
 81.966034124506
 82.216718613078
 82.467403101645
 82.718087590211
 82.968772076145
 83.219456564704
 83.470141053260
 83.720825539187
 83.971510027735
 84.222194516280
 84.472879002198
 84.723563490738
 84.974247979276
 85.224932465182
 85.475616953713
 85.726301442242
 85.976985928139
 86.227670416661
 86.478354905180
 86.729039393696
 86.979723879580
 87.230408368090
 87.481092856596
 87.731777342471
 87.982461830970
 88.233146319467
 88.483830805335
 88.734515293824
 88.985199782312
 89.235884268170
 89.486568756650
 89.737253245129
 89.987937730977
 90.238622219448
 90.489306707917
 90.739991196383
 90.990675682217
 91.241360170677
 91.492044659132
 91.742729144959
 91.993413633408
 92.244098121855
 92.494782607672
 92.745467096111
 92.996151584549
 93.246836070357
 93.497520558787
 93.748205047215
 93.998889535640
 94.249574021434
 94.500258509853
 94.750942998267
 95.001627484053
 95.252311972462
 95.502996460867
 95.753680946643
 96.004365435043
 96.255049923438
 96.505734409205
 96.756418897596
 97.007103385982
 97.257787871739
 97.508472360120
 97.759156848496
 98.009841336871
 98.260525822614
 98.511210310982
 98.761894799346
 99.012579285081
 99.263263773440
 99.513948261794
 99.764632747520
100.015317235869
100.266001724213
100.516686209930
100.767370698269
101.018055186604
101.268739672311
101.519424160641
101.770108648966
102.020793137290
102.271477622984
102.522162111300
102.772846599614
103.023531085299
103.274215573605
103.524900061909
103.775584547583
104.026269035881
104.276953524176
104.527638009839
104.778322498128
105.029006986412
105.279691474694
105.530375960347
105.781060448621
106.031744936893
106.282429422536
106.533113910801
106.783798399064
107.034482884697
107.285167372952
107.535851861205
107.786536346829
108.037220835074
108.287905323318
108.538589808931
108.789274297167
109.039958785401
109.290643273630
109.541327759231
109.792012247455
110.042696735675
110.293381221266
110.544065709479
110.794750197691
111.045434683272
111.296119171476
111.546803659677
111.797488145249
112.048172633443
112.298857121635
112.549541607197
112.800226095381
113.050910583563
113.301595071741
113.552279557290
113.802964045462
114.053648533630
114.304333019169
114.555017507332
114.805701995490
115.056386481020
115.307070969173
115.557755457321
115.808439942841
116.059124430984
116.309808919122
116.560493407259
116.811177892764
117.061862380895
117.312546869020
117.563231354517
117.813915842637
118.064600330753
118.315284816240
118.565969304351
118.816653792457
119.067338277934
119.318022766035
119.568707254131
119.819391739598
120.070076227689
120.320760715775
120.571445203860
120.822129689314
121.072814177391
121.323498665465
121.574183150910
121.824867638976
122.075552127041
122.326236612474
122.576921100532
122.827605588587
123.078290074010
123.328974562058
123.579659050102
123.830343535517
124.081028023555
124.331712511589
124.582396999620
124.833081485022
125.083765973046
125.334450461068
125.585134946458
125.835819434473
126.086503922485
126.337188407865
126.587872895871
126.838557383873
127.089241869243
127.339926357238
127.590610845230
127.841295333218
128.091979818576
128.342664306557
128.593348794536
128.844033279883
129.094717767855
129.345402255824
129.596086741161
129.846771229123
130.097455717082
130.348140202409
130.598824690361
130.849509178310
131.100193663627
131.350878151570
131.601562639507
131.852247127442
132.102931612746
132.353616100675
132.604300588601
132.854985073895
133.105669561813
133.356354049729
133.607038535013
133.857723022921
134.108407510827
134.359091996101
134.609776483999
134.860460971893
135.111145457158
135.361829945046
135.612514432931
135.863198920813
136.113883406063
136.364567893938
136.615252381810
136.865936867051
137.116621354916
137.367305842778
137.617990328008
137.868674815863
138.119359303713
138.370043788935
138.620728276780
138.871412764620
139.122097252458
139.372781737666
139.623466225496
139.874150713324
140.124835198522
140.375519686342
140.626204174160
140.876888659346
141.127573147157
141.378257634965
141.628942120141
141.879626607942
142.130311095738
142.380995580906
142.631680068697
142.882364556483
143.133049044267
143.383733529421
143.634418017197
143.885102504971
144.135786990115
144.386471477880
144.637155965644
 69.0
69911.0
