326.261131807859
326.511816297177
326.762500783877
327.013185273212
327.263869762554
327.514554249278
327.765238738636
328.015923228002
328.266607717376
328.517292204131
328.767976693521
329.018661182920
329.269345669699
329.520030159113
329.770714648534
330.021399135338
330.272083624776
330.522768114222
330.773452601050
331.024137090511
331.274821579981
331.525506066833
331.776190556318
332.026875045812
332.277559535313
332.528244022197
332.778928511714
333.029613001240
333.280297488147
333.530981977689
333.781666467238
334.032350954169
334.283035443734
334.533719933308
334.784404420262
335.035088909851
335.285773399448
335.536457886427
335.787142376040
336.037826865661
336.288511355290
336.539195842300
336.789880331945
337.040564821598
337.291249308632
337.541933798301
337.792618287977
338.043302775036
338.293987264728
338.544671754429
338.795356241510
339.046040731227
339.296725220951
339.547409710683
339.798094197797
340.048778687545
340.299463177301
340.550147664438
340.800832154210
341.051516643990
341.302201131151
341.552885620946
341.803570110749
342.054254597934
342.304939087754
342.555623577581
342.806308064790
343.056992554633
343.307677044484
343.558361534343
343.809046021583
344.059730511459
344.310415001341
344.561099488605
344.811783978504
345.062468468410
345.313152955698
345.563837445620
345.814521935551
346.065206422862
346.315890912808
346.566575402761
346.817259890097
347.067944380066
347.318628870044
347.569313360030
347.819997847396
348.070682337398
348.321366827407
348.572051314797
348.822735804822
349.073420294856
349.324104782270
349.574789272318
349.825473762374
350.076158249813
350.326842739885
350.577527229965
350.828211720054
351.078896207523
351.329580697626
351.580265187738
351.830949675232
352.081634165359
352.332318655494
352.583003143011
352.833687633162
353.084372123321
353.335056610861
353.585741101036
353.836425591218
354.087110078783
354.337794568981
354.588479059187
354.839163549401
355.089848036997
355.340532527226
355.591217017464
355.841901505083
356.092585995337
356.343270485598
356.593954973241
356.844639463518
357.095323953802
357.346008441469
357.596692931769
357.847377422078
358.098061909768
358.348746400092
358.599430890424
358.850115380763
359.100799868484
359.351484358840
359.602168849204
359.852853336948
  0.103537827327
  0.354222317713
  0.604906805482
  0.855591295885
  1.106275786295
  1.356960274087
  1.607644764513
  1.858329254947
  2.109013745388
  2.359698233212
  2.610382723669
  2.861067214134
  3.111751701981
  3.362436192462
  3.613120682950
  3.863805170820
  4.114489661325
  4.365174151837
  4.615858639730
  4.866543130259
  5.117227620794
  5.367912108710
  5.618596599262
  5.869281089821
  6.119965580388
  6.370650068337
  6.621334558919
  6.872019049509
  7.122703537481
  7.373388028087
  7.624072518701
  7.874757006696
  8.125441497326
  8.376125987963
  8.626810475981
  8.877494966634
  9.128179457295
  9.378863945336
  9.629548436012
  9.880232926697
 10.130917417389
 10.381601905462
 10.632286396169
 10.882970886885
 11.133655374980
 11.384339865711
 11.635024356450
 11.885708844569
 12.136393335323
 12.387077826086
 12.637762314229
 12.888446805006
 13.139131295792
 13.389815786585
 13.640500274759
 13.891184765567
 14.141869256384
 14.392553744582
 14.643238235413
 14.893922726253
 15.144607214474
 15.395291705329
 15.645976196192
 15.896660684437
 16.147345175315
 16.398029666202
 16.648714154470
 16.899398645371
 17.150083136281
 17.400767627198
 17.651452115496
 17.902136606429
 18.152821097369
 18.403505585692
 18.654190076648
 18.904874567611
 19.155559055957
 19.406243546936
 19.656928037923
 19.907612526292
 20.158297017295
 20.408981508305
 20.659665996697
 20.910350487723
 21.161034978756
 21.411719469797
 21.662403958220
 21.913088449277
 22.163772940341
 22.414457428788
 22.665141919868
 22.915826410955
 23.166510899425
 23.417195390528
 23.667879881639
 23.918564370130
 24.169248861257
 24.419933352391
 24.670617843532
 24.921302332056
 25.171986823213
 25.422671314378
 25.673355802925
 25.924040294105
 26.174724785293
 26.425409273863
 26.676093765066
 26.926778256277
 27.177462744870
 27.428147236097
 27.678831727331
 27.929516215947
 28.180200707197
 28.430885198454
 28.681569689719
 28.932254178366
 29.182938669647
 29.433623160935
 29.684307649604
 29.934992140908
 30.185676632220
 30.436361120912
 30.687045612239
 30.937730103573
 31.188414592289
 31.439099083639
 31.689783574997
 31.940468063736
 32.191152555109
 32.441837046489
 32.692521537877
 32.943206026647
 33.193890518051
 33.444575009462
 33.695259498255
 33.945943989682
 34.196628481116
 34.447312969932
 34.697997461381
 34.948681952839
 35.199366441678
 35.450050933150
 35.700735424631
 35.951419916119
 36.202104404987
 36.452788896491
 36.703473388002
 36.954157876894
 37.204842368420
 37.455526859954
 37.706211348870
 37.956895840419
 38.207580331976
 38.458264820915
 38.708949312487
 38.959633804067
 39.210318293027
 39.461002784623
 39.711687276226
 39.962371767836
 40.213056256828
 40.463740748454
 40.714425240087
 40.965109729102
 41.215794220751
 41.466478712407
 41.717163201444
 41.967847693117
 42.218532184796
 42.469216673855
 42.719901165550
 42.970585657252
 43.221270146335
 43.471954638053
 43.722639129778
 43.973323621510
 44.224008110624
 44.474692602372
 44.725377094128
 44.976061583264
 45.226746075034
 45.477430566813
 45.728115055973
 45.978799547766
 46.229484039568
 46.480168528750
 46.730853020566
 46.981537512390
 47.232222004222
 47.482906493434
 47.733590985281
 47.984275477136
 48.234959966370
 48.485644458240
 48.736328950117
 48.987013439375
 49.237697931268
 49.488382423168
 49.739066912449
 49.989751404364
 50.240435896286
 50.491120385591
 50.741804877528
 50.992489369474
 51.243173861427
 51.493858350761
 51.744542842729
 51.995227334705
 52.245911824062
 52.496596316053
 52.747280808051
 52.997965297431
 53.248649789445
 53.499334281466
 53.750018770868
 54.000703262904
 54.251387754948
 54.502072244373
 54.752756736432
 55.003441228498
 55.254125720572
 55.504810210028
 55.755494702117
 56.006179194213
 56.256863683692
 56.507548175803
 56.758232667923
 57.008917157424
 57.259601649558
 57.510286141700
 57.760970631223
 58.011655123380
 58.262339615545
 58.513024107717
 58.763708597271
 59.014393089458
 59.265077581653
 59.515762071229
 59.766446563439
 60.017131055656
 60.267815545254
 60.518500037487
 60.769184529727
 61.019869019348
 61.270553511603
 61.521238003865
 61.771922493509
 62.022606985787
 62.273291478072
 62.523975970364
 62.774660460038
 63.025344952346
 63.276029444661
 63.526713934358
 63.777398426688
 64.028082919025
 64.278767408744
 64.529451901097
 64.780136393457
 65.030820883198
 65.281505375574
 65.532189867956
 65.782874357720
 66.033558850117
 66.284243342523
 66.534927834936
 66.785612324729
 67.036296817157
 67.286981309592
 67.537665799407
 67.788350291858
 68.039034784316
 68.289719274154
 68.540403766627
 68.791088259107
 69.041772748968
 69.292457241463
 69.543141733966
 69.793826226475
 70.044510716366
 70.295195208891
 70.545879701424
 70.796564191337
 71.047248683884
 71.297933176439
 71.548617666375
 71.799302158944
 72.049986651521
 72.300671141480
 72.551355634072
 72.802040126671
 73.052724616651
 73.303409109265
 73.554093601887
 73.804778094517
 74.055462584527
 74.306147077171
 74.556831569823
 74.807516059855
 75.058200552522
 75.308885045195
 75.559569535251
 75.810254027939
 76.060938520636
 76.311623010713
 76.562307503424
 76.812991996143
 77.063676486242
 77.314360978976
 77.565045471716
 77.815729964464
 78.066414454594
 78.317098947357
 78.567783440127
 78.818467930278
 79.069152423064
 79.319836915857
 79.570521406030
 79.821205898838
 80.071890391653
 80.322574881849
 80.573259374679
 80.823943867516
 81.074628360360
 81.325312850586
 81.575997343445
 81.826681836312
 82.077366326560
 82.328050819441
 82.578735312330
 82.829419802601
 83.080104295504
 83.330788788415
 83.581473278708
 83.832157771634
 84.082842264567
 84.333526754880
 84.584211247829
 84.834895740785
 85.085580233747
 85.336264724091
 85.586949217068
 85.837633710053
 86.088318200419
 86.339002693419
 86.589687186425
 68.0
