 2459579.5   3.498512385251   3.503613811740  -0.355251215277  -0.357204418413  3.223048 11.1 2459579.78023683      99.00000000
 2459580.5   3.502215993592   3.507324995043  -0.357718873165  -0.359670213691  3.210070 11.1 2459580.77809172      99.00000000
 2459581.5   3.505866313225   3.510983075449  -0.360173023131  -0.362122645355  3.197034 11.1 2459581.77593813      99.00000000
 2459582.5   3.509462321135   3.514586825356  -0.362613379260  -0.364561371684  3.183942 11.1 2459582.77377589      99.00000000
 2459583.5   3.513002911894   3.518134939422  -0.365039622606  -0.366985995009  3.170796 11.1 2459583.77160484      99.00000000
 2459584.5   3.516487117796   3.521626327531  -0.367451486061  -0.369396176845  3.157599 11.1 2459584.76942483      99.00000000
 2459585.5   3.519913887684   3.525059924394  -0.369848676561  -0.371791584251  3.144355 11.1 2459585.76723568      99.00000000
 2459586.5   3.523282297193   3.528434881386  -0.372230953343  -0.374171974451  3.131067 11.1 2459586.76503727      99.00000000
 2459587.5   3.526591319188   3.531750292125  -0.374598044945  -0.376537103400  3.117736 11.0 2459587.76282943      99.00000000
 2459588.5   3.529840035275   3.535005361839  -0.376949724470  -0.378886786529  3.104366 11.0 2459588.76061202      99.00000000
 2459589.5   3.533027407662   3.538199152719  -0.379285726267  -0.381220803211  3.090960 11.0 2459589.75838487      99.00000000
 2459590.5   3.536152497420   3.541330791798  -0.381605822193  -0.383538965056  3.077520 11.0 2459590.75614784      99.00000000
 2459591.5   3.539214238671   3.544399244073  -0.383909740035  -0.385841030782  3.064049 11.0 2459591.75390075      99.00000000
 2459592.5   3.542211661858   3.547403539237  -0.386197241162  -0.388126782305  3.050550 11.0 2459592.75164345      99.00000000
 2459593.5   3.545143667456   3.550342549430  -0.388468040040  -0.390395944080  3.037025 11.0 2459593.74937576      99.00000000
 2459594.5   3.548009251745   3.553215219843  -0.390721882307  -0.392648261000  3.023478 11.0 2459594.74709752      99.00000000
 2459595.5   3.550807278103   3.556020345346  -0.392958464363  -0.394883418583  3.009910 11.0 2459595.74480856      99.00000000
 2459596.5   3.553536704265   3.558756805478  -0.395177511103  -0.397101121638  2.996324 11.0 2459596.74250870      99.00000000
 2459597.5   3.556196350821   3.561423342748  -0.397378695047  -0.399301015924  2.982724 11.0 2459597.74019775      99.00000000
 2459598.5   3.558785130387   3.564018804192  -0.399561713576  -0.401482768998  2.969111 11.0 2459598.73787555      99.00000000
 2459599.5   3.561301814072   3.566541920089  -0.401726207671  -0.403645994240  2.955490 10.9 2459599.73554189      99.00000000
 2459600.5   3.563745263725   3.568991546793  -0.403871839029  -0.405790333410  2.941861 10.9 2459600.73319661      99.00000000
 2459601.5   3.566114197453   3.571366437494  -0.405998208843  -0.407915380875  2.928229 10.9 2459601.73083950      99.00000000
 2459602.5   3.568407425933   3.573665477378  -0.408104935324  -0.410020764566  2.914596 10.9 2459602.72847038      99.00000000
 2459603.5   3.570623617640   3.575887439322  -0.410191572916  -0.412106066550  2.900964 10.9 2459603.72608904      99.00000000
 2459604.5   3.572761539871   3.578031208014  -0.412257690599  -0.414170899012  2.887338 10.9 2459604.72369528      99.00000000
 2459605.5   3.574819824437   3.580095520919  -0.414302791935  -0.416214818538  2.873721 10.9 2459605.72128889      99.00000000
 2459606.5   3.576797214732   3.582079186275  -0.416326394862  -0.418237395456  2.860115 10.9 2459606.71886967      99.00000000
 2459607.5   3.578692333592   3.583980822615  -0.418327953675  -0.420238122303  2.846524 10.9 2459607.71643740      99.00000000
 2459608.5   3.580503938077   3.585799098023  -0.420306941885  -0.422216482342  2.832952 10.9 2459608.71399187      99.00000000
 2459609.5   3.582230689594   3.587532510131  -0.422262777585  -0.424171866635  2.819403 10.8 2459609.71153288      99.00000000
 2459610.5   3.583871413305   3.589179688863  -0.424194909872  -0.426103664254  2.805880 10.8 2459610.70906023      99.00000000
 2459611.5   3.585424863097   3.590739225420  -0.426102745877  -0.428011208189  2.792387 10.8 2459611.70657373      99.00000000
 2459612.5   3.586889975180   3.592209981201  -0.427985736530  -0.429893887009  2.778928 10.8 2459612.70407323      99.00000000
 2459613.5   3.588265618146   3.593590854305  -0.429843299374  -0.431751088247  2.765509 10.8 2459613.70155854      99.00000000
 2459614.5   3.589550836619   3.594880997137  -0.431674898644  -0.433582283307  2.752131 10.8 2459614.69902953      99.00000000
 2459615.5   3.590744590116   3.596079506678  -0.433479961898  -0.435386935015  2.738801 10.8 2459615.69648603      99.00000000
 2459616.5   3.591845996568   3.597185624851  -0.435257956324  -0.437164558276  2.725520 10.8 2459616.69392791      99.00000000
 2459617.5   3.592854071007   3.598198452554  -0.437008303516  -0.438914621615  2.712294 10.7 2459617.69135501      99.00000000
 2459618.5   3.593767976952   3.599117195339  -0.438730456707  -0.440636616116  2.699126 10.7 2459618.68876721      99.00000000
 2459619.5   3.594586768049   3.599940909531  -0.440423816883  -0.442329968683  2.686021 10.7 2459619.68616434      99.00000000
 2459620.5   3.595309646581   3.600668769374  -0.442087812354  -0.443994121160  2.672981 10.7 2459620.68354629      99.00000000
 2459621.5   3.595935705143   3.601299816388  -0.443721816058  -0.445628448772  2.660011 10.7 2459621.68091290      99.00000000
 2459622.5   3.596464188931   3.601833228653  -0.445325226554  -0.447232341902  2.647114 10.7 2459622.67826406      99.00000000
 2459623.5   3.596894234537   3.602268065615  -0.446897385217  -0.448805124548  2.634295 10.7 2459623.67559963      99.00000000
 2459624.5   3.597225133997   3.602603539941  -0.448437657509  -0.450346136748  2.621557 10.7 2459624.67291950      99.00000000
 2459625.5   3.597456069613   3.602838761981  -0.449945349025  -0.451854653363  2.608904 10.6 2459625.67022354      99.00000000
 2459626.5   3.597586379756   3.602973018441  -0.451419786440  -0.453329968950  2.596340 10.6 2459626.66751165      99.00000000
 2459627.5   3.597615290723   3.603005517208  -0.452860232162  -0.454771318653  2.583868 10.6 2459627.66478371      99.00000000
 2459628.5   3.597542186310   3.602935667411  -0.454265965364  -0.456177965883  2.571493 10.6 2459628.66203963      99.00000000
 2459629.5   3.597366339385   3.602762812902  -0.455636196118  -0.457549122741  2.559218 10.6 2459629.65927929      99.00000000
 2459630.5   3.597087188101   3.602486499411  -0.456970147940  -0.458884035164  2.547048 10.6 2459630.65650262      99.00000000
 2459631.5   3.596704069543   3.602106186617  -0.458266972928  -0.460181896180  2.534986 10.6 2459631.65370951      99.00000000
 2459632.5   3.596216503859   3.601621503584  -0.459525837317  -0.461441923700  2.523037 10.5 2459632.65089990      99.00000000
 2459633.5   3.595623929967   3.601031954426  -0.460745838567  -0.462663266329  2.511204 10.5 2459633.64807368      99.00000000
 2459634.5   3.594925996519   3.600337187183  -0.461926094508  -0.463845079219  2.499493 10.5 2459634.64523080      99.00000000
 2459635.5   3.594122297961   3.599536721411  -0.463065662467  -0.464986432165  2.487907 10.5 2459635.64237120      99.00000000
 2459636.5   3.593212670209   3.598630255170  -0.464163631985  -0.466086395898  2.476452 10.5 2459636.63949485      99.00000000
 2459637.5   3.592196924346   3.597617429288  -0.465219045616  -0.467143965088  2.465132 10.5 2459637.63660172      99.00000000
 2459638.5   3.591075143050   3.596498169357  -0.466230994419  -0.468158164824  2.453952 10.5 2459638.63369182      99.00000000
 2459639.5   3.589847406412   3.595272457031  -0.467198538513  -0.469127989814  2.442917 10.4 2459639.63076518      99.00000000
 2459640.5   3.588514082458   3.593940649162  -0.468120802266  -0.470052518544  2.432031 10.4 2459640.62782185      99.00000000
 2459641.5   3.587075539305   3.592503187330  -0.468996890511  -0.470930841959  2.421300 10.4 2459641.62486191      99.00000000
 2459642.5   3.585532427307   3.590960849343  -0.469825979785  -0.471762154676  2.410727 10.4 2459642.62188546      99.00000000
 2459643.5   3.583885380334   3.589314406465  -0.470607228250  -0.472545654878  2.400318 10.4 2459643.61889262      99.00000000
 2459644.5   3.582135296900   3.587564868014  -0.471339863806  -0.473280617489  2.390077 10.4 2459644.61588352      99.00000000
 2459645.5   3.580283039987   3.585713161710  -0.472023090783  -0.473966288578  2.380009 10.4 2459645.61285829      99.00000000
 2459646.5   3.578329725055   3.583760420365  -0.472656179120  -0.474601967037  2.370118 10.3 2459646.60981713      99.00000000
 2459647.5   3.576276422818   3.581707692975  -0.473238371363  -0.475186909729  2.360408 10.3 2459647.60676019      99.00000000
 2459648.5   3.574124454479   3.579556252209  -0.473768975118  -0.475720424674  2.350884 10.3 2459648.60368768      99.00000000
 2459649.5   3.571875095213   3.577307308196  -0.474247270877  -0.476201781362  2.341549 10.3 2459649.60059980      99.00000000
 2459650.5   3.569529872982   3.574962316027  -0.474672607169  -0.476630307816  2.332408 10.3 2459650.59749679      99.00000000
 2459651.5   3.567090269243   3.572522682918  -0.475044307880  -0.477005300134  2.323464 10.3 2459651.59437889      99.00000000
 2459652.5   3.564558018357   3.569990075195  -0.475361768623  -0.477326120635  2.314721 10.2 2459652.59124638      99.00000000
 2459653.5   3.561934803812   3.567366123289  -0.475624362041  -0.477592106387  2.306184 10.2 2459653.58809951      99.00000000
 2459654.5   3.559222557546   3.564652733130  -0.475831534248  -0.477802669963  2.297855 10.2 2459654.58493859      99.00000000
 2459655.5   3.556423152760   3.561851791042  -0.475982707375  -0.477957208752  2.289739 10.2 2459655.58176393      99.00000000
 2459656.5   3.553538705690   3.558965474565  -0.476077376254  -0.478055208805  2.281840 10.2 2459656.57857587      99.00000000
 2459657.5   3.550571269417   3.555995943929  -0.476115009374  -0.478096151871  2.274160 10.2 2459657.57537473      99.00000000
 2459658.5   3.547523143138   3.552945633816  -0.476095148241  -0.478079615119  2.266704 10.1 2459658.57216088      99.00000000
 2459659.5   3.544396571804   3.549816919441  -0.476017309961  -0.478005166885  2.259474 10.1 2459659.56893467      99.00000000
 2459660.5   3.541194065072   3.546612397053  -0.475881092546  -0.477872457493  2.252475 10.1 2459660.56569650      99.00000000
 2459661.5   3.537918101449   3.543334558191  -0.475686081242  -0.477681109042  2.245711 10.1 2459661.56244676      99.00000000
 2459662.5   3.534571451367   3.539986105711  -0.475431959947  -0.477430813575  2.239184 10.1 2459662.55918588      99.00000000
 2459663.5   3.531156878203   3.536569672120  -0.475118419294  -0.477121237116  2.232898 10.1 2459663.55591428      99.00000000
 2459664.5   3.527677457380   3.533088175192  -0.474745270836  -0.476752139085  2.226858 10.1 2459664.55263246      99.00000000
 2459665.5   3.524136268338   3.529544551874  -0.474312353167  -0.476323291665  2.221066 10.0 2459665.54934089      99.00000000
 2459666.5   3.520536705840   3.525942106474  -0.473819645649  -0.475834609615  2.215526 10.0 2459666.54604011      99.00000000
 2459667.5   3.516882161490   3.522284212981  -0.473267170067  -0.475286067279  2.210242 10.0 2459667.54273067      99.00000000
 2459668.5   3.513176326759   3.518574619447  -0.472655101961  -0.474677819465  2.205216 10.0 2459668.53941315      99.00000000
 2459669.5   3.509422864990   3.514817100880  -0.471983666252  -0.474010099265  2.200452 10.0 2459669.53608812      99.00000000
 2459670.5   3.505625707997   3.511015724641  -0.471253245110  -0.473283319669  2.195952 10.0 2459670.53275622      99.00000000
 2459671.5   3.501788722622   3.507174482820  -0.470464267395  -0.472497951944  2.191720  9.9 2459671.52941805      99.00000000
 2459672.5   3.497916006224   3.503297562780  -0.469617314088  -0.471654618430  2.187757  9.9 2459672.52607426      99.00000000
 2459673.5   3.494011554271   3.499389003046  -0.468713003875  -0.470753968813  2.184065  9.9 2459673.52272547      99.00000000
 2459674.5   3.490079559998   3.495452995494  -0.467752099113  -0.469796781052  2.180647  9.9 2459674.51937234      99.00000000
 2459675.5   3.486124086676   3.491493567644  -0.466735390460  -0.468783845865  2.177504  9.9 2459675.51601550      99.00000000
 2459676.5   3.482149372027   3.487514900570  -0.465663805389  -0.467716077396  2.174637  9.9 2459676.51265563      99.00000000
 2459677.5   3.478159503949   3.483521015981  -0.464538292771  -0.466594401489  2.172049  9.9 2459677.50929335      99.00000000
 2459678.5   3.474158726698   3.479516091906  -0.463359933625  -0.465419869523  2.169739  9.9 2459678.50592934      99.00000000
 2459679.5   3.470151117171   3.475504145552  -0.462129824671  -0.464193545103  2.167710  9.9 2459679.50256424 2459680.49919870
 2459680.5   3.466140889930   3.471489345260  -0.460849189795  -0.462916618071  2.165961  9.9 2459681.49583339      99.00000000
 2459681.5   3.462132072469   3.467475692979  -0.459519261085  -0.461590289119  2.164493  9.8 2459682.49246892      99.00000000
 2459682.5   3.458128808346   3.463467337275  -0.458141389630  -0.460215884976  2.163307  9.8 2459683.48910596      99.00000000
 2459683.5   3.454135032736   3.459468258329  -0.456716923292  -0.458794742453  2.162403  9.8 2459684.48574509      99.00000000
 2459684.5   3.450154776539   3.455482578142  -0.455247316915  -0.457328324796  2.161780  9.8 2459685.48238697      99.00000000
 2459685.5   3.446191847548   3.451514235322  -0.453734008451  -0.455818101746  2.161440  9.8 2459686.47903217      99.00000000
 2459686.5   3.442250141939   3.447567272779  -0.452178531803  -0.454265659039  2.161381  9.8 2459687.47568131      99.00000000
 2459687.5   3.438333337497   3.443645489131  -0.450582396161  -0.452672565218  2.161603  9.8 2459688.47233493      99.00000000
 2459688.5   3.434445215215   3.439752716296  -0.448947206423  -0.451040471819  2.162107  9.8 2459689.46899365      99.00000000
 2459689.5   3.430589361509   3.435892496634  -0.447274548981  -0.449370980412  2.162891  9.8 2459690.46565798      99.00000000
 2459690.5   3.426769489522   3.432068415917  -0.445566118883  -0.447665761672  2.163955  9.8 2459691.46232854      99.00000000
 2459691.5   3.422989136258   3.428283843428  -0.443823607015  -0.445926450202  2.165300  9.9 2459692.45900584      99.00000000
 2459692.5   3.419251970360   3.424542294416  -0.442048826045  -0.444154788726  2.166924  9.9 2459693.45569050      99.00000000
 2459693.5   3.415561477391   3.420847157215  -0.440243591608  -0.442352529873  2.168827  9.9 2459694.45238303      99.00000000
 2459694.5   3.411921254399   3.417202006753  -0.438409842279  -0.440521570906  2.171007  9.9 2459695.44908401      99.00000000
 2459695.5   3.408334689411   3.413610279342  -0.436549513789  -0.438663834584  2.173464  9.9 2459696.44579396      99.00000000
 2459696.5   3.404805250261   3.410075542092  -0.434664654452  -0.436781383048  2.176196  9.9 2459697.44251342      99.00000000
 2459697.5   3.401336165204   3.406601146191  -0.432757295145  -0.434876281069  2.179201  9.9 2459698.43924288      99.00000000
 2459698.5   3.397930710601   3.403190487899  -0.430829562606  -0.432950699387  2.182479  9.9 2459699.43598285      99.00000000
 2459699.5   3.394591895955   3.399846671168  -0.428883547367  -0.431006772591  2.186026  9.9 2459700.43273375      99.00000000
 2459700.5   3.391322752539   3.396572783126  -0.426921416511  -0.429046703164  2.189841 10.0 2459701.42949608      99.00000000
 2459701.5   3.388126024864   3.393371581372  -0.424945281261  -0.427072623847  2.193921 10.0 2459702.42627022      99.00000000
 2459702.5   3.385004461633   3.390245790131  -0.422957310651  -0.425086709426  2.198263 10.0 2459703.42305659      99.00000000
 2459703.5   3.381960514632   3.387197809131  -0.420959600397  -0.423091047173  2.202866 10.0 2459704.41985553      99.00000000
 2459704.5   3.378996631795   3.384230019455  -0.418954288511  -0.421087755736  2.207724 10.0 2459705.41666744      99.00000000
 2459705.5   3.376114962480   3.381344499926  -0.416943426143  -0.419078860261  2.212837 10.0 2459706.41349260      99.00000000
 2459706.5   3.373317650595   3.378543329784  -0.414929094957  -0.417066413547  2.218199 10.0 2459707.41033135      99.00000000
 2459707.5   3.370606544029   3.375828304821  -0.412913279400  -0.415052371874  2.223808 10.1 2459708.40718395      99.00000000
 2459708.5   3.367983485510   3.373201234568  -0.410897984668  -0.413038715920  2.229661 10.1 2459709.40405069      99.00000000
 2459709.5   3.365450024623   3.370663659942  -0.408885109320  -0.411027326739  2.235754 10.1 2459710.40093177      99.00000000
 2459710.5   3.363007705598   3.368217148094  -0.406876562634  -0.409020106840  2.242082 10.1 2459711.39782744      99.00000000
 2459711.5   3.360657782548   3.365863013593  -0.404874137007  -0.407018857244  2.248643 10.1 2459712.39473785      99.00000000
 2459712.5   3.358401506390   3.363602607500  -0.402879624728  -0.405025398105  2.255433 10.1 2459713.39166321      99.00000000
 2459713.5   3.356239847490   3.361437030186  -0.400894691651  -0.403041443103  2.262447 10.2 2459714.38860364      99.00000000
 2459714.5   3.354173787321   3.359367396044  -0.398920996322  -0.401068711747  2.269682 10.2 2459715.38555929      99.00000000
 2459715.5   3.352204054230   3.357394524702  -0.396960069600  -0.399108792883  2.277134 10.2 2459716.38253023      99.00000000
 2459716.5   3.350331422514   3.355519195210  -0.395013440977  -0.397163248671  2.284800 10.2 2459717.37951660      99.00000000
 2459717.5   3.348556457581   3.353741872415  -0.393082527188  -0.395233486149  2.292676 10.2 2459718.37651845      99.00000000
 2459718.5   3.346879810586   3.352063029481  -0.391168763953  -0.393320888654  2.300759 10.2 2459719.37353590      99.00000000
 2459719.5   3.345301955944   3.350482948752  -0.389273496383  -0.391426725392  2.309044 10.2 2459720.37056900      99.00000000
 2459720.5   3.343823466290   3.349002062386  -0.387398105414  -0.389552305507  2.317529 10.3 2459721.36761786      99.00000000
 2459721.5   3.342444735992   3.347620711121  -0.385543890662  -0.387698882869  2.326209 10.3 2459722.36468252      99.00000000
 2459722.5   3.341166241072   3.346339402724  -0.383712187161  -0.385867780788  2.335082 10.3 2459723.36176306      99.00000000
 2459723.5   3.339988260542   3.345158506898  -0.381904242302  -0.384060264956  2.344142 10.3 2459724.35885952      99.00000000
 2459724.5   3.338911134008   3.344078480195  -0.380121328014  -0.382277645134  2.353387 10.3 2459725.35597194      99.00000000
 2459725.5   3.337934989815   3.343099565336  -0.378364617648  -0.380521140716  2.362812 10.3 2459726.35310032      99.00000000
 2459726.5   3.337060004447   3.342222030976  -0.376635297852  -0.378791982844  2.372413 10.4 2459727.35024471      99.00000000
 2459727.5   3.336286137924   3.341445895408  -0.374934447795  -0.377091286751  2.382187 10.4 2459728.34740505      99.00000000
 2459728.5   3.335613393724   3.340771182639  -0.373263151490  -0.375420159703  2.392127 10.4 2459729.34458135      99.00000000
 2459729.5   3.335041559783   3.340197664923  -0.371622379425  -0.373779580991  2.402231 10.4 2459730.34177355      99.00000000
 2459730.5   3.334570467745   3.339725128824  -0.370013101076  -0.372170514876  2.412494 10.4 2459731.33898163      99.00000000
 2459731.5   3.334199738796   3.339353130450  -0.368436168868  -0.370593797050  2.422912 10.4 2459732.33620550      99.00000000
 2459732.5   3.333929041805   3.339081265042  -0.366892430812  -0.369050250837  2.433479 10.5 2459733.33344512      99.00000000
 2459733.5   3.333757843431   3.338908927595  -0.365382616840  -0.367540577812  2.444193 10.5 2459734.33070038      99.00000000
 2459734.5   3.333685664450   3.338835578600  -0.363907451381  -0.366065474328  2.455047 10.5 2459735.32797120      99.00000000
 2459735.5   3.333711833074   3.338860504238  -0.362467541743  -0.364625523557  2.466038 10.5 2459736.32525747      99.00000000
 2459736.5   3.333835738409   3.338983075683  -0.361063490010  -0.363221310414  2.477161 10.5 2459737.32255909      99.00000000
 2459737.5   3.334056585956   3.339202508757  -0.359695782767  -0.361853314205  2.488412 10.5 2459738.31987593      99.00000000
 2459738.5   3.334373647748   3.339518117861  -0.358364901557  -0.360522021745  2.499787 10.5 2459739.31720787      99.00000000
 2459739.5   3.334786020311   3.339929075423  -0.357071213504  -0.359227820657  2.511281 10.6 2459740.31455476      99.00000000
 2459740.5   3.335292873012   3.340434657207  -0.355815080369  -0.357971109658  2.522890 10.6 2459741.31191648      99.00000000
 2459741.5   3.335893211305   3.341033991615  -0.354596751041  -0.356752188876  2.534610 10.6 2459742.30929285      99.00000000
 2459742.5   3.336586127548   3.341726282022  -0.353416471314  -0.355571360766  2.546437 10.6 2459743.30668374      99.00000000
 2459743.5   3.337370574029   3.342510537482  -0.352274381613  -0.354428811232  2.558367 10.6 2459744.30408896      99.00000000
 2459744.5   3.338245619038   3.343385789183  -0.351170631262  -0.353324703160  2.570396 10.6 2459745.30150838      99.00000000
 2459745.5   3.339210227399   3.344350860834  -0.350105283837  -0.352259068354  2.582522 10.6 2459746.29894182      99.00000000
 2459746.5   3.340263512518   3.345404660679  -0.349078434519  -0.351231930470  2.594739 10.7 2459747.29638916      99.00000000
 2459747.5   3.341404509185   3.346546030034  -0.348090116608  -0.350243237415  2.607046 10.7 2459748.29385025      99.00000000
 2459748.5   3.342632406748   3.347774046302  -0.347140411962  -0.349293003621  2.619439 10.7 2459749.29132497      99.00000000
 2459749.5   3.343946307221   3.349087806823  -0.346229349599  -0.348381228883  2.631914 10.7 2459750.28881318      99.00000000
 2459750.5   3.345345444437   3.350486627420  -0.345357005440  -0.347507999080  2.644467 10.7 2459751.28631478      99.00000000
 2459751.5   3.346828940655   3.351969755087  -0.344523395712  -0.346673367299  2.657097 10.7 2459752.28382961      99.00000000
 2459752.5   3.348396026267   3.353536547049  -0.343728572713  -0.345877433728  2.669799 10.7 2459753.28135757      99.00000000
 2459753.5   3.350045804693   3.355186209033  -0.342972519982  -0.345120228277  2.682569 10.7 2459754.27889850      99.00000000
 2459754.5   3.351777476289   3.356918007539  -0.342255248779  -0.344401799302  2.695404 10.8 2459755.27645228      99.00000000
 2459755.5   3.353590110384   3.358731039542  -0.341576696938  -0.343722108986  2.708301 10.8 2459756.27401875      99.00000000
 2459756.5   3.355482870344   3.360624460997  -0.340936825998  -0.343081129446  2.721255 10.8 2459757.27159779      99.00000000
 2459757.5   3.357454789466   3.362597268465  -0.340335522767  -0.342478745011  2.734263 10.8 2459758.26918922      99.00000000
 2459758.5   3.359504994880   3.364648530979  -0.339772695972  -0.341914850495  2.747322 10.8 2459759.26679293      99.00000000
 2459759.5   3.361632485882   3.366777177220  -0.339248179651  -0.341389257297  2.760428 10.8 2459760.26440873      99.00000000
 2459760.5   3.363836356191   3.368982227989  -0.338761828824  -0.340901792368  2.773578 10.8 2459761.26203650      99.00000000
 2459761.5   3.366115574595   3.371262586733  -0.338313424501  -0.340452207232  2.786767 10.8 2459762.25967605      99.00000000
 2459762.5   3.368469205735   3.373617269651  -0.337902768360  -0.340040276598  2.799993 10.9 2459763.25732726      99.00000000
 2459763.5   3.370896193009   3.376045195539  -0.337529589385  -0.339665708808  2.813251 10.9 2459764.25498995      99.00000000
 2459764.5   3.373395577814   3.378545410143  -0.337193637494  -0.339328242527  2.826539 10.9 2459765.25266398      99.00000000
 2459765.5   3.375966284371   3.381116873102  -0.336894591629  -0.339027557391  2.839853 10.9 2459766.25034917      99.00000000
 2459766.5   3.378607337284   3.383758675236  -0.336632152119  -0.338763367906  2.853189 10.9 2459767.24804537      99.00000000
 2459767.5   3.381317648341   3.386469821029  -0.336405950029  -0.338535333457  2.866546 10.9 2459768.24575241      99.00000000
 2459768.5   3.384096233242   3.389249435896  -0.336215638357  -0.338343148102  2.879918 10.9 2459769.24347015      99.00000000
 2459769.5   3.386942001969   3.392096537958  -0.336060803226  -0.338186447140  2.893305 10.9 2459770.24119839      99.00000000
 2459770.5   3.389853977368   3.395010228241  -0.335941055257  -0.338064888568  2.906701 10.9 2459771.23893700      99.00000000
 2459771.5   3.392831092033   3.397989452465  -0.335855944658  -0.337978053144  2.920106 11.0 2459772.23668580      99.00000000
 2459772.5   3.395872410967   3.401033196955  -0.335805055201  -0.337925521736  2.933516 11.0 2459773.23444464      99.00000000
 2459773.5   3.398976934007   3.404140294228  -0.335787924786  -0.337906787227  2.946929 11.0 2459774.23221337      99.00000000
 2459774.5   3.402143816636   3.407309692110  -0.335804141224  -0.337921359146  2.960342 11.0 2459775.22999187      99.00000000
 2459775.5   3.405372166776   3.410540327646  -0.335853263792  -0.337968712347  2.973754 11.0 2459776.22777999      99.00000000
 2459776.5   3.408661251261   3.413831397645  -0.335934913364  -0.338048408510  2.987162 11.0 2459777.22557765      99.00000000
 2459777.5   3.412010279211   3.417182155691  -0.336048687497  -0.338160029199  3.000563 11.0 2459778.22338471      99.00000000
 2459778.5   3.415418596061   3.420592070451  -0.336194241293  -0.338303253570  3.013956 11.0 2459779.22120109      99.00000000
 2459779.5   3.418885464051   3.424060550745  -0.336371197925  -0.338477752116  3.027339 11.0 2459780.21902666      99.00000000
 2459780.5   3.422410257447   3.427587096879  -0.336579226193  -0.338683245567  3.040708 11.0 2459781.21686133      99.00000000
 2459781.5   3.425992250476   3.431171066626  -0.336817953101  -0.338919404857  3.054061 11.0 2459782.21470498      99.00000000
 2459782.5   3.429630818117   3.434811872755  -0.337087042736  -0.339185924109  3.067396 11.1 2459783.21255752      99.00000000
 2459783.5   3.433325230611   3.438508783451  -0.337386112703  -0.339482436190  3.080710 11.1 2459784.21041882      99.00000000
 2459784.5   3.437074856481   3.442261134658  -0.337714814044  -0.339808593856  3.094001 11.1 2459785.20828879      99.00000000
 2459785.5   3.440878959810   3.446068136108  -0.338072750224  -0.340163990921  3.107266 11.1 2459786.20616730      99.00000000
 2459786.5   3.444736902587   3.449929082325  -0.338459556643  -0.340548243932  3.120502 11.1 2459787.20405426      99.00000000
 2459787.5   3.448647942901   3.453843159018  -0.338874820991  -0.340960915172  3.133708 11.1 2459788.20194954      99.00000000
 2459788.5   3.452611435875   3.457809653138  -0.339318161620  -0.341401593902  3.146879 11.1 2459789.19985305      99.00000000
 2459789.5   3.456626632665   3.461827760994  -0.339789148909  -0.341869821422  3.160015 11.1 2459790.19776467      99.00000000
 2459790.5   3.460692880445   3.465896797393  -0.340287382487  -0.342365172215  3.173112 11.1 2459791.19568429      99.00000000
 2459791.5   3.464809422756   3.470016002815  -0.340812413794  -0.342887180674  3.186168 11.1 2459792.19361180      99.00000000
 2459792.5   3.468975599166   3.474184746993  -0.341363822423  -0.343435420752  3.199180 11.1 2459793.19154710      99.00000000
 2459793.5   3.473190647341   3.478402330037  -0.341941140123  -0.344009432347  3.212146 11.1 2459794.18949006      99.00000000
 2459794.5   3.477453902671   3.482668176409  -0.342543926461  -0.344608797394  3.225065 11.1 2459795.18744059      99.00000000
 2459795.5   3.481764602192   3.486981627337  -0.343171694366  -0.345233063968  3.237933 11.2 2459796.18539856      99.00000000
 2459796.5   3.486122084535   3.491342124270  -0.343823985266  -0.345881817220  3.250748 11.2 2459797.18336387      99.00000000
 2459797.5   3.490525596324   3.495748993103  -0.344500296465  -0.346554599793  3.263509 11.2 2459798.18133640      99.00000000
 2459798.5   3.494974493675   3.500201620726  -0.345200156400  -0.347250976610  3.276213 11.2 2459799.17931606      99.00000000
 2459799.5   3.499468052469   3.504699242788  -0.345923054827  -0.347970452683  3.288859 11.2 2459800.17730271      99.00000000
 2459800.5   3.504005672505   3.509241140090  -0.346668519335  -0.348712538522  3.301446 11.2 2459801.17529628      99.00000000
 2459801.5   3.508586691037   3.513826471666  -0.347436049030  -0.349476680987  3.313970 11.2 2459802.17329664      99.00000000
 2459802.5   3.513210586069   3.518454530283  -0.348225191678  -0.350262351474  3.326432 11.2 2459803.17130374      99.00000000
 2459803.5   3.517876786120   3.523124619061  -0.349035478137  -0.351069005055  3.338830 11.2 2459804.16931749      99.00000000
 2459804.5   3.522584863925   3.527836292422  -0.349866495470  -0.351896180487  3.351161 11.2 2459805.16733783      99.00000000
 2459805.5   3.527334335587   3.532589154312  -0.350717817031  -0.352743445171  3.363426 11.2 2459806.16536468      99.00000000
 2459806.5   3.532124843896   3.537382996985  -0.351589068513  -0.353610456636  3.375622 11.2 2459807.16339801      99.00000000
 2459807.5   3.536955953058   3.542217537051  -0.352479854356  -0.354496871445  3.387748 11.2 2459808.16143773      99.00000000
 2459808.5   3.541827332025   3.547092556724  -0.353389820730  -0.355402388829  3.399802 11.2 2459809.15948381      99.00000000
 2459809.5   3.546738554394   3.552007687683  -0.354318583462  -0.356326666110  3.411782 11.2 2459810.15753616      99.00000000
 2459810.5   3.551689287241   3.556962604263  -0.355265792109  -0.357269377812  3.423687 11.2 2459811.15559474      99.00000000
 2459811.5   3.556679096867   3.561956841879  -0.356231061390  -0.358230147751  3.435515 11.2 2459812.15365947      99.00000000
 2459812.5   3.561707640780   3.566990002877  -0.357214036390  -0.359208616853  3.447264 11.2 2459813.15173030      99.00000000
 2459813.5   3.566774475788   3.572061575495  -0.358214326415  -0.360204380215  3.458932 11.2 2459814.14980715      99.00000000
 2459814.5   3.571879250047   3.577171134749  -0.359231569942  -0.361217054549  3.470517 11.2 2459815.14788997      99.00000000
 2459815.5   3.577021511258   3.582318157948  -0.360265369646  -0.362246215772  3.482018 11.3 2459816.14597869      99.00000000
 2459816.5   3.582200897613   3.587502223608  -0.361315356224  -0.363291465286  3.493433 11.3 2459817.14407325      99.00000000
 2459817.5   3.587416945693   3.592722827584  -0.362381124100  -0.364352369110  3.504760 11.3 2459818.14217356      99.00000000
 2459818.5   3.592669280641   3.597979581999  -0.363462293996  -0.365428524353  3.515996 11.3 2459819.14027960      99.00000000
 2459819.5   3.597957424495   3.603272029992  -0.364558449474  -0.366519500438  3.527141 11.3 2459820.13839126      99.00000000
 2459820.5   3.603280986694   3.608599838504  -0.365669198663  -0.367624904708  3.538193 11.3 2459821.13650850      99.00000000
 2459821.5   3.608639473950   3.613962603079  -0.366794112191  -0.368744322899  3.549149 11.3 2459822.13463124      99.00000000
 2459822.5   3.614032482101   3.619360027109  -0.367932784634  -0.369877379979  3.560008 11.3 2459823.13275941      99.00000000
 2459823.5   3.619459508134   3.624791713936  -0.369084774306  -0.371023676185  3.570769 11.3 2459824.13089294      99.00000000
 2459824.5   3.624920143683   3.630257337150  -0.370249664753  -0.372182841092  3.581430 11.3 2459825.12903176      99.00000000
 2459825.5   3.630413889129   3.635756431901  -0.371427006539  -0.373354465891  3.591990 11.3 2459826.12717578      99.00000000
 2459826.5   3.635940348614   3.641288573772  -0.372616378864  -0.374538154280  3.602447 11.3 2459827.12532496      99.00000000
 2459827.5   3.641499046016   3.646853190375  -0.373817333403  -0.375733457318  3.612800 11.3 2459828.12347919      99.00000000
 2459828.5   3.647089621156   3.652449771547  -0.375029456099  -0.376939930406  3.623048 11.3 2459829.12163844      99.00000000
 2459829.5   3.652711646604   3.658077720184  -0.376252312897  -0.378157082564  3.633191 11.3 2459830.11980264      99.00000000
 2459830.5   3.658364822831   3.663736596874  -0.377485510989  -0.379384450748  3.643227 11.3 2459831.11797173      99.00000000
 2459831.5   3.664048791884   3.669425980818  -0.378728644850  -0.380621566766  3.653155 11.3 2459832.11614568      99.00000000
 2459832.5   3.669763326521   3.675145681935  -0.379981354470  -0.381868035544  3.662975 11.3 2459833.11432445      99.00000000
 2459833.5   3.675508136384   3.680895530888  -0.381243268970  -0.383123488959  3.672686 11.3 2459834.11250801      99.00000000
 2459834.5   3.681283049681   3.686675514010  -0.382514059988  -0.384387634192  3.682286 11.3 2459835.11069633      99.00000000
 2459835.5   3.687087814610   3.692485521337  -0.383793382919  -0.385660179391  3.691775 11.3 2459836.10888937      99.00000000
 2459836.5   3.692922279903   3.698325491854  -0.385080927548  -0.386940866410  3.701151 11.3 2459837.10708712      99.00000000
 2459837.5   3.698786198689   3.704195207546  -0.386376360197  -0.388229400915  3.710414 11.3 2459838.10528951      99.00000000
 2459838.5   3.704679413363   3.710094488265  -0.387679374709  -0.389525498480  3.719562 11.3 2459839.10349654      99.00000000
 2459839.5   3.710601664087   3.716023017565  -0.388989637430  -0.390828830680  3.728594 11.3 2459840.10170814      99.00000000
 2459840.5   3.716552777323   3.721980548213  -0.390306839052  -0.392139080180  3.737509 11.3 2459841.09992430      99.00000000
 2459841.5   3.722532476594   3.727966725258  -0.391630641905  -0.393455891969  3.746304 11.3 2459842.09814497      99.00000000
 2459842.5   3.728540571943   3.733981284275  -0.392960731634  -0.394778927893  3.754980 11.3 2459843.09637011      99.00000000
 2459843.5   3.734576770575   3.740023868264  -0.394296765705  -0.396107817797  3.763534 11.3 2459844.09459968      99.00000000
 2459844.5   3.740640865634   3.746094223020  -0.395638424023  -0.397442212268  3.771965 11.3 2459845.09283365      99.00000000
 2459845.5   3.746732545832   3.752192013822  -0.396985358043  -0.398781734913  3.780273 11.3 2459846.09107197      99.00000000
 2459846.5   3.752851583423   3.758317021354  -0.398337240015  -0.400126035399  3.788454 11.3 2459847.08931460      99.00000000
 2459847.5   3.758997643329   3.764468956439  -0.399693712719  -0.401474744376  3.796509 11.3 2459848.08756149      99.00000000
 2459848.5   3.765170471526   3.770647648772  -0.401054437669  -0.402827526363  3.804436 11.3 2459849.08581260      99.00000000
 2459849.5   3.771369705353   3.776852847450  -0.402419046129  -0.404184034003  3.812233 11.3 2459850.08406788      99.00000000
 2459850.5   3.777595064268   3.783084391093  -0.403787187137  -0.405543954784  3.819900 11.3 2459851.08232728      99.00000000
 2459851.5   3.783846163012   3.789341991759  -0.405158480705  -0.406906958038  3.827435 11.3 2459852.08059074      99.00000000
 2459852.5   3.790122705673   3.795625400177  -0.406532566333  -0.408272732144  3.834837 11.3 2459853.07885821      99.00000000
 2459853.5   3.796424301451   3.801934202357  -0.407909058619  -0.409640927504  3.842106 11.3 2459854.07712962      99.00000000
 2459854.5   3.802750660706   3.808268014759  -0.409287595951  -0.411011194285  3.849240 11.3 2459855.07540493      99.00000000
 2459855.5   3.809101411205   3.814626319083  -0.410667797799  -0.412383134860  3.856239 11.3 2459856.07368407      99.00000000
 2459856.5   3.815476293899   3.821008692828  -0.412049312648  -0.413756353872  3.863103 11.3 2459857.07196701      99.00000000
 2459857.5   3.821874977516   3.827414665433  -0.413431776022  -0.415130426255  3.869830 11.3 2459858.07025369      99.00000000
 2459858.5   3.828297252212   3.833843949861  -0.414814856768  -0.416504958345  3.876420 11.3 2459859.06854408      99.00000000
 2459859.5   3.834742840644   3.840296275292  -0.416198214947  -0.417879562561  3.882873 11.3 2459860.06683815      99.00000000
 2459860.5   3.841211587672   3.846771574189  -0.417581545529  -0.419253913649  3.889189 11.2 2459861.06513588      99.00000000
 2459861.5   3.847703266356   3.853269759804  -0.418964535262  -0.420627710149  3.895366 11.2 2459862.06343724      99.00000000
 2459862.5   3.854217763281   3.859790868225  -0.420346903220  -0.422000708930  3.901404 11.2 2459863.06174222      99.00000000
 2459863.5   3.860754880740   3.866334818739  -0.421728356764  -0.423372668333  3.907304 11.2 2459864.06005077      99.00000000
 2459864.5   3.867314520856   3.872901573257  -0.423108629909  -0.424743371637  3.913063 11.2 2459865.05836289      99.00000000
 2459865.5   3.873896488141   3.879490935286  -0.424487439997  -0.426112573137  3.918682 11.2 2459866.05667854      99.00000000
 2459866.5   3.880500676418   3.886102750014  -0.425864525664  -0.427480031087  3.924159 11.2 2459867.05499770      99.00000000
 2459867.5   3.887126874306   3.892736729142  -0.427239605624  -0.428845467266  3.929494 11.2 2459868.05332034      99.00000000
 2459868.5   3.893774955663   3.899392659809  -0.428612416920  -0.430208608320  3.934685 11.2 2459869.05164642      99.00000000
 2459869.5   3.900444687083   3.906070225236  -0.429982675818  -0.431569151008  3.939733 11.2 2459870.04997591      99.00000000
 2459870.5   3.907135920068   3.912769205596  -0.431350115808  -0.432926803443  3.944635 11.2 2459871.04830880      99.00000000
 2459871.5   3.913848398509   3.919489290836  -0.432714449890  -0.434281250339  3.949392 11.2 2459872.04664502      99.00000000
 2459872.5   3.920581950814   3.926230277846  -0.434075407577  -0.435632192051  3.954002 11.2 2459873.04498457      99.00000000
 2459873.5   3.927336296043   3.932991881945  -0.435432697955  -0.436979310599  3.958464 11.2 2459874.04332738      99.00000000
 2459874.5   3.934111235279   3.939773934584  -0.436786045246  -0.438322308712  3.962777 11.2 2459875.04167344      99.00000000
 2459875.5   3.940906456365   3.946576192258  -0.438135152460  -0.439660878854  3.966941 11.2 2459876.04002269      99.00000000
 2459876.5   3.947721725341   3.953398526200  -0.439479735625  -0.440994742826  3.970954 11.2 2459877.03837511      99.00000000
 2459877.5   3.954556691542   3.960240713536  -0.440819488541  -0.442323620869  3.974816 11.2 2459878.03673062      99.00000000
 2459878.5   3.961411081790   3.967102603346  -0.442154116567  -0.443647264308  3.978526 11.2 2459879.03508920      99.00000000
 2459879.5   3.968284508950   3.973983886944  -0.443483303686  -0.444965414507  3.982083 11.2 2459880.03345077      99.00000000
 2459880.5   3.975176671430   3.980884263908  -0.444806746988  -0.446277821734  3.985487 11.1 2459881.03181529      99.00000000
 2459881.5   3.982087165925   3.987803242847  -0.446124126685  -0.447584198339  3.988737 11.1 2459882.03018269      99.00000000
 2459882.5   3.989015690415   3.994740364160  -0.447435140998  -0.448884241849  3.991832 11.1 2459883.02855290      99.00000000
 2459883.5   3.995961856913   4.001695057279  -0.448739477885  -0.450177606384  3.994774 11.1 2459884.02692588      99.00000000
 2459884.5   4.002925392860   4.008666893912  -0.450036848499  -0.451463945967  3.997560 11.1 2459885.02530157      99.00000000
 2459885.5   4.009905949535   4.015655436052  -0.451326958887  -0.452742902814  4.000192 11.1 2459886.02367993      99.00000000
 2459886.5   4.016903299441   4.022660450860  -0.452609540837  -0.454014154383  4.002669 11.1 2459887.02206092      99.00000000
 2459887.5   4.023917139926   4.029681707804  -0.453884323108  -0.455277397193  4.004991 11.1 2459888.02044450      99.00000000
 2459888.5   4.030947287411   4.036719148406  -0.455151059760  -0.456532380500  4.007158 11.1 2459889.01883066      99.00000000
 2459889.5   4.037993477482   4.043772651446  -0.456409501290  -0.457778876376  4.009170 11.1 2459890.01721934      99.00000000
 2459890.5   4.045055557251   4.050842190256  -0.457659420847  -0.459016698296  4.011028 11.1 2459891.01561053      99.00000000
 2459891.5   4.052133283191   4.057927603368  -0.458900585726  -0.460245662124  4.012730 11.1 2459892.01400419      99.00000000
 2459892.5   4.059226513169   4.065028773983  -0.460132781969  -0.461465599209  4.014277 11.1 2459893.01240030      99.00000000
 2459893.5   4.066335003855   4.072145429822  -0.461355786856  -0.462676320631  4.015668 11.0 2459894.01079880      99.00000000
 2459894.5   4.073458604429   4.079277351117  -0.462569392604  -0.463877636265  4.016903 11.0 2459895.00919969      99.00000000
 2459895.5   4.080597055291   4.086424188171  -0.463773380535  -0.465069329197  4.017982 11.0 2459896.00760290      99.00000000
 2459896.5   4.087750184494   4.093585675957  -0.464967544331  -0.466251181379  4.018904 11.0 2459897.00600841      99.00000000
 2459897.5   4.094917707878   4.100761447559  -0.466151666082  -0.467422953965  4.019668 11.0 2459898.00441617      99.00000000
 2459898.5   4.102099427580   4.107951241314  -0.467325538973  -0.468584413471  4.020275 11.0 2459899.00282615      99.00000000
 2459899.5   4.109295032346   4.115154705827  -0.468488944890  -0.469735312879  4.020724 11.0 2459900.00123830      99.00000000
 2459900.5   4.116504296676   4.122371602630  -0.469641676079  -0.470875415535  4.021015 11.0 2459900.99965259      99.00000000
 2459901.5   4.123726879894   4.129601608379  -0.470783513864  -0.472004476854  4.021146 11.0 2459901.99806895      99.00000000
 2459902.5   4.130962524800   4.136844517162  -0.471914248838  -0.473122267556  4.021118 11.0 2459902.99648735      99.00000000
 2459903.5   4.138210854831   4.144100039312  -0.473033660404  -0.474228558265  4.020930 11.0 2459903.99490774      99.00000000
 2459904.5   4.145471572310   4.151367995531  -0.474141535389  -0.475323143469  4.020581 11.0 2459904.99333006      99.00000000
 2459905.5   4.152744254872   4.158648096646  -0.475237648623  -0.476405827250  4.020072 11.0 2459905.99175425      99.00000000
 2459906.5   4.160028555943   4.165940111646  -0.476321780580  -0.477476440699  4.019402 10.9 2459906.99018025      99.00000000
 2459907.5   4.167324004419   4.173243623351  -0.477393700084  -0.478534816271  4.018571 10.9 2459907.98860799      99.00000000
 2459908.5   4.174630211914   4.180558199031  -0.478453182319  -0.479580787057  4.017578 10.9 2459908.98703740      99.00000000
 2459909.5   4.181946678859   4.187883191924  -0.479499994806  -0.480614151245  4.016423 10.9 2459909.98546839      99.00000000
 2459910.5   4.189273008116   4.195217995643  -0.480533916011  -0.481634676463  4.015107 10.9 2459910.98390090      99.00000000
 2459911.5   4.196608712403   4.202561921635  -0.481554723517  -0.482642091178  4.013630 10.9 2459911.98233484      99.00000000
 2459912.5   4.203953425892   4.209914475336  -0.482562210991  -0.483636119456  4.011993 10.9 2459912.98077016      99.00000000
 2459913.5   4.211306704649   4.217275186327  -0.483556176104  -0.484616492575  4.010194 10.9 2459913.97920680      99.00000000
 2459914.5   4.218668231420   4.224643804053  -0.484536434179  -0.485582980195  4.008236 10.9 2459914.97764470      99.00000000
 2459915.5   4.226037608925   4.232020057312  -0.485502805470  -0.486535385905  4.006119 11.0 2459915.97608382      99.00000000
 2459916.5   4.233414561049   4.239403815574  -0.486455126124  -0.487473556687  4.003843 11.0 2459916.97452411      99.00000000
 2459917.5   4.240798723277   4.246794844987  -0.487393235980  -0.488397364374  4.001407 11.0 2459917.97296552      99.00000000
 2459918.5   4.248189843890   4.254192986228  -0.488316987891  -0.489306705476  3.998814 11.0 2459918.97140800      99.00000000
 2459919.5   4.255587573725   4.261597932291  -0.489226236769  -0.490201481346  3.996063 11.0 2459919.96985151      99.00000000
 2459920.5   4.262991668421   4.269009429669  -0.490120847655  -0.491081597777  3.993154 11.0 2459920.96829601      99.00000000
 2459921.5   4.270401777943   4.276427075535  -0.491000686216  -0.491946949958  3.990088 11.0 2459921.96674142      99.00000000
 2459922.5   4.277817650201   4.283850535559  -0.491865625665  -0.492797425827  3.986865 11.0 2459922.96518772      99.00000000
 2459923.5   4.285238920730   4.291279350285  -0.492715538855  -0.493632898261  3.983484 11.0 2459923.96363483      99.00000000
 2459924.5   4.292665318165   4.298713156822  -0.493550304149  -0.494453232576  3.979947 11.0 2459924.96208272      99.00000000
 2459925.5   4.300096454405   4.306151491664  -0.494369799231  -0.495258284186  3.976253 11.0 2459925.96053131      99.00000000
 2459926.5   4.307532031989   4.313594006511  -0.495173905950  -0.496047906969  3.972402 11.0 2459926.95898057      99.00000000
 2459927.5   4.314971634371   4.321040262865  -0.495962505788  -0.496821952790  3.968394 11.0 2459927.95743041      99.00000000
 2459928.5   4.322414934436   4.328489942614  -0.496735483500  -0.497580277946  3.964229 11.0 2459928.95588081      99.00000000
 2459929.5   4.329861483851   4.335942637938  -0.497492724028  -0.498322743480  3.959908 11.0 2459929.95433167      99.00000000
 2459930.5   4.337310921622   4.343398059764  -0.498234114662  -0.499049220213  3.955431 11.0 2459930.95278295      99.00000000
 2459931.5   4.344762761530   4.350855822911  -0.498959543157  -0.499759591379  3.950797 11.0 2459931.95123456      99.00000000
 2459932.5   4.352216600222   4.358315646513  -0.499668898235  -0.500453757583  3.946007 11.0 2459932.94968646      99.00000000
 2459933.5   4.359671903083   4.365777121368  -0.500362068915  -0.501131640833  3.941060 11.1 2459933.94813855      99.00000000
 2459934.5   4.367128213654   4.373239886782  -0.501038943580  -0.501793183570  3.935957 11.1 2459934.94659077      99.00000000
 2459935.5   4.374584941624   4.380703375641  -0.501699411173  -0.502438342292  3.930699 11.1 2459935.94504300      99.00000000
 2459936.5   4.382041578960   4.388166995600  -0.502343359804  -0.503067066821  3.925285 11.1 2459936.94349518      99.00000000
 2459937.5   4.389497495594   4.395629926269  -0.502970680955  -0.503679279974  3.919715 11.1 2459937.94194718      99.00000000
 2459938.5   4.396952165052   4.403091399955  -0.503581268325  -0.504274858518  3.913992 11.1 2459938.94039892      99.00000000
 2459939.5   4.404404964696   4.410550590695  -0.504175024704  -0.504853643811  3.908115 11.1 2459939.93885030      99.00000000
 2459940.5   4.411855401195   4.418006912873  -0.504751859383  -0.505415463094  3.902085 11.1 2459940.93730124      99.00000000
 2459941.5   4.419302902655   4.425459831263  -0.505311695324  -0.505960167935  3.895903 11.1 2459941.93575166      99.00000000
 2459942.5   4.426747034222   4.432909040882  -0.505854463092  -0.506487648547  3.889571 11.1 2459942.93420151      99.00000000
 2459943.5   4.434187279508   4.440354190489  -0.506380107573  -0.506997845551  3.883089 11.1 2459943.93265068      99.00000000
 2459944.5   4.441623250569   4.447795043117  -0.506888579003  -0.507490733289  3.876458 11.1 2459944.93109915      99.00000000
 2459945.5   4.449054465986   4.455231225270  -0.507379840570  -0.507966316177  3.869679 11.1 2459945.92954682      99.00000000
 2459946.5   4.456480561924   4.462662427917  -0.507853857846  -0.508424606638  3.862753 11.1 2459946.92799365      99.00000000
