 2459579.5   4.537986235462   4.543639289839  -0.410275508699  -0.410648498864  3.595277 11.7 2459579.94570652      99.00000000
 2459580.5   4.545930024450   4.551588152059  -0.411042313194  -0.411399044339  3.590829 11.7 2459580.94423553      99.00000000
 2459581.5   4.553870347886   4.559533699332  -0.411786707327  -0.412127289620  3.586243 11.7 2459581.94276393      99.00000000
 2459582.5   4.561806707367   4.567475220536  -0.412508725815  -0.412833294558  3.581516 11.7 2459582.94129165      99.00000000
 2459583.5   4.569738433689   4.575411822530  -0.413208386733  -0.413517053436  3.576651 11.7 2459583.93981857      99.00000000
 2459584.5   4.577665046903   4.583342872858  -0.413885743645  -0.414178557900  3.571648 11.7 2459584.93834462      99.00000000
 2459585.5   4.585585919480   4.591267705227  -0.414540836802  -0.414817775623  3.566507 11.7 2459585.93686970      99.00000000
 2459586.5   4.593500627372   4.599185959120  -0.415173741446  -0.415434723397  3.561230 11.7 2459586.93539375      99.00000000
 2459587.5   4.601408601005   4.607097186672  -0.415784519308  -0.416029432240  3.555817 11.7 2459587.93391668      99.00000000
 2459588.5   4.609309469167   4.615001150930  -0.416373264036  -0.416601992136  3.550270 11.7 2459588.93243844      99.00000000
 2459589.5   4.617202704779   4.622897440755  -0.416940054414  -0.417152499053  3.544588 11.7 2459589.93095895      99.00000000
 2459590.5   4.625087969411   4.630785801270  -0.417484998112  -0.417681089729  3.538773 11.8 2459590.92947816      99.00000000
 2459591.5   4.632964759451   4.638665776693  -0.418008187296  -0.418187891287  3.532826 11.8 2459591.92799598      99.00000000
 2459592.5   4.640832753986   4.646537060203  -0.418509740883  -0.418673058040  3.526747 11.8 2459592.92651238      99.00000000
 2459593.5   4.648691461763   4.654399144137  -0.418989762437  -0.419136726793  3.520538 11.8 2459593.92502726      99.00000000
 2459594.5   4.656540571549   4.662251674331  -0.419448380675  -0.419579053878  3.514198 11.8 2459594.92354058      99.00000000
 2459595.5   4.664379598412   4.670094101208  -0.419885709421  -0.420000173250  3.507728 11.8 2459595.92205226      99.00000000
 2459596.5   4.672208235096   4.677926038246  -0.420301886166  -0.420400231837  3.501130 11.8 2459596.92056226      99.00000000
 2459597.5   4.680025996352   4.685746916210  -0.420697033971  -0.420779350218  3.494403 11.8 2459597.91907048      99.00000000
 2459598.5   4.687832570513   4.693556347623  -0.421071298061  -0.421137657805  3.487548 11.8 2459598.91757689      99.00000000
 2459599.5   4.695627461502   4.701353782728  -0.421424809707  -0.421475258722  3.480566 11.8 2459599.91608140      99.00000000
 2459600.5   4.703410340780   4.709138874219  -0.421757720943  -0.421792269289  3.473458 11.8 2459600.91458396      99.00000000
 2459601.5   4.711180687501   4.716911125765  -0.422070170546  -0.422088790385  3.466223 11.8 2459601.91308447      99.00000000
 2459602.5   4.718938141572   4.724670246769  -0.422362316960  -0.422364946712  3.458862 11.8 2459602.91158291      99.00000000
 2459603.5   4.726682142581   4.732415784585  -0.422634306452  -0.422620863172  3.451375 11.8 2459603.91007915      99.00000000
 2459604.5   4.734412284530   4.740147463788  -0.422886304294  -0.422856702076  3.443764 11.8 2459604.90857317      99.00000000
 2459605.5   4.742127954022   4.747864799932  -0.423118465134  -0.423072638959  3.436028 11.8 2459605.90706484      99.00000000
 2459606.5   4.749828687552   4.755567425237  -0.423330962477  -0.423268891946  3.428167 11.8 2459606.90555411      99.00000000
 2459607.5   4.757513810654   4.763254694281  -0.423523961357  -0.423445689365  3.420183 11.8 2459607.90404085      99.00000000
 2459608.5   4.765182800720   4.770926022939  -0.423697646196  -0.423603283058  3.412076 11.8 2459608.90252500      99.00000000
 2459609.5   4.772834930996   4.778580533616  -0.423852195772  -0.423741904004  3.403846 11.8 2459609.90100641      99.00000000
 2459610.5   4.780469642517   4.786217464809  -0.423987809235  -0.423861768142  3.395495 11.8 2459610.89948502      99.00000000
 2459611.5   4.788086193830   4.793835887123  -0.424104682879  -0.423963045680  3.387023 11.8 2459611.89796067      99.00000000
 2459612.5   4.795684038142   4.801435145434  -0.424203033573  -0.424045893301  3.378431 11.8 2459612.89643331      99.00000000
 2459613.5   4.803262469876   4.809014535213  -0.424283076610  -0.424110455940  3.369721 11.8 2459613.89490281      99.00000000
 2459614.5   4.810820996167   4.816573657211  -0.424345046183  -0.424156910653  3.360894 11.8 2459614.89336910      99.00000000
 2459615.5   4.818358971971   4.824112006606  -0.424389174491  -0.424185460447  3.351951 11.8 2459615.89183209      99.00000000
 2459616.5   4.825875963741   4.831629289663  -0.424415709882  -0.424196352740  3.342894 11.8 2459616.89029171      99.00000000
 2459617.5   4.833371376826   4.839125020876  -0.424424898019  -0.424189854089  3.333723 11.8 2459617.88874786      99.00000000
 2459618.5   4.840844818243   4.846598874453  -0.424416998312  -0.424166256460  3.324441 11.8 2459618.88720051      99.00000000
 2459619.5   4.848295722997   4.854050311932  -0.424392267458  -0.424125853727  3.315048 11.8 2459619.88564954      99.00000000
 2459620.5   4.855723720427   4.861478954949  -0.424350974180  -0.424068950454  3.305545 11.8 2459620.88409491      99.00000000
 2459621.5   4.863128261296   4.868884219360  -0.424293384994  -0.423995845266  3.295934 11.8 2459621.88253652      99.00000000
 2459622.5   4.870508987695   4.876265691139  -0.424219777066  -0.423906840778  3.286215 11.8 2459622.88097433      99.00000000
 2459623.5   4.877865359667   4.883622758719  -0.424130426032  -0.423802230190  3.276390 11.8 2459623.87940824      99.00000000
 2459624.5   4.885197026964   4.890954991555  -0.424025616856  -0.423682305207  3.266461 11.8 2459624.87783820      99.00000000
 2459625.5   4.892503453311   4.898261774101  -0.423905633679  -0.423547344540  3.256427 11.8 2459625.87626411      99.00000000
 2459626.5   4.899784288351   4.905542690851  -0.423770768707  -0.423397620823  3.246290 11.8 2459626.87468594      99.00000000
 2459627.5   4.907038988189   4.912797162287  -0.423621314192  -0.423233394292  3.236052 11.8 2459627.87310357      99.00000000
 2459628.5   4.914267186944   4.920024830251  -0.423457569496  -0.423054923195  3.225712 11.8 2459628.87151697      99.00000000
 2459629.5   4.921468313836   4.927225182311  -0.423279835362  -0.422862466338  3.215272 11.8 2459629.86992602      99.00000000
 2459630.5   4.928641965693   4.934397919874  -0.423088419276  -0.422656297430  3.204732 11.8 2459630.86833069      99.00000000
 2459631.5   4.935787522639   4.941542556290  -0.422883632079  -0.422436712013  3.194093 11.8 2459631.86673087      99.00000000
 2459632.5   4.942904524095   4.948658764387  -0.422665791578  -0.422204036726  3.183357 11.8 2459632.86512648      99.00000000
 2459633.5   4.949992285315   4.955745960500  -0.422435221377  -0.421958629979  3.172524 11.8 2459633.86351743      99.00000000
 2459634.5   4.957050278709   4.962803656999  -0.422192252525  -0.421700877507  3.161595 11.8 2459634.86190362      99.00000000
 2459635.5   4.964077752453   4.969831064367  -0.421937224336  -0.421431182681  3.150570 11.8 2459635.86028494      99.00000000
 2459636.5   4.971074118184   4.976827480836  -0.421670483820  -0.421149949815  3.139451 11.8 2459636.85866129      99.00000000
 2459637.5   4.978038572562   4.983791938237  -0.421392388197  -0.420857571671  3.128240 11.8 2459637.85703253      99.00000000
 2459638.5   4.984970492028   4.990723640053  -0.421103301770  -0.420554414316  3.116936 11.8 2459638.85539858      99.00000000
 2459639.5   4.991869056757   4.997621636261  -0.420803599814  -0.420240820229  3.105542 11.8 2459639.85375928      99.00000000
 2459640.5   4.998733649888   5.004485261451  -0.420493662663  -0.419917111824  3.094059 11.8 2459640.85211455      99.00000000
 2459641.5   5.005563478543   5.011313766307  -0.420173880993  -0.419583616226  3.082489 11.8 2459641.85046425      99.00000000
 2459642.5   5.012357970659   5.018106692404  -0.419844647460  -0.419240675352  3.070833 11.8 2459642.84880832      99.00000000
 2459643.5   5.019116386583   5.024863442703  -0.419506364003  -0.418888666032  3.059093 11.8 2459643.84714663      99.00000000
 2459644.5   5.025838210105   5.031583631705  -0.419159431714  -0.418527990855  3.047270 11.8 2459644.84547910      99.00000000
 2459645.5   5.032522751236   5.038266662428  -0.418804260706  -0.418159082749  3.035367 11.8 2459645.84380564      99.00000000
 2459646.5   5.039169535571   5.044912107256  -0.418441258437  -0.417782383408  3.023386 11.8 2459646.84212617      99.00000000
 2459647.5   5.045777903629   5.051519311497  -0.418070842066  -0.417398348197  3.011327 11.7 2459647.84044058      99.00000000
 2459648.5   5.052347403498   5.058087795229  -0.417693424953  -0.417007426137  2.999192 11.7 2459648.83874881      99.00000000
 2459649.5   5.058877389781   5.064616862079  -0.417309431189  -0.416610071884  2.986983 11.7 2459649.83705075      99.00000000
 2459650.5   5.065367420826   5.071106004170  -0.416919279991  -0.416206727401  2.974702 11.7 2459650.83534633      99.00000000
 2459651.5   5.071816856889   5.077554507000  -0.416523402255  -0.415797837789  2.962350 11.7 2459651.83363545      99.00000000
 2459652.5   5.078225260668   5.083961856608  -0.416122222804  -0.415383831043  2.949929 11.7 2459652.83191805      99.00000000
 2459653.5   5.084591992626   5.090327344199  -0.415716179040  -0.414965135582  2.937440 11.7 2459653.83019400      99.00000000
 2459654.5   5.090916612626   5.096650480150  -0.415305701215  -0.414542158322  2.924884 11.7 2459654.82846326      99.00000000
 2459655.5   5.097198469977   5.102930599573  -0.414891233479  -0.414115307084  2.912264 11.7 2459655.82672571      99.00000000
 2459656.5   5.103437104353   5.109167276982  -0.414473212493  -0.413684972723  2.899579 11.7 2459656.82498127      99.00000000
 2459657.5   5.109631829645   5.115359915791  -0.414052091193  -0.413251562689  2.886833 11.7 2459657.82322985      99.00000000
 2459658.5   5.115782135205   5.121508138692  -0.413628315908  -0.412815489875  2.874025 11.7 2459658.82147136      99.00000000
 2459659.5   5.121887266565   5.127611339439  -0.413202352752  -0.412377211947  2.861157 11.7 2459659.81970567      99.00000000
 2459660.5   5.127946632149   5.133669048337  -0.412774662815  -0.411937212159  2.848231 11.7 2459660.81793272      99.00000000
 2459661.5   5.133959386385   5.139680477531  -0.412345730496  -0.411496025365  2.835246 11.7 2459661.81615235      99.00000000
 2459662.5   5.139924846494   5.145644917688  -0.411916035960  -0.411054197245  2.822206 11.7 2459662.81436447      99.00000000
 2459663.5   5.145842079852   5.151561331590  -0.411486084758  -0.410612297302  2.809111 11.6 2459663.81256891      99.00000000
 2459664.5   5.151710330113   5.157428808783  -0.411056377160  -0.410170870832  2.795963 11.6 2459664.81076557      99.00000000
 2459665.5   5.157528605866   5.163246195944  -0.410627439021  -0.409730459743  2.782763 11.6 2459665.80895426      99.00000000
 2459666.5   5.163296112616   5.169012570330  -0.410199788129  -0.409291565455  2.769514 11.6 2459666.80713488      99.00000000
 2459667.5   5.169011839161   5.174726857426  -0.409773966602  -0.408854687913  2.756216 11.6 2459667.80530724      99.00000000
 2459668.5   5.174674992410   5.180388277843  -0.409350504569  -0.408420300783  2.742872 11.6 2459668.80347124      99.00000000
 2459669.5   5.180284578236   5.185995919565  -0.408929954536  -0.407988901796  2.729484 11.6 2459669.80162671      99.00000000
 2459670.5   5.185839836033   5.191549145956  -0.408512852910  -0.407560986923  2.716054 11.6 2459670.79977355      99.00000000
 2459671.5   5.191339810905   5.197047134257  -0.408099756944  -0.407137096063  2.702584 11.6 2459671.79791159      99.00000000
 2459672.5   5.196783786076   5.202489277372  -0.407691204656  -0.406717772965  2.689077 11.6 2459672.79604074      99.00000000
 2459673.5   5.202170846064   5.207874728861  -0.407287754759  -0.406303600971  2.675534 11.6 2459673.79416084      99.00000000
 2459674.5   5.207500308854   5.213202830082  -0.406889945038  -0.405895152719  2.661958 11.6 2459674.79227181      99.00000000
 2459675.5   5.212771283143   5.218472673388  -0.406498335070  -0.405493025953  2.648351 11.5 2459675.79037350      99.00000000
 2459676.5   5.217983104131   5.223683548182  -0.406113462632  -0.405097793243  2.634715 11.5 2459676.78846580      99.00000000
 2459677.5   5.223134887871   5.228834506679  -0.405735888764  -0.404710044239  2.621053 11.5 2459677.78654856      99.00000000
 2459678.5   5.228225972833   5.233924814449  -0.405366151792  -0.404330336883  2.607365 11.5 2459678.78462170      99.00000000
 2459679.5   5.233255471900   5.238953510254  -0.405004814505  -0.403959244169  2.593656 11.5 2459679.78268506      99.00000000
 2459680.5   5.238222719328   5.243919859695  -0.404652415713  -0.403597303681  2.579925 11.5 2459680.78073855      99.00000000
 2459681.5   5.243126818668   5.248822911936  -0.404309519682  -0.403245066488  2.566177 11.5 2459681.77878200      99.00000000
 2459682.5   5.247967092915   5.253661960729  -0.403976665514  -0.402903044629  2.552412 11.5 2459682.77681533      99.00000000
 2459683.5   5.252742625234   5.258436099121  -0.403654419343  -0.402571764780  2.538632 11.5 2459683.77483838      99.00000000
 2459684.5   5.257452709352   5.263144681585  -0.403343322127  -0.402251719587  2.524840 11.5 2459684.77285104      99.00000000
 2459685.5   5.262096380431   5.267786857846  -0.403043945242  -0.401943433906  2.511037 11.4 2459685.77085315      99.00000000
 2459686.5   5.266672865426   5.272362006486  -0.402756837030  -0.401647425049  2.497226 11.4 2459686.76884461      99.00000000
 2459687.5   5.271181106896   5.276869220241  -0.402482581653  -0.401364277004  2.483407 11.4 2459687.76682524      99.00000000
 2459688.5   5.275620220682   5.281307712061  -0.402221743377  -0.401094590524  2.469583 11.4 2459688.76479491      99.00000000
 2459689.5   5.279989022534   5.285676302034  -0.401974926957  -0.400839036991  2.455756 11.4 2459689.76275342      99.00000000
 2459690.5   5.284286502958   5.289973885415  -0.401742717624  -0.400598277435  2.441927 11.4 2459690.76070063      99.00000000
 2459691.5   5.288511361472   5.294198999124  -0.401525741504  -0.400373000005  2.428099 11.4 2459691.75863631      99.00000000
 2459692.5   5.292662496997   5.298350365178  -0.401324600891  -0.400163837431  2.414273 11.4 2459692.75656030      99.00000000
 2459693.5   5.296738541833   5.302426475789  -0.401139935551  -0.399971424542  2.400452 11.3 2459693.75447236      99.00000000
 2459694.5   5.300738357984   5.306426120549  -0.400972354746  -0.399796335817  2.386639 11.3 2459694.75237232      99.00000000
 2459695.5   5.304660562374   5.310347919906  -0.400822501011  -0.399639162686  2.372836 11.3 2459695.75025996      99.00000000
 2459696.5   5.308504024487   5.314190811189  -0.400690980008  -0.399500456554  2.359046 11.3 2459696.74813511      99.00000000
 2459697.5   5.312267380859   5.317953540678  -0.400578427414  -0.399380808556  2.345271 11.3 2459697.74599754      99.00000000
 2459698.5   5.315949534350   5.321635135093  -0.400485436838  -0.399280784681  2.331514 11.3 2459698.74384710      99.00000000
 2459699.5   5.319549158311   5.325234380476  -0.400412629932  -0.399201000152  2.317778 11.3 2459699.74168357      99.00000000
 2459700.5   5.323065198337   5.328750304100  -0.400360582412  -0.399142043369  2.304067 11.2 2459700.73950680      99.00000000
 2459701.5   5.326496366460   5.332181658948  -0.400329897458  -0.399104545465  2.290383 11.2 2459701.73731658      99.00000000
 2459702.5   5.329841646591   5.335527427983  -0.400321129753  -0.399089096853  2.276729 11.2 2459702.73511276      99.00000000
 2459703.5   5.333099780006   5.338786316822  -0.400334862026  -0.399096317965  2.263107 11.2 2459703.73289513      99.00000000
 2459704.5   5.336269776765   5.341957275405  -0.400371626741  -0.399126774541  2.249522 11.2 2459704.73066355      99.00000000
 2459705.5   5.339350394424   5.345038988656  -0.400431985392  -0.399181054115  2.235976 11.2 2459705.72841782      99.00000000
 2459706.5   5.342340657587   5.348030405697  -0.400516447422  -0.399259681903  2.222471 11.2 2459706.72615778      99.00000000
 2459707.5   5.345239330734   5.350930221593  -0.400625551991  -0.399363202387  2.209012 11.1 2459707.72388323      99.00000000
 2459708.5   5.348045446390   5.353737412476  -0.400759783971  -0.399492093700  2.195600 11.1 2459708.72159404      99.00000000
 2459709.5   5.350757770874   5.356450709578  -0.400919658326  -0.399646852428  2.182238 11.1 2459709.71928998      99.00000000
 2459710.5   5.353375339368   5.359069143019  -0.401105633495  -0.399827905979  2.168930 11.1 2459710.71697093      99.00000000
 2459711.5   5.355896911261   5.361591508097  -0.401318199025  -0.400035702625  2.155678 11.1 2459711.71463667      99.00000000
 2459712.5   5.358321508627   5.364016911231  -0.401557787126  -0.400270627077  2.142486 11.1 2459712.71228707      99.00000000
 2459713.5   5.360647857123   5.366344209420  -0.401824864444  -0.400533103372  2.129355 11.0 2459713.70992191      99.00000000
 2459714.5   5.362874926089   5.368572528488  -0.402119842378  -0.400823519293  2.116289 11.0 2459714.70754104      99.00000000
 2459715.5   5.365001356578   5.370700647004  -0.402443172820  -0.401142338253  2.103290 11.0 2459715.70514424      99.00000000
 2459716.5   5.367026011452   5.372727489676  -0.402795255692  -0.401490011811  2.090361 11.0 2459716.70273136      99.00000000
 2459717.5   5.368947404441   5.374651518923  -0.403176535699  -0.401867065948  2.077504 11.0 2459717.70030213      99.00000000
 2459718.5   5.370764276846   5.376471319592  -0.403587403396  -0.402273974031  2.064724 11.0 2459718.69785638      99.00000000
 2459719.5   5.372475038239   5.378185096490  -0.404028290198  -0.402711223572  2.052022 10.9 2459719.69539384      99.00000000
 2459720.5   5.374078369311   5.379791349738  -0.404499562552  -0.403179193500  2.039402 10.9 2459720.69291430      99.00000000
 2459721.5   5.375572660948   5.381288366794  -0.405001617546  -0.403678253727  2.026867 10.9 2459721.69041751      99.00000000
 2459722.5   5.376956624861   5.382674847094  -0.405534774071  -0.404208671106  2.014421 10.9 2459722.68790326      99.00000000
 2459723.5   5.378228714695   5.383949307670  -0.406099372636  -0.404770728820  2.002067 10.9 2459723.68537130      99.00000000
 2459724.5   5.379387736540   5.385110663003  -0.406695665640  -0.405364630103  1.989810 10.8 2459724.68282147      99.00000000
 2459725.5   5.380432251127   5.386157597225  -0.407323921898  -0.405990612073  1.977652 10.8 2459725.68025353      99.00000000
 2459726.5   5.381361188421   5.387089153508  -0.407984315473  -0.406648836406  1.965599 10.8 2459726.67766732      99.00000000
 2459727.5   5.382173235405   5.387904105621  -0.408677034022  -0.407339497790  1.953653 10.8 2459727.67506264      99.00000000
 2459728.5   5.382867458983   5.388601570666  -0.409402165448  -0.408062706062  1.941819 10.8 2459728.67243935      99.00000000
 2459729.5   5.383442681321   5.389180382206  -0.410159809586  -0.408818593919  1.930100 10.7 2459729.66979727      99.00000000
 2459730.5   5.383898112495   5.389639725194  -0.410949962476  -0.409607194382  1.918502 10.7 2459730.66713628      99.00000000
 2459731.5   5.384232713585   5.389978507228  -0.411772631268  -0.410428551126  1.907027 10.7 2459731.66445622      99.00000000
 2459732.5   5.384445839945   5.390196011581  -0.412627716036  -0.411282594354  1.895679 10.7 2459732.66175698      99.00000000
 2459733.5   5.384536592449   5.390291260506  -0.413515127714  -0.412169256317  1.884463 10.7 2459733.65903843      99.00000000
 2459734.5   5.384504472705   5.390263680399  -0.414434667290  -0.413088347368  1.873383 10.6 2459734.65630049      99.00000000
 2459735.5   5.384348722987   5.390112451589  -0.415386146537  -0.414039676984  1.862441 10.6 2459735.65354304      99.00000000
 2459736.5   5.384068994145   5.389837183407  -0.416369264563  -0.415022929210  1.851643 10.6 2459736.65076603      99.00000000
 2459737.5   5.383664673479   5.389437249774  -0.417383731367  -0.416037788115  1.840992 10.6 2459737.64796936      99.00000000
 2459738.5   5.383135564157   5.388912474534  -0.418429142142  -0.417083812557  1.830492 10.6 2459738.64515301      99.00000000
 2459739.5   5.382481198004   5.388262450781  -0.419505104188  -0.418160567511  1.820146 10.5 2459739.64231689      99.00000000
 2459740.5   5.381701523037   5.387487229497  -0.420611109830  -0.419267502084  1.809959 10.5 2459740.63946102      99.00000000
 2459741.5   5.380796196875   5.386586605299  -0.421746667427  -0.420404092140  1.799932 10.5 2459741.63658533      99.00000000
 2459742.5   5.379765280079   5.385560783100  -0.422911173465  -0.421569725005  1.790072 10.5 2459742.63368985      99.00000000
 2459743.5   5.378608511320   5.384409608242  -0.424104047103  -0.422763847703  1.780379 10.4 2459743.63077454      99.00000000
 2459744.5   5.377326015363   5.383133220469  -0.425324599552  -0.423985837276  1.770859 10.4 2459744.62783942      99.00000000
 2459745.5   5.375917576608   5.381731298077  -0.426572168296  -0.425235120038  1.761514 10.4 2459745.62488447      99.00000000
 2459746.5   5.374383383469   5.380203824426  -0.427845979323  -0.426511000737  1.752348 10.4 2459746.62190971      99.00000000
 2459747.5   5.372723316698   5.378550451126  -0.429145277618  -0.427812763366  1.743365 10.4 2459747.61891511      99.00000000
 2459748.5   5.370937731514   5.376771363932  -0.430469182650  -0.429139513637  1.734569 10.3 2459748.61590075      99.00000000
 2459749.5   5.369026742445   5.374866616472  -0.431816819365  -0.430490323395  1.725963 10.3 2459749.61286661      99.00000000
 2459750.5   5.366991014117   5.372836916130  -0.433187173710  -0.431864109630  1.717551 10.3 2459750.60981283      99.00000000
 2459751.5   5.364831015957   5.370682841719  -0.434579229681  -0.433259795472  1.709338 10.3 2459751.60673947      99.00000000
 2459752.5   5.362547808369   5.368405584912  -0.435991827795  -0.434676180016  1.701327 10.2 2459752.60364672      99.00000000
 2459753.5   5.360142267668   5.366006142695  -0.437423807692  -0.436112085472  1.693523 10.2 2459753.60053470      99.00000000
 2459754.5   5.357615876517   5.363486087931  -0.438873867716  -0.437566212704  1.685930 10.2 2459754.59740368      99.00000000
 2459755.5   5.354969929339   5.360846767745  -0.440340710559  -0.439037283230  1.678551 10.2 2459755.59425384      99.00000000
 2459756.5   5.352206335020   5.358090104402  -0.441822902458  -0.440523891452  1.671390 10.1 2459756.59108550      99.00000000
 2459757.5   5.349326807119   5.355217789407  -0.443319020720  -0.442024648224  1.664452 10.1 2459757.58789894      99.00000000
 2459758.5   5.346333680313   5.352232104950  -0.444827512455  -0.443538033072  1.657740 10.1 2459758.58469452      99.00000000
 2459759.5   5.343229085081   5.349135107620  -0.446346843766  -0.445062540218  1.651256 10.1 2459759.58147257      99.00000000
 2459760.5   5.340015776829   5.345929466745  -0.447875358429  -0.446596531814  1.645006 10.0 2459760.57823354      99.00000000
 2459761.5   5.336696294140   5.342617634764  -0.449411428586  -0.448138387201  1.638991 10.0 2459761.57497782      99.00000000
 2459762.5   5.333273799925   5.339202698681  -0.450953313652  -0.449686358797  1.633216 10.0 2459762.57170592      99.00000000
 2459763.5   5.329751223279   5.335687532720  -0.452499312113  -0.451238725423  1.627682 10.0 2459763.56841827      99.00000000
 2459764.5   5.326132112601   5.332075658596  -0.454047620799  -0.452793651432  1.622393  9.9 2459764.56511546      99.00000000
 2459765.5   5.322419761155   5.328370377703  -0.455596487382  -0.454349343491  1.617352  9.9 2459765.56179799      99.00000000
 2459766.5   5.318618071191   5.324575637362  -0.457144070317  -0.455903913036  1.612560  9.9 2459766.55846647      99.00000000
 2459767.5   5.314730661903   5.320695139178  -0.458688591854  -0.457455536522  1.608020  9.9 2459767.55512148      99.00000000
 2459768.5   5.310761741899   5.316733204269  -0.460228199163  -0.459002322634  1.603734  9.9 2459768.55176369      99.00000000
 2459769.5   5.306715197518   5.312693846187  -0.461761117641  -0.460542476927  1.599703  9.8 2459769.54839369      99.00000000
 2459770.5   5.302595472407   5.308581619627  -0.463285513256  -0.462074172464  1.595930  9.8 2459770.54501221      99.00000000
 2459771.5   5.298406639627   5.304400651232  -0.464799644724  -0.463595709262  1.592416  9.8 2459771.54161988      99.00000000
 2459772.5   5.294153297472   5.300155493179  -0.466301725146  -0.465105368683  1.589161  9.8 2459772.53821742      99.00000000
 2459773.5   5.289839642938   5.295850183435  -0.467790069474  -0.466601541276  1.586168  9.7 2459773.53480550      99.00000000
 2459774.5   5.285470404462   5.291489214614  -0.469262952391  -0.468082551210  1.583438  9.7 2459774.53138484      99.00000000
 2459775.5   5.281049933150   5.287076708133  -0.470718749104  -0.469546773479  1.580970  9.7 2459775.52795613      99.00000000
 2459776.5   5.276583171076   5.282617465433  -0.472155791605  -0.470992486117  1.578768  9.7 2459776.52452013      99.00000000
 2459777.5   5.272074738345   5.278116093430  -0.473572507898  -0.472418033024  1.576831  9.6 2459777.52107756      99.00000000
 2459778.5   5.267529900126   5.273577948943  -0.474967283772  -0.473821714757  1.575161  9.6 2459778.51762925      99.00000000
 2459779.5   5.262953617238   5.269008135511  -0.476338605143  -0.475201955265  1.573759  9.6 2459779.51417599      99.00000000
 2459780.5   5.258351495537   5.264412399364  -0.477684926817  -0.476557176548  1.572626  9.6 2459780.51071865      99.00000000
 2459781.5   5.253728804447   5.259796116735  -0.479004815422  -0.477885939869  1.571761  9.6 2459781.50725806      99.00000000
 2459782.5   5.249091423332   5.255165227679  -0.480296821658  -0.479186807879  1.571167  9.6 2459782.50379515      99.00000000
 2459783.5   5.244444845886   5.250525242516  -0.481559620110  -0.480458477878  1.570842  9.6 2459783.50033078 2459784.49686587
 2459784.5   5.239795135453   5.245882202906  -0.482791883015  -0.481699647021  1.570786  9.6 2459785.49340141      99.00000000
 2459785.5   5.235147922947   5.241241688597  -0.483992415693  -0.482909144642  1.571000  9.6 2459786.48993822      99.00000000
 2459786.5   5.230509372345   5.236609790212  -0.485160031912  -0.484085801855  1.571483  9.7 2459787.48647734      99.00000000
 2459787.5   5.225885172263   5.231992110424  -0.486293684973  -0.485228581343  1.572234  9.7 2459788.48301957      99.00000000
 2459788.5   5.221281508746   5.227394745680  -0.487392345270  -0.486336450393  1.573253  9.7 2459789.47956598      99.00000000
 2459789.5   5.216704049361   5.222823282196  -0.488455127143  -0.487408507936  1.574538  9.7 2459790.47611734      99.00000000
 2459790.5   5.212158920853   5.218283784303  -0.489481168996  -0.488443862374  1.576087  9.7 2459791.47267470      99.00000000
 2459791.5   5.207651686130   5.213781782725  -0.490469755760  -0.489441757518  1.577899  9.8 2459792.46923883      99.00000000
 2459792.5   5.203188326149   5.209323263139  -0.491420201606  -0.490401456810  1.579972  9.8 2459793.46581074      99.00000000
 2459793.5   5.198774211745   5.204913641862  -0.492331967717  -0.491322368371  1.582305  9.8 2459794.46239117      99.00000000
 2459794.5   5.194415090005   5.200558748686  -0.493204547552  -0.492203934938  1.584894  9.8 2459795.45898107      99.00000000
 2459795.5   5.190116052954   5.196263787142  -0.494037579741  -0.493045756148  1.587737  9.8 2459796.45558116      99.00000000
 2459796.5   5.185882528167   5.192034307950  -0.494830735963  -0.493847481736  1.590831  9.9 2459797.45219233      99.00000000
 2459797.5   5.181719246050   5.187875153117  -0.495583828853  -0.494608927585  1.594174  9.9 2459798.44881523      99.00000000
 2459798.5   5.177631235465   5.183791420211  -0.496296702350  -0.495329966803  1.597763  9.9 2459799.44545068      99.00000000
 2459799.5   5.173622794749   5.179787402532  -0.496969334109  -0.496010630322  1.601594  9.9 2459800.44209926      99.00000000
 2459800.5   5.169698499349   5.175867575851  -0.497601727448  -0.496650983447  1.605663 10.0 2459801.43876172      99.00000000
 2459801.5   5.165862189191   5.172035595457  -0.498194007217  -0.497251201267  1.609969 10.0 2459802.43543855      99.00000000
 2459802.5   5.162117999907   5.168295375714  -0.498746312634  -0.497811435271  1.614508 10.0 2459803.43213045      99.00000000
 2459803.5   5.158469374397   5.164650179227  -0.499258887123  -0.498331892635  1.619276 10.0 2459804.42883784      99.00000000
 2459804.5   5.154920110793   5.161103730881  -0.499731974248  -0.498812739116  1.624270 10.0 2459805.42556139      99.00000000
 2459805.5   5.151473377366   5.157659252183  -0.500165905382  -0.499254215932  1.629487 10.1 2459806.42230150      99.00000000
 2459806.5   5.148132745177   5.154320457398  -0.500561002621  -0.499656570380  1.634925 10.1 2459807.41905880      99.00000000
 2459807.5   5.144901179830   5.151090483675  -0.500917666746  -0.500020163155  1.640579 10.1 2459808.41583368      99.00000000
 2459808.5   5.141782046302   5.147972841762  -0.501236286816  -0.500345376772  1.646447 10.1 2459809.41262672      99.00000000
 2459809.5   5.138778084615   5.144970365295  -0.501517326285  -0.500632694109  1.652526 10.1 2459810.40943826      99.00000000
 2459810.5   5.135892403438   5.142086200374  -0.501761236194  -0.500882597368  1.658811 10.2 2459811.40626885      99.00000000
 2459811.5   5.133127459088   5.139322794717  -0.501968537252  -0.501095642322  1.665300 10.2 2459812.40311878      99.00000000
 2459812.5   5.130486050659   5.136682905101  -0.502139735238  -0.501272365325  1.671988 10.2 2459813.39998855      99.00000000
 2459813.5   5.127970309553   5.134168599185  -0.502275398996  -0.501413359748  1.678872 10.2 2459814.39687837      99.00000000
 2459814.5   5.125582696457   5.131782261360  -0.502376078288  -0.501519189665  1.685949 10.2 2459815.39378870      99.00000000
 2459815.5   5.123324999740   5.129525600280  -0.502442378544  -0.501590465113  1.693214 10.3 2459816.39071971      99.00000000
 2459816.5   5.121199330019   5.127400651732  -0.502474881617  -0.501627759605  1.700663 10.3 2459817.38767179      99.00000000
 2459817.5   5.119207124214   5.125408793490  -0.502474218025  -0.501631683821  1.708292 10.3 2459818.38464505      99.00000000
 2459818.5   5.117350133987   5.123551744254  -0.502440990763  -0.501602808107  1.716097 10.3 2459819.38163983      99.00000000
 2459819.5   5.115629433912   5.121830582506  -0.502375845440  -0.501541737437  1.724073 10.3 2459820.37865619      99.00000000
 2459820.5   5.114046402597   5.120246733082  -0.502279396910  -0.501449041291  1.732217 10.4 2459821.37569440      99.00000000
 2459821.5   5.112601736218   5.118800980101  -0.502152297382  -0.501325331170  1.740524 10.4 2459822.37275449      99.00000000
 2459822.5   5.111296423923   5.117494431385  -0.501995165403  -0.501171195911  1.748990 10.4 2459823.36983664      99.00000000
 2459823.5   5.110130769920   5.116327521592  -0.501808651900  -0.500987277176  1.757609 10.4 2459824.36694082      99.00000000
 2459824.5   5.109105365731   5.115300957951  -0.501593371040  -0.500774202879  1.766378 10.4 2459825.36406718      99.00000000
 2459825.5   5.108220123805   5.114414726612  -0.501349964279  -0.500532653290  1.775292 10.5 2459826.36121560      99.00000000
 2459826.5   5.107475248553   5.113669039349  -0.501079032737  -0.500263285886  1.784347 10.5 2459827.35838616      99.00000000
 2459827.5   5.106870284136   5.113063369228  -0.500781199349  -0.499966787986  1.793538 10.5 2459828.35557870      99.00000000
 2459828.5   5.106405086935   5.112597428760  -0.500457042315  -0.499643791952  1.802861 10.5 2459829.35279325      99.00000000
 2459829.5   5.106078891254   5.112270266649  -0.500107155370  -0.499294919995  1.812312 10.5 2459830.35002959      99.00000000
 2459830.5   5.105891285797   5.112081296057  -0.499732081977  -0.498920704269  1.821887 10.5 2459831.34728771      99.00000000
 2459831.5   5.105841296968   5.112029436608  -0.499332374261  -0.498521647994  1.831582 10.6 2459832.34456738      99.00000000
 2459832.5   5.105928362434   5.112114125375  -0.498908528598  -0.498098174570  1.841393 10.6 2459833.34186858      99.00000000
 2459833.5   5.106151418338   5.112334401590  -0.498461044904  -0.497650713868  1.851318 10.6 2459834.33919108      99.00000000
 2459834.5   5.106509851931   5.112689816417  -0.497990364941  -0.497179661409  1.861352 10.6 2459835.33653485      99.00000000
 2459835.5   5.107002577456   5.113179451394  -0.497496933184  -0.496685451611  1.871491 10.6 2459836.33389965      99.00000000
 2459836.5   5.107628961312   5.113802797528  -0.496981137573  -0.496168493033  1.881734 10.7 2459837.33128547      99.00000000
 2459837.5   5.108387891283   5.114558805579  -0.496443371125  -0.495629219889  1.892076 10.7 2459838.32869205      99.00000000
 2459838.5   5.109278686504   5.115446798993  -0.495883973356  -0.495068018520  1.902513 10.7 2459839.32611936      99.00000000
 2459839.5   5.110300174220   5.116465566253  -0.495303291438  -0.494485280755  1.913043 10.7 2459840.32356713      99.00000000
 2459840.5   5.111451595432   5.117614282972  -0.494701621183  -0.493881337663  1.923663 10.7 2459841.32103531      99.00000000
 2459841.5   5.112731694969   5.118891616240  -0.494079267638  -0.493256519815  1.934367 10.7 2459842.31852363      99.00000000
 2459842.5   5.114139623922   5.120296636545  -0.493436485547  -0.492611095297  1.945154 10.8 2459843.31603201      99.00000000
 2459843.5   5.115674041125   5.121827927390  -0.492773539951  -0.491945331963  1.956020 10.8 2459844.31356018      99.00000000
 2459844.5   5.117334009013   5.123484488146  -0.492090646340  -0.491259435601  1.966961 10.8 2459845.31110803      99.00000000
 2459845.5   5.119118102751   5.125264852379  -0.491388031850  -0.490553613053  1.977973 10.8 2459846.30867528      99.00000000
 2459846.5   5.121025296120   5.127167983216  -0.490665875253  -0.489828011631  1.989054 10.8 2459847.30626182      99.00000000
 2459847.5   5.123054075629   5.129192397068  -0.489924369165  -0.489082786528  2.000200 10.8 2459848.30386735      99.00000000
 2459848.5   5.125203315105   5.131337042021  -0.489163659786  -0.488318045121  2.011407 10.8 2459849.30149175      99.00000000
 2459849.5   5.127471395161   5.133600412285  -0.488383910197  -0.487533921038  2.022671 10.9 2459850.29913470      99.00000000
 2459850.5   5.129857069067   5.135981395154  -0.487585239370  -0.486730521100  2.033990 10.9 2459851.29679605      99.00000000
 2459851.5   5.132358591906   5.138478370839  -0.486767786250  -0.485907998293  2.045359 10.9 2459852.29447548      99.00000000
 2459852.5   5.134974583218   5.141090040948  -0.485931647291  -0.485066488747  2.056776 10.9 2459853.29217282      99.00000000
 2459853.5   5.137703170836   5.143814546189  -0.485076940953  -0.484206171600  2.068237 10.9 2459854.28988770      99.00000000
 2459854.5   5.140542853724   5.146650318980  -0.484203743269  -0.483327189935  2.079738 10.9 2459855.28761995      99.00000000
 2459855.5   5.143491661310   5.149595254931  -0.483312152810  -0.482429701431  2.091276 10.9 2459856.28536919      99.00000000
 2459856.5   5.146548015348   5.152647605399  -0.482402224213  -0.481513795442  2.102849 11.0 2459857.28313522      99.00000000
 2459857.5   5.149709901996   5.155805193244  -0.481474033977  -0.480579551275  2.114453 11.0 2459858.28091767      99.00000000
 2459858.5   5.152975729533   5.159066314087  -0.480527612081  -0.479626967505  2.126085 11.0 2459859.27871633      99.00000000
 2459859.5   5.156343509179   5.162428949265  -0.479563009070  -0.478656039805  2.137744 11.0 2459860.27653084      99.00000000
 2459860.5   5.159811703854   5.165891621759  -0.478580226121  -0.477666706107  2.149427 11.0 2459861.27436102      99.00000000
 2459861.5   5.163378411275   5.169452559143  -0.477579284226  -0.476658936556  2.161130 11.0 2459862.27220654      99.00000000
 2459862.5   5.167042196846   5.173110484471  -0.476560153386  -0.475632675577  2.172853 11.0 2459863.27006722      99.00000000
 2459863.5   5.170801272911   5.176863750430  -0.475522824725  -0.474587920495  2.184593 11.0 2459864.26794276      99.00000000
 2459864.5   5.174654313331   5.180711120844  -0.474467239033  -0.473524643333  2.196347 11.1 2459865.26583298      99.00000000
 2459865.5   5.178599630772   5.184650937232  -0.473393361741  -0.472442856277  2.208113 11.1 2459866.26373760      99.00000000
 2459866.5   5.182635979224   5.188681928226  -0.472301110036  -0.471342525365  2.219890 11.1 2459867.26165646      99.00000000
 2459867.5   5.186761737081   5.192802410303  -0.471190429922  -0.470223640333  2.231675 11.1 2459868.25958925      99.00000000
 2459868.5   5.190975704930   5.197011103327  -0.470061221004  -0.469086133048  2.243465 11.1 2459869.25753585      99.00000000
 2459869.5   5.195276299005   5.201306339086  -0.468913415192  -0.467929956262  2.255259 11.1 2459870.25549595      99.00000000
 2459870.5   5.199662346241   5.205686865842  -0.467746898856  -0.466755004394  2.267055 11.1 2459871.25346941      99.00000000
 2459871.5   5.204132287402   5.210151058802  -0.466561593351  -0.465561196309  2.278849 11.1 2459872.25145594      99.00000000
 2459872.5   5.208684967482   5.214697715882  -0.465357374720  -0.464348394034  2.290640 11.1 2459873.24945541      99.00000000
 2459873.5   5.213318845506   5.219325274760  -0.464134156502  -0.463116487707  2.302426 11.1 2459874.24746752      99.00000000
 2459874.5   5.218032777324   5.224032603084  -0.462891807330  -0.461865313011  2.314204 11.2 2459875.24549215      99.00000000
 2459875.5   5.222825229048   5.228818219778  -0.461630236542  -0.460594741705  2.325972 11.2 2459876.24352899      99.00000000
 2459876.5   5.227695050157   5.233681069920  -0.460349309960  -0.459304602495  2.337727 11.2 2459877.24157793      99.00000000
 2459877.5   5.232640689633   5.238619732430  -0.459048938562  -0.457994781159  2.349467 11.2 2459878.23963866      99.00000000
 2459878.5   5.237660960978   5.243633159606  -0.457728992226  -0.456665143935  2.361190 11.2 2459879.23771106      99.00000000
 2459879.5   5.242754265239   5.248719862127  -0.456389390936  -0.455315637859  2.372893 11.2 2459880.23579482      99.00000000
 2459880.5   5.247919354960   5.253878632866  -0.455030015379  -0.453946198746  2.384574 11.2 2459881.23388979      99.00000000
 2459881.5   5.253154571636   5.259107762918  -0.453650799477  -0.452556833027  2.396230 11.2 2459882.23199566      99.00000000
 2459882.5   5.258458614423   5.264405818630  -0.452251636725  -0.451147502998  2.407860 11.2 2459883.23011226      99.00000000
 2459883.5   5.263829793150   5.269770933158  -0.450832473679  -0.449718202461  2.419461 11.2 2459884.22823929      99.00000000
 2459884.5   5.269266798060   5.275201627033  -0.449393212332  -0.448268846201  2.431032 11.2 2459885.22637656      99.00000000
 2459885.5   5.274767960900   5.280696115105  -0.447933805590  -0.446799366396  2.442570 11.3 2459886.22452379      99.00000000
 2459886.5   5.280332017873   5.286253094982  -0.446454156790  -0.445309619715  2.454074 11.3 2459887.22268081      99.00000000
 2459887.5   5.285957372402   5.291871013125  -0.444954218194  -0.443799501670  2.465542 11.3 2459888.22084733      99.00000000
 2459888.5   5.291642847696   5.297548799288  -0.443433888271  -0.442268857929  2.476974 11.3 2459889.21902322      99.00000000
 2459889.5   5.297386949322   5.303285098757  -0.441893113635  -0.440717600293  2.488366 11.3 2459890.21720822      99.00000000
 2459890.5   5.303188606840   5.309078978120  -0.440331784288  -0.439145607721  2.499719 11.3 2459891.21540220      99.00000000
 2459891.5   5.309046435871   5.314929157488  -0.438749839253  -0.437552833877  2.511031 11.3 2459892.21360491      99.00000000
 2459892.5   5.314959469247   5.320834722789  -0.437147159858  -0.435939193632  2.522300 11.3 2459893.21181626      99.00000000
 2459893.5   5.320926419639   5.326794385721  -0.435523679060  -0.434304664712  2.533526 11.3 2459894.21003599      99.00000000
 2459894.5   5.326946402698   5.332807215784  -0.433879272477  -0.432649167874  2.544706 11.3 2459895.20826402      99.00000000
 2459895.5   5.333018203394   5.338871923668  -0.432213870958  -0.430972673269  2.555841 11.3 2459896.20650011      99.00000000
 2459896.5   5.339140994804   5.344987596842  -0.430527348738  -0.429275082851  2.566927 11.3 2459897.20474418      99.00000000
 2459897.5   5.345313611043   5.351152987312  -0.428819638731  -0.427556345414  2.577965 11.3 2459898.20299600      99.00000000
 2459898.5   5.351535263706   5.357367237277  -0.427090617390  -0.425816340492  2.588952 11.3 2459899.20125549      99.00000000
 2459899.5   5.357804821823   5.363629165905  -0.425340222584  -0.424054998606  2.599887 11.3 2459900.19952243      99.00000000
 2459900.5   5.364121525434   5.369937986804  -0.423568335201  -0.422272182758  2.610769 11.3 2459901.19779673      99.00000000
 2459901.5   5.370484270884   5.376292598344  -0.421774899885  -0.420467811564  2.621596 11.4 2459902.19607819      99.00000000
 2459902.5   5.376892319446   5.382692296635  -0.419959803790  -0.418641738335  2.632367 11.4 2459903.19436673      99.00000000
 2459903.5   5.383344585323   5.389136068380  -0.418123000748  -0.416793879652  2.643081 11.4 2459904.19266213      99.00000000
 2459904.5   5.389840336901   5.395623291050  -0.416264387748  -0.414924096699  2.653734 11.4 2459905.19096434      99.00000000
 2459905.5   5.396378485417   5.402153010612  -0.414383933091  -0.413032334403  2.664327 11.4 2459906.18927313      99.00000000
 2459906.5   5.402958278661   5.408724606501  -0.412481550795  -0.411118506455  2.674858 11.4 2459907.18758842      99.00000000
 2459907.5   5.409578592731   5.415337041128  -0.410557232345  -0.409182637212  2.685324 11.4 2459908.18591002      99.00000000
 2459908.5   5.416238624465   5.421989509412  -0.408610917714  -0.407224730296  2.695724 11.4 2459909.18423781      99.00000000
 2459909.5   5.422937195250   5.428680726876  -0.406642628596  -0.405244887398  2.706056 11.4 2459910.18257159      99.00000000
 2459910.5   5.429673451215   5.435409656350  -0.404652333686  -0.403243146820  2.716320 11.4 2459911.18091123      99.00000000
 2459911.5   5.436446183420   5.442174890952  -0.402640081929  -0.401219594778  2.726513 11.4 2459912.17925652      99.00000000
 2459912.5   5.443254532813   5.448975424301  -0.400605862253  -0.399174214912  2.736634 11.4 2459913.17760734      99.00000000
 2459913.5   5.450097316841   5.455810016701  -0.398549738747  -0.397107031944  2.746683 11.4 2459914.17596348      99.00000000
 2459914.5   5.456973727141   5.462677894337  -0.396471707571  -0.395017984578  2.756658 11.4 2459915.17432486      99.00000000
 2459915.5   5.463882653008   5.469578048681  -0.394371836438  -0.392907084161  2.766559 11.4 2459916.17269125      99.00000000
 2459916.5   5.470823367703   5.476509886917  -0.392250119983  -0.390774282253  2.776384 11.4 2459917.17106260      99.00000000
 2459917.5   5.477794849178   5.483472519865  -0.390106623745  -0.388619622686  2.786133 11.4 2459918.16943872      99.00000000
 2459918.5   5.484796458052   5.490465413995  -0.387941337527  -0.386443095155  2.795805 11.4 2459919.16781954      99.00000000
 2459919.5   5.491827258793   5.497487697930  -0.385754323263  -0.384244781371  2.805400 11.4 2459920.16620488      99.00000000
 2459920.5   5.498886692013   5.504538828772  -0.383545565877  -0.382024699286  2.814916 11.4 2459921.16459471      99.00000000
 2459921.5   5.505973897586   5.511617919465  -0.381315124727  -0.379782948615  2.824354 11.4 2459922.16298886      99.00000000
 2459922.5   5.513088382378   5.518724416455  -0.379062981772  -0.377519550869  2.833712 11.4 2459923.16138728      99.00000000
 2459923.5   5.520229346089   5.525857440624  -0.376789196435  -0.375234599359  2.842990 11.4 2459924.15978981      99.00000000
 2459924.5   5.527396345506   5.533016465942  -0.374493750842  -0.372928099416  2.852187 11.4 2459925.15819642      99.00000000
 2459925.5   5.534588624122   5.540200662593  -0.372176707809  -0.370600125583  2.861302 11.4 2459926.15660696      99.00000000
 2459926.5   5.541805774100   5.547409567532  -0.369838052851  -0.368250662596  2.870334 11.4 2459927.15502139      99.00000000
 2459927.5   5.549047070316   5.554642424862  -0.367477855029  -0.365879768340  2.879283 11.4 2459928.15343957      99.00000000
 2459928.5   5.556312130349   5.561898848422  -0.365096105629  -0.363487413086  2.888148 11.4 2459929.15186148      99.00000000
 2459929.5   5.563600252437   5.569178162352  -0.362692881931  -0.361073646020  2.896927 11.4 2459930.15028695      99.00000000
 2459930.5   5.570911072497   5.576480058741  -0.360268182824  -0.358638431993  2.905621 11.4 2459931.14871599      99.00000000
 2459931.5   5.578243904263   5.583803938290  -0.357822095971  -0.356181822848  2.914227 11.4 2459932.14714843      99.00000000
 2459932.5   5.585598391357   5.591149557224  -0.355354631015  -0.353703795076  2.922746 11.4 2459933.14558427      99.00000000
 2459933.5   5.592973847388   5.598516354065  -0.352865890855  -0.351204430573  2.931175 11.4 2459934.14402337      99.00000000
 2459934.5   5.600369901701   5.605904066937  -0.350355903049  -0.348683757968  2.939514 11.4 2459935.14246569      99.00000000
 2459935.5   5.607785839701   5.613312034317  -0.347824795271  -0.346141938265  2.947762 11.4 2459936.14091110      99.00000000
 2459936.5   5.615221245968   5.620739799265  -0.345272623964  -0.343579092857  2.955918 11.4 2459937.13935956      99.00000000
 2459937.5   5.622675352301   5.628186448507  -0.342699551634  -0.340995466518  2.963980 11.4 2459938.13781092      99.00000000
 2459938.5   5.630147688381   5.635651301945  -0.340105669378  -0.338391220749  2.971947 11.4 2459939.13626512      99.00000000
 2459939.5   5.637637445815   5.643133354722  -0.337491172866  -0.335766583504  2.979819 11.4 2459940.13472200      99.00000000
 2459940.5   5.645144137820   5.650632009256  -0.334856177642  -0.333121653869  2.987595 11.4 2459941.13318151      99.00000000
 2459941.5   5.652666971268   5.658146476460  -0.332200895728  -0.330456591572  2.995274 11.4 2459942.13164350      99.00000000
 2459942.5   5.660205501452   5.665676408102  -0.329525447971  -0.327771452181  3.002856 11.4 2459943.13010794      99.00000000
 2459943.5   5.667758998727   5.673221216395  -0.326830045704  -0.325066391083  3.010340 11.4 2459944.12857467      99.00000000
 2459944.5   5.675327091279   5.680780670641  -0.324114802925  -0.322341486647  3.017727 11.4 2459945.12704369      99.00000000
 2459945.5   5.682909126235   5.688354229283  -0.321379923493  -0.319596930850  3.025015 11.4 2459946.12551486      99.00000000
 2459946.5   5.690504804949   5.695941661318  -0.318625512066  -0.316832836327  3.032205 11.4 2459947.12398817      99.00000000
