2459578.20410179
2459579.20141226
2459580.19872410
2459581.19603729
2459582.19335184
2459583.19066771
2459584.18798491
2459585.18530342
2459586.18262323
2459587.17994431
2459588.17726666
2459589.17459026
2459590.17191509
2459591.16924115
2459592.16656841
2459593.16389686
2459594.16122650
2459595.15855729
2459596.15588924
2459597.15322232
2459598.15055651
2459599.14789181
2459600.14522820
2459601.14256566
2459602.13990417
2459603.13724372
2459604.13458430
2459605.13192589
2459606.12926847
2459607.12661202
2459608.12395654
2459609.12130200
2459610.11864839
2459611.11599569
2459612.11334386
2459613.11069291
2459614.10804279
2459615.10539349
2459616.10274499
2459617.10009726
2459618.09745029
2459619.09480406
2459620.09215854
2459621.08951371
2459622.08686956
2459623.08422606
2459624.08158319
2459625.07894093
2459626.07629927
2459627.07365817
2459628.07101763
2459629.06837762
2459630.06573811
2459631.06309910
2459632.06046055
2459633.05782246
2459634.05518480
2459635.05254755
2459636.04991070
2459637.04727421
2459638.04463807
2459639.04200226
2459640.03936674
2459641.03673151
2459642.03409652
2459643.03146177
2459644.02882722
2459645.02619285
2459646.02355864
2459647.02092458
2459648.01829063
2459649.01565678
2459650.01302302
2459651.01038932
2459652.00775550
2459653.00512158
2459654.00248782
2459654.99985406
2459655.99722024
2459656.99458633
2459657.99195233
2459658.98931821
2459659.98668395
2459660.98404954
2459661.98141494
2459662.97878015
2459663.97614515
2459664.97350991
2459665.97087441
2459666.96823862
2459667.96560253
2459668.96296612
2459669.96032935
2459670.95769221
2459671.95505468
2459672.95241673
2459673.94977834
2459674.94713949
2459675.94450017
2459676.94186035
2459677.93922002
2459678.93657915
2459679.93393772
2459680.93129572
2459681.92865312
2459682.92600992
2459683.92336608
2459684.92072161
2459685.91807646
2459686.91543064
2459687.91278413
2459688.91013691
2459689.90748895
2459690.90484026
2459691.90219080
2459692.89954057
2459693.89688954
2459694.89423769
2459695.89158500
2459696.88893146
2459697.88627705
2459698.88362175
2459699.88096554
2459700.87830841
2459701.87565034
2459702.87299131
2459703.87033131
2459704.86767032
2459705.86500833
2459706.86234533
2459707.85968130
2459708.85701622
2459709.85435009
2459710.85168289
2459711.84901461
2459712.84634524
2459713.84367477
2459714.84100318
2459715.83833047
2459716.83565663
2459717.83298164
2459718.83030550
2459719.82762819
2459720.82494971
2459721.82227003
2459722.81958915
2459723.81690705
2459724.81422372
2459725.81153915
2459726.80885333
2459727.80616626
2459728.80347791
2459729.80078828
2459730.79809736
2459731.79540515
2459732.79271163
2459733.79001681
2459734.78732067
2459735.78462320
2459736.78192441
2459737.77922428
2459738.77652281
2459739.77382001
2459740.77111585
2459741.76841035
2459742.76570350
2459743.76299529
2459744.76028574
2459745.75757482
2459746.75486255
2459747.75214891
2459748.74943391
2459749.74671754
2459750.74399979
2459751.74128066
2459752.73856016
2459753.73583827
2459754.73311499
2459755.73039033
2459756.72766429
2459757.72493686
2459758.72220805
2459759.71947786
2459760.71674629
2459761.71401335
2459762.71127903
2459763.70854335
2459764.70580630
2459765.70306789
2459766.70032813
2459767.69758703
2459768.69484458
2459769.69210081
2459770.68935571
2459771.68660930
2459772.68386158
2459773.68111256
2459774.67836225
2459775.67561066
2459776.67285779
2459777.67010366
2459778.66734825
2459779.66459159
2459780.66183368
2459781.65907453
2459782.65631415
2459783.65355256
2459784.65078975
2459785.64802575
2459786.64526057
2459787.64249421
2459788.63972670
2459789.63695805
2459790.63418827
2459791.63141738
2459792.62864539
2459793.62587233
2459794.62309820
2459795.62032302
2459796.61754682
2459797.61476961
2459798.61199141
2459799.60921224
2459800.60643212
2459801.60365107
2459802.60086911
2459803.59808624
2459804.59530250
2459805.59251789
2459806.58973244
2459807.58694616
2459808.58415907
2459809.58137119
2459810.57858254
2459811.57579315
2459812.57300302
2459813.57021220
2459814.56742069
2459815.56462853
2459816.56183572
2459817.55904231
2459818.55624831
2459819.55345375
2459820.55065865
2459821.54786304
2459822.54506694
2459823.54227039
2459824.53947340
2459825.53667601
2459826.53387824
2459827.53108012
2459828.52828168
2459829.52548293
2459830.52268391
2459831.51988465
2459832.51708515
2459833.51428545
2459834.51148557
2459835.50868554
2459836.50588538
2459837.50308511
2459838.50028477
2459839.49748438
2459840.49468397
2459841.49188356
2459842.48908318
2459843.48628286
2459844.48348263
2459845.48068251
2459846.47788254
2459847.47508273
2459848.47228313
2459849.46948375
2459850.46668463
2459851.46388580
2459852.46108728
2459853.45828911
2459854.45549130
2459855.45269390
2459856.44989693
2459857.44710040
2459858.44430435
2459859.44150880
2459860.43871377
2459861.43591929
2459862.43312537
2459863.43033205
2459864.42753935
2459865.42474729
2459866.42195589
2459867.41916519
2459868.41637520
2459869.41358594
2459870.41079746
2459871.40800976
2459872.40522287
2459873.40243681
2459874.39965161
2459875.39686730
2459876.39408389
2459877.39130141
2459878.38851988
2459879.38573933
2459880.38295978
2459881.38018124
2459882.37740375
2459883.37462732
2459884.37185197
2459885.36907771
2459886.36630457
2459887.36353255
2459888.36076168
2459889.35799196
2459890.35522342
2459891.35245607
2459892.34968992
2459893.34692499
2459894.34416129
2459895.34139884
2459896.33863765
2459897.33587774
2459898.33311912
2459899.33036180
2459900.32760580
2459901.32485113
2459902.32209780
2459903.31934582
2459904.31659521
2459905.31384597
2459906.31109812
2459907.30835167
2459908.30560664
2459909.30286302
2459910.30012083
2459911.29738007
2459912.29464076
2459913.29190288
2459914.28916646
2459915.28643147
2459916.28369794
2459917.28096587
2459918.27823524
2459919.27550608
2459920.27277837
2459921.27005213
2459922.26732735
2459923.26460403
2459924.26188218
2459925.25916179
2459926.25644287
2459927.25372541
2459928.25100942
2459929.24829489
2459930.24558182
2459931.24287022
2459932.24016007
2459933.23745139
2459934.23474416
2459935.23203838
2459936.22933406
2459937.22663118
2459938.22392975
2459939.22122974
2459940.21853116
2459941.21583400
2459942.21313824
2459943.21044388
2459944.20775090
2459945.20505929
2459946.20236905
2459947.19968016
