 -3    7.616854  16.929689    8.635136  18.405995    5.662328  15.071417   10.596154  21.232635    9.744573  19.674022
 -2    7.621012  16.941979    8.527811  18.322181    5.654749  15.048520   10.538597  21.183339    9.684295  19.617478
 -1    7.624571  16.954753    8.418367  18.235787    5.647079  15.025965   10.481102  21.134179    9.624011  19.561015
  0    7.627523  16.967997    8.306978  18.146969    5.639312  15.003753   10.423667  21.085153    9.563782  19.504612
  1    7.629864  16.981695    8.193848  18.055844    5.631442  14.981885   10.366291  21.036259    9.503583  19.448268
  2    7.631589  16.995831    8.079134  17.962675    5.623463  14.960361   10.308975  20.987460    9.443414  19.391980
  3    7.632695  17.010389    7.963126  17.867643    5.615367  14.939183   10.251716  20.938810    9.383272  19.335748
  4    7.633176  17.025352    7.846055  17.770976    5.607149  14.918352   10.194515  20.890282    9.323160  19.279569
  5    7.633030  17.040705    7.728196  17.672920    5.598801  14.897878   10.137371  20.841872    9.263078  19.223445
  6    7.632256  17.056430    7.609798  17.573683    5.590318  14.877732   10.080255  20.793579    9.203026  19.167373
  7    7.630851  17.072511    7.491190  17.473582    5.581693  14.857947   10.023205  20.745399    9.142969  19.111317
  8    7.628815  17.088933    7.372667  17.372868    5.572921  14.838512    9.966204  20.697332    9.082952  19.055328
  9    7.626151  17.105680    7.254542  17.271820    5.563997  14.819428    9.909250  20.649373    9.022956  18.999383
 10    7.622860  17.122737    7.137108  17.170719    5.554915  14.800696    9.852342  20.601522    8.962980  18.943480
 11    7.618944  17.140086    7.020692  17.069795    5.545671  14.782317    9.795479  20.553775    8.903034  18.887618
 12    7.614407  17.157715    6.905588  16.969364    5.536260  14.764290    9.738662  20.506129    8.843085  18.831796
 13    7.609254  17.175606    6.792086  16.869660    5.526676  14.746616    9.681888  20.458550    8.783167  18.776013
 14    7.603488  17.193746    6.680471  16.770932    5.516915  14.729294    9.625159  20.411093    8.723270  18.720269
 15    7.597115  17.212120    6.570945  16.673412    5.506972  14.712325    9.568444  20.363729    8.663396  18.664563
 16    7.590141  17.230713    6.463801  16.577274    5.496842  14.695708    9.511786  20.316457    8.603493  18.608859
 17    7.582572  17.249512    6.359226  16.482756    5.486521  14.679442    9.455165  20.269275    8.543633  18.553205
 18    7.574413  17.268503    6.257413  16.390015    5.476004  14.663485    9.398578  20.222181    8.483785  18.497581
 19    7.565673  17.287673    6.158527  16.299207    5.465286  14.647914    9.342033  20.175173    8.423950  18.441984
 20    7.556358  17.307009    6.062644  16.210473    5.454362  14.632692    9.285520  20.128248    8.364126  18.386413
 21    7.546475  17.326499    5.969940  16.123927    5.443227  14.617818    9.229043  20.081405    8.304315  18.330867
 22    7.536033  17.346130    5.880471  16.039620    5.431878  14.603291    9.172601  20.034642    8.244516  18.275347
 23    7.525038  17.365890    5.794295  15.957694    5.420309  14.589109    9.116193  19.987934    8.184732  18.219851
 24    7.513500  17.385768    5.711451  15.878185    5.408515  14.575271    9.059791  19.941320    8.124923  18.164379
 25    7.501425  17.405752    5.631922  15.801140    5.396493  14.561775    9.003435  19.894779    8.065140  18.108898
 26    7.488823  17.425831    5.555732  15.726590    5.384238  14.548618    8.947107  19.848310    8.005363  18.053453
 27    7.475701  17.445992    5.482845  15.654553    5.371745  14.535796    8.890807  19.801912    7.945590  17.998024
 28    7.462068  17.466224    5.413217  15.584999    5.359010  14.523307    8.834533  19.755583    7.885821  17.942609
 29    7.447933  17.486514    5.346794  15.517967    5.346029  14.511147    8.778285  19.709320    7.826057  17.887206
 30    7.433303  17.506852    5.283509  15.453426    5.332796  14.499312    8.722064  19.663120    7.766298  17.831814
 31    7.418186  17.527224    5.223288  15.391351    5.319309  14.487797    8.665868  19.616981    7.706546  17.776432
 32    7.402591  17.547619    5.166046  15.331716    5.305561  14.476599    8.609698  19.570902    7.646770  17.721059
 33    7.386526  17.568027    5.111652  15.274491    5.291548  14.465713    8.553527  19.524878    7.587009  17.665694
 34    7.369998  17.588437    5.060071  15.219640    5.277267  14.455136    8.497392  19.478889    7.527247  17.610334
 35    7.353016  17.608840    5.011183  15.167126    5.262715  14.444863    8.441275  19.432967    7.467486  17.554923
 36    7.335590  17.629227    4.964889  15.116912    5.247887  14.434891    8.385176  19.387093    7.407708  17.499547
 37    7.317729  17.649589    4.921089  15.068916    5.232782  14.425215    8.329094  19.341267    7.347925  17.444176
 38    7.299443  17.669919    4.879686  15.023163    5.217398  14.415831    8.273029  19.295486    7.288144  17.388800
 39    7.280741  17.690210    4.840577  14.979586    5.201732  14.406734    8.216978  19.249749    7.228360  17.333418
 40    7.261633  17.710457    4.803666  14.938141    5.185740  14.397931    8.160944  19.204052    7.168575  17.278031
 41    7.242131  17.730653    4.768852  14.898791    5.169497  14.389386    8.104924  19.158395    7.108745  17.222637
 42    7.222245  17.750794    4.736037  14.861484    5.152967  14.381125    8.048897  19.112774    7.048929  17.167235
 43    7.201984  17.770875    4.705125  14.826189    5.136148  14.373133    7.992895  19.067189    6.989103  17.111826
 44    7.181360  17.790892    4.676021  14.792862    5.119040  14.365406    7.936903  19.021637    6.929266  17.056360
 45    7.160383  17.810842    4.648601  14.761463    5.101641  14.357939    7.880921  18.976101    6.869419  17.000908
 46    7.139063  17.830723    4.622823  14.731951    5.083950  14.350727    7.824949  18.930607    6.809560  16.945440
 47    7.117412  17.850531    4.598576  14.704288    5.065967  14.343765    7.768986  18.885139    6.749693  16.889952
 48    7.095439  17.870266    4.575772  14.678433    5.047691  14.337049    7.713031  18.839697    6.689816  16.834446
 49    7.073155  17.889927    4.554327  14.654348    5.029122  14.330574    7.657085  18.794280    6.629898  16.778920
 50    7.050571  17.909512    4.534155  14.631995    5.010259  14.324335    7.601147  18.748886    6.569981  16.723374
 51    7.027696  17.929022    4.515177  14.611336    4.991102  14.318327    7.545217  18.703514    6.510047  16.667807
 52    7.004541  17.948456    4.497311  14.592295    4.971650  14.312544    7.489265  18.658161    6.450096  16.612219
 53    6.981115  17.967815    4.480482  14.574902    4.951904  14.306981    7.433335  18.612828    6.390127  16.556564
 54    6.957429  17.987097    4.464614  14.559087    4.931864  14.301631    7.377408  18.567512    6.330140  16.500910
 55    6.933492  18.006304    4.449634  14.544812    4.911529  14.296489    7.321484  18.522210    6.270137  16.445225
 56    6.909314  18.025433    4.435472  14.532038    4.890900  14.291548    7.265563  18.476912    6.210117  16.389509
 57    6.884905  18.044485    4.422059  14.520726    4.869977  14.286801    7.209643  18.431633    6.150084  16.333760
 58    6.860272  18.063458    4.409329  14.510838    4.848761  14.282240    7.153725  18.386363    6.089988  16.277976
 59    6.835425  18.082352    4.397210  14.502337    4.827251  14.277860    7.097809  18.341101    6.029896  16.222158
 60    6.810373  18.101165    4.385671  14.495184    4.805448  14.273654    7.041894  18.295843    5.969781  16.166304
 61    6.785123  18.119897    4.374623  14.489345    4.783352  14.269614    6.985955  18.250588    5.909642  16.110413
 62    6.759685  18.138547    4.364023  14.484784    4.760964  14.265734    6.930029  18.205333    5.849478  16.054440
 63    6.734066  18.157115    4.353817  14.481466    4.738285  14.262009    6.874101  18.160076    5.789290  15.998451
 64    6.708275  18.175601    4.343958  14.479359    4.715316  14.258432    6.818168  18.114812    5.729078  15.942416
 65    6.682321  18.194007    4.334400  14.478432    4.692059  14.254997    6.762223  18.069546    5.668843  15.886335
 66    6.656211  18.212331    4.325099  14.478652    4.668476  14.251698    6.706272  18.024277    5.608547  15.830206
 67    6.629955  18.230577    4.316014  14.479989    4.644638  14.248530    6.650317  17.978993    5.548242  15.774028
 68    6.603562  18.248745    4.307106  14.482413    4.620516  14.245486    6.594357  17.933703    5.487907  15.717801
 69    6.577041  18.266837    4.298340  14.485895    4.596113  14.242562    6.538389  17.888400    5.427541  15.661524
 70    6.550400  18.284856    4.289681  14.490406    4.571432  14.239751    6.482394  17.843083    5.367144  15.605195
 71    6.523649  18.302804    4.281095  14.495918    4.546475  14.237049    6.426402  17.797751    5.306717  15.548771
 72    6.496796  18.320683    4.272553  14.502402    4.521246  14.234451    6.370400  17.752400    5.246260  15.492317
 73    6.469851  18.338497    4.264026  14.509832    4.495746  14.231952    6.314388  17.707030    5.185775  15.435803
 74    6.442823  18.356249    4.255485  14.518179    4.469980  14.229546    6.258364  17.661640    5.125230  15.379228
 75    6.415720  18.373943    4.246907  14.527419    4.443948  14.227231    6.202328  17.616226    5.064667  15.322592
 76    6.388553  18.391582    4.238266  14.537524    4.417656  14.225000    6.146281  17.570790    5.004069  15.265895
 77    6.361329  18.409171    4.229541  14.548469    4.391105  14.222851    6.090221  17.525327    4.943434  15.209135
 78    6.334059  18.426714    4.220711  14.560229    4.364300  14.220779    6.034149  17.479835    4.882763  15.152312
 79    6.306750  18.444217    4.211755  14.572777    4.337242  14.218780    5.978047  17.434318    4.822055  15.095426
 80    6.279412  18.461683    4.202656  14.586115    4.309936  14.216849    5.921940  17.388772    4.761311  15.038432
 81    6.252054  18.479117    4.193397  14.600160    4.282385  14.214983    5.865818  17.343196    4.700533  14.981397
 82    6.224684  18.496522    4.183961  14.614916    4.254592  14.213175    5.809679  17.297588    4.639722  14.924291
 83    6.197311  18.513904    4.174334  14.630356    4.226561  14.211423    5.753523  17.251946    4.578829  14.867112
 84    6.169945  18.531263    4.164503  14.646455    4.198294  14.209719    5.697350  17.206269    4.517923  14.809860
 85    6.142592  18.548604    4.154455  14.663187    4.169795  14.208060    5.641160  17.160555    4.456976  14.752534
 86    6.115262  18.565928    4.144179  14.680524    4.141032  14.206439    5.584951  17.114801    4.395987  14.695132
 87    6.087964  18.583237    4.133664  14.698442    4.112066  14.204852    5.528725  17.069006    4.334957  14.637654
 88    6.060703  18.600532    4.122902  14.716916    4.082874  14.203295    5.472467  17.023167    4.273885  14.580067
 89    6.033490  18.617815    4.111884  14.735922    4.053460  14.201761    5.416196  16.977281    4.212773  14.522416
 90    6.006331  18.635087    4.100578  14.755437    4.023824  14.200248    5.359903  16.931350    4.151622  14.464681
 91    5.979234  18.652348    4.089030  14.775439    3.993971  14.198750    5.303588  16.885370    4.090388  14.406861
 92    5.952207  18.669600    4.077211  14.795906    3.963904  14.197264    5.247249  16.839339    4.029131  14.348955
 93    5.925257  18.686843    4.065118  14.816818    3.933626  14.195785    5.190886  16.793255    3.967827  14.290962
 94    5.898393  18.704079    4.052749  14.838156    3.903149  14.194312    5.134498  16.747116    3.906474  14.232882
 95    5.871622  18.721307    4.040105  14.859902    3.872450  14.192839    5.078085  16.700922    3.845073  14.174713
 96    5.844953  18.738530    4.027186  14.882038    3.841561  14.191364    5.021646  16.654669    3.783625  14.116455
 97    5.818393  18.755747    4.013994  14.904548    3.810475  14.189884    4.965170  16.608356    3.722131  14.058072
 98    5.791952  18.772960    4.000529  14.927416    3.779198  14.188396    4.908674  16.561981    3.660592  13.999616
 99    5.765638  18.790169    3.986795  14.950627    3.747733  14.186898    4.852149  16.515542    3.598971  13.941063
100    5.739459  18.807376    3.972796  14.974168    3.716085  14.185388    4.795595  16.469037    3.537319  13.882413
101    5.713424  18.824581    3.958536  14.998024    3.684256  14.183863    4.739011  16.422466    3.475616  13.823664
102    5.687541  18.841785    3.944019  15.022198    3.652252  14.182322    4.682398  16.375826    3.413861  13.764818
103    5.661821  18.858989    3.929251  15.046649    3.620076  14.180763    4.625755  16.329116    3.352053  13.705872
104    5.636270  18.876194    3.914237  15.071383    3.587699  14.179185    4.569081  16.282335    3.290193  13.646827
105    5.610899  18.893402    3.898982  15.096390    3.555182  14.177586    4.512375  16.235480    3.228283  13.587683
106    5.585717  18.910613    3.883497  15.121661    3.522503  14.175966    4.455630  16.188551    3.166324  13.528396
107    5.560732  18.927830    3.867786  15.147188    3.489666  14.174324    4.398856  16.141547    3.104280  13.469032
108    5.535955  18.945053    3.851856  15.172961    3.456675  14.172658    4.342049  16.094466    3.042199  13.409562
109    5.511393  18.962284    3.835715  15.198974    3.423534  14.170967    4.285207  16.047307    2.980061  13.349985
110    5.487057  18.979523    3.819372  15.225218    3.390246  14.169250    4.228329  16.000067    2.917867  13.290301
111    5.462955  18.996769    3.802835  15.251685    3.356815  14.167504    4.171415  15.952746    2.855616  13.230510
112    5.439097  19.014022    3.786111  15.278366    3.323245  14.165728    4.114466  15.905341    2.793310  13.170610
113    5.415492  19.031279    3.769211  15.305254    3.289538  14.163918    4.057480  15.857849    2.730949  13.110600
114    5.392150  19.048538    3.752141  15.332342    3.255699  14.162073    4.000456  15.810270    2.668535  13.050445
115    5.369078  19.065795    3.734912  15.359622    3.221730  14.160189    3.943389  15.762600    2.606034  12.990196
116    5.346286  19.083048    3.717531  15.387088    3.187634  14.158266    3.886286  15.714838    2.543491  12.929830
117    5.323783  19.100292    3.700009  15.414734    3.153414  14.156301    3.829143  15.666981    2.480887  12.869347
118    5.301576  19.117523    3.682356  15.442554    3.119073  14.154292    3.771958  15.619028    2.418221  12.808747
119    5.279673  19.134734    3.664580  15.470544    3.084614  14.152238    3.714731  15.570977    2.355494  12.748028
120    5.258084  19.151921    3.646692  15.498699    3.050040  14.150136    3.657460  15.522825    2.292706  12.687192
121    5.236816  19.169078    3.628704  15.527016    3.015327  14.147985    3.600146  15.474571    2.229858  12.626236
122    5.215877  19.186199    3.610625  15.555491    2.980526  14.145784    3.542786  15.426212    2.166951  12.565131
123    5.195275  19.203277    3.592467  15.584123    2.945618  14.143532    3.485378  15.377747    2.103953  12.503921
124    5.175019  19.220306    3.574242  15.612909    2.910608  14.141228    3.427924  15.329173    2.040909  12.442586
125    5.155117  19.237278    3.555962  15.641847    2.875499  14.138871    3.370423  15.280488    1.977800  12.381125
126    5.135576  19.254187    3.537639  15.670937    2.840293  14.136460    3.312874  15.231690    1.914626  12.319538
127    5.116405  19.271025    3.519285  15.700177    2.804996  14.133995    3.255275  15.182778    1.851388  12.257826
128    5.097614  19.287786    3.500912  15.729567    2.769610  14.131475    3.197627  15.133748    1.788086  12.195987
129    5.079208  19.304460    3.482534  15.759108    2.734138  14.128901    3.139929  15.084601    1.724722  12.134023
130    5.061198  19.321041    3.464164  15.788800    2.698585  14.126273    3.082179  15.035332    1.661297  12.071933
131    5.043591  19.337521    3.445814  15.818644    2.662953  14.123590    3.024378  14.985942    1.597777  12.009672
132    5.026396  19.353892    3.427498  15.848641    2.627246  14.120854    2.966522  14.936428    1.534208  11.947309
133    5.009621  19.370146    3.409230  15.878792    2.591468  14.118064    2.908613  14.886788    1.470572  11.884815
134    4.993274  19.386277    3.391023  15.909100    2.555621  14.115223    2.850650  14.837022    1.406869  11.822191
135    4.977363  19.402277    3.372891  15.939566    2.519710  14.112330    2.792632  14.787127    1.343097  11.759437
136    4.961897  19.418138    3.354848  15.970192    2.483726  14.109386    2.734557  14.737102    1.279260  11.696553
137    4.946883  19.433853    3.336908  16.000996    2.447692  14.106392    2.676424  14.686945    1.215357  11.633540
138    4.932330  19.449415    3.319086  16.031946    2.411603  14.103347    2.618234  14.636655    1.151392  11.570397
139    4.918245  19.464814    3.301396  16.063058    2.375462  14.100251    2.559985  14.586228    1.087326  11.507079
140    4.904637  19.480041    3.283853  16.094335    2.339271  14.097103    2.501677  14.535663    1.023212  11.443654
141    4.891513  19.495087    3.266471  16.125775    2.303034  14.093902    2.443308  14.484957    0.959029  11.380093
142    4.878881  19.509940    3.249266  16.157376    2.266754  14.090646    2.384879  14.434107    0.894777  11.316396
143    4.866746  19.524590    3.232251  16.189139    2.230432  14.087334    2.326387  14.383112    0.830455  11.252563
144    4.855115  19.539025    3.215441  16.221062    2.194071  14.083966    2.267831  14.331969    0.766065  11.188596
145    4.843994  19.553232    3.198851  16.253142    2.157673  14.080538    2.209212  14.280675    0.701609  11.124493
146    4.833388  19.567200    3.182495  16.285378    2.121240  14.077052    2.150526  14.229229    0.637087  11.060226
147    4.823302  19.580916    3.166389  16.317767    2.084775  14.073504    2.091773  14.177627    0.572456  10.995838
148    4.813739  19.594367    3.150547  16.350307    2.048281  14.069894    2.032951  14.125869    0.507778  10.931311
149    4.804703  19.607541    3.134986  16.382995    2.011758  14.066220    1.974061  14.073950    0.443028  10.866645
150    4.796198  19.620424    3.119720  16.415827    1.975209  14.062482    1.915099  14.021870    0.378206  10.801841
151    4.788227  19.633003    3.104764  16.448801    1.938639  14.058679    1.856066  13.969623    0.313314  10.736900
152    4.780792  19.645265    3.090136  16.481911    1.902048  14.054809    1.796960  13.917210    0.248352  10.671822
153    4.773894  19.657198    3.075851  16.515154    1.865439  14.050871    1.737781  13.864628    0.183324  10.606609
154    4.767537  19.668788    3.061925  16.548525    1.828815  14.046866    1.678528  13.811873    0.118202  10.541224
155    4.761721  19.680022    3.048375  16.582019    1.792179  14.042792    1.619198  13.758945    0.053022  10.475721
156    4.756448  19.690889    3.035186  16.615630    1.755533  14.038649    1.559793  13.705841   23.922449  10.410079
157    4.751718  19.701376    3.022433  16.649374    1.718880  14.034436    1.500310  13.652558   23.857055  10.344298
158    4.747532  19.711471    3.010106  16.683197    1.682223  14.030154    1.440749  13.599095   23.791592  10.278380
159    4.743890  19.721163    2.998222  16.717120    1.645563  14.025802    1.381108  13.545450   23.726060  10.212327
160    4.740790  19.730442    2.986799  16.751136    1.608904  14.021381    1.321387  13.491618   23.660463  10.146140
161    4.738234  19.739296    2.975853  16.785238    1.572248  14.016890    1.261584  13.437602   23.594766  10.079820
162    4.736219  19.747716    2.965403  16.819417    1.535598  14.012330    1.201699  13.383398   23.529016  10.013325
163    4.734744  19.755694    2.955465  16.853665    1.498955  14.007702    1.141730  13.329004   23.463195   9.946723
164    4.733808  19.763222    2.946059  16.887973    1.462323  14.003005    1.081676  13.274419   23.397296   9.879985
165    4.733409  19.770292    2.937200  16.922331    1.425705  13.998228    1.021537  13.219640   23.331344   9.813114
166    4.733544  19.776897    2.928908  16.956727    1.389102  13.993392    0.961310  13.164665   23.265316   9.746111
167    4.734212  19.783029    2.921199  16.991150    1.352518  13.988487    0.900996  13.109493   23.199224   9.678978
168    4.735409  19.788682    2.914093  17.025586    1.315954  13.983510    0.840594  13.054119   23.133070   9.611715
169    4.737133  19.793848    2.907606  17.060022    1.279413  13.978459    0.780102  12.998539   23.066807   9.544288
170    4.739380  19.798519    2.901750  17.094440    1.242896  13.973333    0.719519  12.942755   23.000501   9.476749
171    4.742145  19.802689    2.896561  17.128826    1.206405  13.968128    0.658845  12.886762   22.934125   9.409079
172    4.745424  19.806351    2.892036  17.163162    1.169942  13.962842    0.598077  12.830558   22.867681   9.341278
173    4.749209  19.809497    2.888198  17.197452    1.133507  13.957472    0.537214  12.774140   22.801170   9.273350
174    4.753495  19.812122    2.885063  17.231624    1.097103  13.952017    0.476255  12.717506   22.734594   9.205296
175    4.758272  19.814219    2.882646  17.265691    1.060729  13.946472    0.415198  12.660653   22.667956   9.137118
176    4.763534  19.815783    2.880962  17.299633    1.024388  13.940836    0.354042  12.603580   22.601224   9.068788
177    4.769271  19.816808    2.880025  17.333429    0.988068  13.935104    0.292786  12.546284   22.534442   9.000349
178    4.775474  19.817289    2.879850  17.367055    0.951792  13.929275    0.231429  12.488758   22.467595   8.931786
179    4.782132  19.817221    2.880451  17.400492    0.915551  13.923346    0.169970  12.431006   22.400684   8.863100
180    4.789236  19.816602    2.881840  17.433709    0.879346  13.917313    0.108406  12.373023   22.333706   8.794295
181    4.796775  19.815426    2.884030  17.466690    0.843179  13.911174    0.046739  12.314807   22.266669   8.725371
182    4.804738  19.813692    2.887034  17.499407    0.807051  13.904926   23.923087  12.256356   22.199574   8.656333
183    4.813113  19.811397    2.890862  17.531838    0.770964  13.898563   23.861100  12.197669   22.132424   8.587182
184    4.821890  19.808538    2.895526  17.563957    0.734919  13.892093   23.799004  12.138742   22.065172   8.517877
185    4.831058  19.805115    2.901032  17.595741    0.698917  13.885503   23.736799  12.079574   21.997886   8.448485
186    4.840603  19.801126    2.907402  17.627164    0.662959  13.878794   23.674484  12.020165   21.930539   8.378982
187    4.850515  19.796572    2.914631  17.658203    0.627047  13.871965   23.612057  11.960505   21.863134   8.309370
188    4.860781  19.791455    2.922731  17.688831    0.591182  13.865012   23.549518  11.900604   21.795672   8.239654
189    4.871390  19.785774    2.931709  17.719051    0.555365  13.857936   23.486866  11.840455   21.728157   8.169836
190    4.882331  19.779533    2.941572  17.748779    0.519597  13.850733   23.424099  11.780058   21.660591   8.099921
191    4.893591  19.772735    2.952323  17.778029    0.483848  13.843403   23.361217  11.719412   21.592938   8.029868
192    4.905159  19.765383    2.963967  17.806776    0.448173  13.835943   23.298219  11.658514   21.525251   7.959742
193    4.917024  19.757483    2.976506  17.834998    0.412550  13.828351   23.235104  11.597364   21.457511   7.889518
194    4.929175  19.749039    2.989943  17.862671    0.376978  13.820626   23.171872  11.535961   21.389719   7.819201
195    4.941603  19.740057    3.004277  17.889773    0.341459  13.812764   23.108522  11.474296   21.321877   7.748793
196    4.954297  19.730543    3.019510  17.916281    0.305994  13.804762   23.045053  11.412376   21.253988   7.678297
197    4.967247  19.720500    3.035639  17.942172    0.270584  13.796614   22.981464  11.350196   21.186056   7.607717
198    4.980444  19.709935    3.052662  17.967425    0.235229  13.788318   22.917755  11.287755   21.118051   7.537015
199    4.993879  19.698854    3.070574  17.992018    0.199929  13.779868   22.853923  11.225051   21.050012   7.466252
200    5.007540  19.687261    3.089369  18.015931    0.164682  13.771259   22.789969  11.162082   20.981928   7.395407
201    5.021417  19.675163    3.109040  18.039145    0.129490  13.762487   22.725891  11.098848   20.913797   7.324483
202    5.035499  19.662565    3.129578  18.061642    0.094349  13.753544   22.661689  11.035347   20.845623   7.253485
203    5.049776  19.649473    3.150971  18.083402    0.059228  13.744427   22.597360  10.971571   20.777408   7.182416
204    5.064236  19.635894    3.173208  18.104410    0.024179  13.735130   22.532906  10.907529   20.709156   7.111280
205    5.078868  19.621834    3.196305  18.124651   23.954222  13.725647   22.468324  10.843216   20.640871   7.040040
206    5.093660  19.607298    3.220181  18.144108   23.919309  13.715973   22.403616  10.778631   20.572508   6.968757
207    5.108603  19.592294    3.244858  18.162770   23.884439  13.706101   22.338779  10.713773   20.504133   6.897417
208    5.123685  19.576829    3.270319  18.180624   23.849610  13.696027   22.273815  10.648642   20.435723   6.826003
209    5.138896  19.560908    3.296547  18.197658   23.814821  13.685744   22.208723  10.583237   20.367278   6.754541
210    5.154225  19.544539    3.323523  18.213892   23.780070  13.675248   22.143503  10.517559   20.298803   6.683027
211    5.169662  19.527728    3.351226  18.229254   23.745355  13.664533   22.078154  10.451600   20.230301   6.611467
212    5.185198  19.510484    3.379636  18.243773   23.710675  13.653594   22.012676  10.385370   20.161775   6.539823
213    5.200822  19.492813    3.408731  18.257443   23.676029  13.642395   21.947070  10.318867   20.093189   6.468157
214    5.216527  19.474722    3.438489  18.270260   23.641413  13.630987   21.881335  10.252089   20.024596   6.396449
215    5.232302  19.456221    3.468886  18.282220   23.606794  13.619341   21.815472  10.185040   19.955978   6.324703
216    5.248140  19.437316    3.499900  18.293322   23.572224  13.607452   21.749481  10.117719   19.887337   6.252924
217    5.264033  19.418017    3.531507  18.303566   23.537676  13.595315   21.683361  10.050128   19.818674   6.181118
218    5.279974  19.398331    3.563683  18.312953   23.503148  13.582926   21.617112   9.982263   19.749995   6.109289
219    5.295957  19.378268    3.596404  18.321486   23.468639  13.570282   21.550736   9.914133   19.681303   6.037398
220    5.311974  19.357838    3.629646  18.329169   23.434144  13.557380   21.484233   9.845736   19.612568   5.965509
221    5.328020  19.337051    3.663420  18.336007   23.399663  13.544213   21.417603   9.777073   19.543834   5.893600
222    5.344092  19.315915    3.697619  18.342007   23.365190  13.530779   21.350847   9.708147   19.475087   5.821676
223    5.360185  19.294441    3.732271  18.347174   23.330726  13.517073   21.283966   9.638957   19.406328   5.749742
224    5.376297  19.272638    3.767351  18.351518   23.296266  13.503088   21.216960   9.569507   19.337559   5.677801
225    5.392424  19.250516    3.802836  18.355045   23.261808  13.488819   21.149831   9.499792   19.268785   5.605858
226    5.408565  19.228084    3.838703  18.357767   23.227347  13.474259   21.082577   9.429821   19.200008   5.533871
227    5.424718  19.205352    3.874928  18.359692   23.192878  13.459402   21.015201   9.359592   19.131203   5.461910
228    5.440880  19.182328    3.911489  18.360831   23.158396  13.444240   20.947701   9.289110   19.062407   5.389950
229    5.457050  19.159021    3.948362  18.361196   23.123858  13.428765   20.880080   9.218374   18.993607   5.317998
230    5.473226  19.135441    3.985524  18.360798   23.089319  13.412971   20.812338   9.147389   18.924807   5.246057
231    5.489404  19.111595    4.022954  18.359651   23.054747  13.396837   20.744476   9.076156   18.856007   5.174133
232    5.505583  19.087492    4.060630  18.357767   23.020134  13.380394   20.676496   9.004680   18.787213   5.102229
233    5.521760  19.063142    4.098530  18.355160   22.985475  13.363595   20.608398   8.932955   18.718428   5.030303
234    5.537934  19.038551    4.136666  18.351843   22.950761  13.346445   20.540184   8.860996   18.649657   4.958425
235    5.554101  19.013729    4.174945  18.347832   22.915987  13.328937   20.471856   8.788802   18.580854   4.886573
236    5.570260  18.988684    4.213392  18.343140   22.881144  13.311064   20.403416   8.716376   18.512087   4.814750
237    5.586409  18.963423    4.251988  18.337784   22.846227  13.292817   20.334865   8.643723   18.443331   4.742962
238    5.602546  18.937955    4.290717  18.331778   22.811227  13.274189   20.266206   8.570848   18.374590   4.671214
239    5.618670  18.912287    4.329560  18.325138   22.776137  13.255173   20.197440   8.497752   18.305866   4.599509
240    5.634780  18.886428    4.368501  18.317880   22.740951  13.235762   20.128570   8.424443   18.237163   4.527803
241    5.650874  18.860385    4.407526  18.310020   22.705660  13.215949   20.059597   8.350926   18.168485   4.456171
242    5.666951  18.834166    4.446619  18.301575   22.670256  13.195729   19.990525   8.277207   18.099795   4.384587
243    5.683011  18.807779    4.485767  18.292561   22.634690  13.175057   19.921354   8.203290   18.031147   4.313057
244    5.699053  18.781233    4.524958  18.282995   22.599021  13.153992   19.852088   8.129182   17.962524   4.241586
245    5.715077  18.754534    4.564182  18.272895   22.563211  13.132499   19.782730   8.054890   17.893925   4.170178
246    5.731084  18.727692    4.603449  18.262277   22.527252  13.110575   19.713281   7.980416   17.825356   4.098837
247    5.747074  18.700715    4.642699  18.251161   22.491135  13.088212   19.643745   7.905772   17.756819   4.027516
248    5.763048  18.673612    4.681956  18.239563   22.454852  13.065407   19.574124   7.830961   17.688320   3.956293
249    5.779008  18.646391    4.721212  18.227501   22.418393  13.042154   19.504422   7.755990   17.619826   3.885139
250    5.794956  18.619062    4.760460  18.214994   22.381749  13.018447   19.434641   7.680865   17.551383   3.814058
251    5.810895  18.591634    4.799696  18.202059   22.344911  12.994279   19.364785   7.605593   17.482976   3.743056
252    5.826828  18.564115    4.838914  18.188714   22.307871  12.969644   19.294856   7.530181   17.414606   3.672136
253    5.842760  18.536514    4.878112  18.174978   22.270617  12.944535   19.224858   7.454630   17.346274   3.601301
254    5.858694  18.508841    4.917287  18.160867   22.233140  12.918944   19.154792   7.378954   17.277985   3.530504
255    5.874636  18.481103    4.956438  18.146398   22.195426  12.892862   19.084663   7.303156   17.209741   3.459822
256    5.890588  18.453309    4.995563  18.131591   22.157426  12.866281   19.014472   7.227245   17.141518   3.389228
257    5.906556  18.425468    5.034674  18.116462   22.119184  12.839193   18.944223   7.151226   17.073352   3.318725
258    5.922543  18.397589    5.073742  18.101028   22.080663  12.811589   18.873920   7.075108   17.005230   3.248319
259    5.938553  18.369678    5.112783  18.085307   22.041847  12.783459   18.803565   6.998897   16.937155   3.178012
260    5.954588  18.341745    5.151800  18.069316   22.002722  12.754794   18.733162   6.922601   16.869129   3.107808
261    5.970651  18.313798    5.190792  18.053073   21.963273  12.725585   18.662716   6.846229   16.801154   3.037661
262    5.986747  18.285845    5.229761  18.036594   21.923485  12.695788   18.592229   6.769788   16.733235   2.967645
263    6.002876  18.257894    5.268708  18.019896   21.883341  12.665447   18.521705   6.693285   16.665377   2.897740
264    6.019042  18.229953    5.307636  18.002996   21.842828  12.634529   18.451149   6.616730   16.597535   2.827928
265    6.035247  18.202030    5.346546  17.985896   21.801930  12.603024   18.380564   6.540131   16.529772   2.758235
266    6.051494  18.174132    5.385441  17.968643   21.760632  12.570922   18.309955   6.463494   16.462065   2.688657
267    6.067785  18.146268    5.424325  17.951239   21.718917  12.538212   18.239324   6.386831   16.394416   2.619198
268    6.084122  18.118445    5.463200  17.933700   21.676772  12.504887   18.168677   6.310150   16.326826   2.549815
269    6.100506  18.090671    5.502072  17.916043   21.634124  12.470935   18.098016   6.233459   16.259301   2.480575
270    6.116940  18.062954    5.540943  17.898283   21.591042  12.436348   18.027347   6.156767   16.191842   2.411455
271    6.133425  18.035301    5.579817  17.880440   21.547474  12.401122   17.956672   6.080085   16.124418   2.342458
272    6.149963  18.007720    5.618700  17.862527   21.503403  12.365234   17.885997   6.003421   16.057073   2.273587
273    6.166555  17.980219    5.657595  17.844562   21.458813  12.328692   17.815324   5.926782   15.989793   2.204845
274    6.183203  17.952806    5.696508  17.826563   21.413686  12.291486   17.744658   5.850180   15.922578   2.136236
275    6.199910  17.925490    5.735444  17.808545   21.368008  12.253606   17.674004   5.773621   15.855430   2.067719
276    6.216676  17.898279    5.774408  17.790527   21.321761  12.215048   17.603364   5.697116   15.788353   1.999355
277    6.233504  17.871181    5.813406  17.772525   21.274932  12.175756   17.532744   5.620672   15.721348   1.931122
278    6.250397  17.844207    5.852442  17.754557   21.227505  12.135790   17.462147   5.544296   15.654421   1.863019
279    6.267358  17.817365    5.891524  17.736640   21.179464  12.095113   17.391577   5.467996   15.587520   1.795051
280    6.284389  17.790665    5.930657  17.718792   21.130732  12.053715   17.321037   5.391782   15.520716   1.727220
281    6.301496  17.764115    5.969849  17.701030   21.081380  12.011585   17.250532   5.315659   15.453983   1.659529
282    6.318680  17.737724    6.009111  17.683372   21.031352  11.968711   17.180064   5.239636   15.387320   1.591944
283    6.335947  17.711503    6.048437  17.665836   20.980629  11.925080   17.109636   5.163720   15.320729   1.524514
284    6.353300  17.685461    6.087840  17.648440   20.929189  11.880680   17.039253   5.087919   15.254215   1.457223
285    6.370741  17.659607    6.127325  17.631200   20.877013  11.835500   16.968916   5.012241   15.187779   1.390069
286    6.388273  17.633949    6.166899  17.614136   20.824080  11.789528   16.898631   4.936691   15.121388   1.323056
287    6.405900  17.608499    6.206566  17.597266   20.770373  11.742750   16.828401   4.861279   15.055088   1.256186
288    6.423621  17.583264    6.246330  17.580606   20.715872  11.695117   16.758228   4.786009   14.988863   1.189461
289    6.441439  17.558255    6.286197  17.564177   20.660512  11.646663   16.688117   4.710891   14.922713   1.122882
290    6.459354  17.533482    6.326168  17.547997   20.604332  11.597353   16.618072   4.635930   14.856639   1.056406
291    6.477368  17.508952    6.366247  17.532084   20.547290  11.547175   16.548095   4.561133   14.790645   0.990099
292    6.495478  17.484677    6.406436  17.516456   20.489364  11.496111   16.478188   4.486508   14.724731   0.923935
293    6.513687  17.460665    6.446738  17.501133   20.430536  11.444147   16.408358   4.412060   14.658903   0.857915
294    6.531991  17.436925    6.487153  17.486114   20.370785  11.391269   16.338605   4.337797   14.593111   0.792041
295    6.550391  17.413468    6.527681  17.471453   20.310097  11.337464   16.268934   4.263725   14.527422   0.726315
296    6.568884  17.390302    6.568323  17.457152   20.248459  11.282721   16.199348   4.189850   14.461810   0.660740
297    6.587467  17.367437    6.609096  17.443231   20.185857  11.227032   16.129848   4.116179   14.396276   0.595282
298    6.606139  17.344881    6.649955  17.429708   20.122208  11.170330   16.060439   4.042719   14.330821   0.529989
299    6.624894  17.322644    6.690923  17.416602   20.057591  11.112674   15.991121   3.969474   14.265448   0.464844
300    6.643731  17.300734    6.731995  17.403934   19.991958  11.054027   15.921899   3.896451   14.200158   0.399845
301    6.662643  17.279161    6.773169  17.391723   19.925299  10.994379   15.852776   3.823655   14.134922   0.334993
302    6.681626  17.257933    6.814438  17.379987   19.857603  10.933721   15.783752   3.751092   14.069780   0.270292
303    6.700675  17.237061    6.855796  17.368748   19.788869  10.872044   15.714832   3.678765   14.004716   0.205740
304    6.719785  17.216553    6.897229  17.358025   19.719096  10.809346   15.646017   3.606680   13.939732   0.141339
305    6.738951  17.196420    6.938752  17.347838   19.648226  10.745624   15.577311   3.534839   13.874826   0.077050
306    6.758168  17.176673    6.980332  17.338208   19.576323  10.680825   15.508714   3.463248   13.810000   0.012928
307    6.777431  17.157320    7.021970  17.329155   19.503360  10.614996   15.440225   3.391908   13.745256  23.885119
308    6.796735  17.138372    7.063654  17.320701   19.429336  10.548111   15.371852   3.320824   13.680596  23.821430
309    6.816075  17.119840    7.105375  17.312865   19.354254  10.480163   15.303592   3.249998   13.615981  23.757888
310    6.835446  17.101734    7.147121  17.305668   19.278122  10.411146   15.235448   3.179434   13.551462  23.694493
311    6.854844  17.084064    7.188898  17.299131   19.200950  10.341056   15.167422   3.109133   13.487020  23.631244
312    6.874263  17.066840    7.230648  17.293273   19.122675  10.269896   15.099514   3.039100   13.422653  23.568102
313    6.893696  17.050073    7.272386  17.288116   19.043392  10.197627   15.031725   2.969336   13.358363  23.505125
314    6.913138  17.033773    7.314096  17.283680   18.963078  10.124287   14.964055   2.899843   13.294151  23.442289
315    6.932580  17.017950    7.355759  17.279984   18.881746  10.049860   14.896509   2.830624   13.230019  23.379593
316    6.952016  17.002614    7.397347  17.277048   18.799417   9.974347   14.829086   2.761680   13.165970  23.317038
317    6.971436  16.987774    7.438872  17.274892   18.716120   9.897737   14.761787   2.693013   13.101959  23.254623
318    6.990831  16.973441    7.480280  17.273535   18.631812   9.820080   14.694615   2.624625   13.038046  23.192350
319    7.010192  16.959624    7.521561  17.272996   18.546594   9.741355   14.627569   2.556518   12.974208  23.130219
320    7.029509  16.946332    7.562691  17.273293   18.460466   9.661527   14.560651   2.488692   12.910444  23.068189
321    7.048770  16.933575    7.603647  17.274444   18.373460   9.580675   14.493860   2.421150   12.846755  23.006319
322    7.067964  16.921361    7.644404  17.276466   18.285619   9.498792   14.427199   2.353893   12.783141  22.944584
323    7.087080  16.909699    7.684968  17.279376   18.196992   9.415898   14.360668   2.286922   12.719604  22.882984
324    7.106103  16.898596    7.725234  17.283188   18.107538   9.332018   14.294268   2.220238   12.656147  22.821519
325    7.125022  16.888061    7.765224  17.287919   18.017401   9.247193   14.227998   2.153843   12.592721  22.760190
326    7.143822  16.878100    7.804909  17.293581   17.926594   9.161397   14.161860   2.087736   12.529391  22.698997
327    7.162488  16.868720    7.844259  17.300186   17.835170   9.074727   14.095854   2.021920   12.466132  22.637940
328    7.181007  16.859925    7.883242  17.307747   17.743197   8.987202   14.029979   1.956394   12.402952  22.576980
329    7.199361  16.851723    7.921827  17.316273   17.650680   8.898857   13.964234   1.891160   12.339824  22.516172
330    7.217534  16.844117    7.959981  17.325773   17.557734   8.809764   13.898623   1.826216   12.276777  22.455492
331    7.235511  16.837113    7.997672  17.336255   17.464403   8.719972   13.833145   1.761562   12.213803  22.394937
332    7.253275  16.830715    8.034868  17.347726   17.370747   8.629452   13.767800   1.697198   12.150905  22.334509
333    7.270809  16.824927    8.071537  17.360191   17.276842   8.538355   13.702587   1.633122   12.088031  22.274205
334    7.288099  16.819754    8.107648  17.373655   17.182719   8.446704   13.637507   1.569333   12.025251  22.214026
335    7.305127  16.815201    8.143169  17.388121   17.088474   8.354556   13.572558   1.505831   11.962536  22.153972
336    7.321881  16.811271    8.178069  17.403590   16.994158   8.261985   13.507741   1.442614   11.899884  22.094011
337    7.338345  16.807966    8.212349  17.420063   16.899835   8.169003   13.443051   1.379680   11.837296  22.034185
338    7.354504  16.805290    8.245907  17.437538   16.805569   8.075722   13.378493   1.317029   11.774774  21.974478
339    7.370345  16.803245    8.278761  17.456011   16.711436   7.982186   13.314064   1.254659   11.712317  21.914886
340    7.385854  16.801832    8.310882  17.475478   16.617417   7.888458   13.249764   1.192568   11.649928  21.855408
341    7.401017  16.801055    8.342243  17.495933   16.523658   7.794610   13.185591   1.130756   11.587559  21.796045
342    7.415820  16.800912    8.372817  17.517367   16.430183   7.700682   13.121547   1.069219   11.525275  21.736797
343    7.430249  16.801405    8.402591  17.539772   16.337049   7.606763   13.057629   1.007956   11.463051  21.677662
344    7.444290  16.802533    8.431501  17.563135   16.244320   7.512908   12.993835   0.946967   11.400888  21.618639
345    7.457931  16.804295    8.459563  17.587444   16.151997   7.419182   12.930169   0.886248   11.338778  21.559688
346    7.471156  16.806691    8.486743  17.612686   16.060182   7.325651   12.866628   0.825798   11.276730  21.500867
347    7.483953  16.809717    8.513020  17.638843   15.968904   7.232399   12.803211   0.765615   11.214743  21.442152
348    7.496308  16.813371    8.538375  17.665898   15.878205   7.139411   12.739919   0.705697   11.152817  21.383540
349    7.508207  16.817650    8.562791  17.693864   15.788137   7.046831   12.676749   0.646043   11.090908  21.325031
350    7.519639  16.822548    8.586252  17.722647   15.698750   6.954692   12.613702   0.586652   11.029077  21.266626
351    7.530590  16.828062    8.608742  17.752269   15.609995   6.863052   12.550777   0.527520   10.967298  21.208322
352    7.541047  16.834184    8.630250  17.782706   15.522008   6.771980   12.487970   0.468646   10.905572  21.150121
353    7.550999  16.840909    8.650763  17.813934   15.434784   6.681493   12.425284   0.410030   10.843896  21.092021
354    7.560434  16.848227    8.670272  17.845926   15.348352   6.591686   12.362717   0.351668   10.782273  21.033975
355    7.569339  16.856131    8.688769  17.878655   15.262749   6.502596   12.300267   0.293560   10.720703  20.976053
356    7.577704  16.864610    8.706280  17.912091   15.177961   6.414272   12.237934   0.235702   10.659188  20.918224
357    7.585518  16.873652    8.722727  17.946204   15.094049   6.326765   12.175718   0.178094   10.597686  20.860487
358    7.592768  16.883247    8.738148  17.980962   15.011018   6.240132   12.113616   0.120731   10.536254  20.802840
359    7.599445  16.893381    8.752540  18.016336   14.928882   6.154351   12.051629   0.063613   10.474868  20.745281
360    7.605539  16.904043    8.765903  18.052292   14.847656   6.069526   11.989755   0.006735   10.413527  20.687811
361    7.611041  16.915219    8.778236  18.088801   14.767359   5.985665   11.927993  23.893691   10.352231  20.630427
362    7.615942  16.926896    8.789542  18.125829   14.687964   5.902809   11.866342  23.837517   10.290980  20.573096
363    7.620238  16.939062    8.799824  18.163346   14.609510   5.820940   11.804800  23.781574   10.229774  20.515865
364    7.623921  16.951703    8.809090  18.201344   14.531987   5.740137   11.743366  23.725856   10.168614  20.458713
365    7.626989  16.964806    8.817345  18.239734   14.455393   5.660338   11.682039  23.670363   10.107463  20.401634
366    7.629437  16.978357    8.824599  18.278524   14.379725   5.581624   11.620817  23.615090   10.046370  20.344640
367    7.631264  16.992343    8.830861  18.317681   14.304984   5.503982   11.559699  23.560035    9.985315  20.287717
368    7.632467  17.006749    8.836144  18.357176   14.231171   5.427418   11.498683  23.505195    9.924297  20.230868
369    7.633045  17.021561    8.840460  18.396991   14.158228   5.351937   11.437769  23.450567    9.863316  20.174093
370    7.632999  17.036765    8.843821  18.437059   14.086208   5.277549   11.376956  23.396149    9.802372  20.117389
