 2459579.5   4.350095316800   4.355296037653  -0.217905036409  -0.218661816771  4.490332 12.9 2459579.91559184      99.00000000
 2459580.5   4.355265144412   4.360470408934  -0.218688079602  -0.219435162922  4.483547 12.9 2459580.91367999      99.00000000
 2459581.5   4.360419463096   4.365629467232  -0.219453568657  -0.220191106086  4.476595 12.9 2459581.91176564      99.00000000
 2459582.5   4.365557669448   4.370772412274  -0.220201526717  -0.220929678552  4.469477 12.9 2459582.90984870      99.00000000
 2459583.5   4.370679125398   4.375898399544  -0.220931974147  -0.221650861221  4.462194 12.9 2459583.90792905      99.00000000
 2459584.5   4.375783247604   4.381006705965  -0.221644958678  -0.222354630543  4.454748 12.9 2459584.90600662      99.00000000
 2459585.5   4.380869433643   4.386096694902  -0.222340525779  -0.223040958095  4.447140 12.9 2459585.90408131      99.00000000
 2459586.5   4.385937143093   4.391167886106  -0.223018745906  -0.223709861727  4.439371 12.9 2459586.90215303      99.00000000
 2459587.5   4.390985815116   4.396219832251  -0.223679683315  -0.224361384033  4.431442 12.9 2459587.90022169      99.00000000
 2459588.5   4.396014944115   4.401252152224  -0.224323422816  -0.224995615761  4.423356 12.9 2459588.89828723      99.00000000
 2459589.5   4.401023994851   4.406264417806  -0.224950039292  -0.225612656561  4.415114 12.9 2459589.89634956      99.00000000
 2459590.5   4.406012478695   4.411256216976  -0.225559625324  -0.226212633380  4.406717 12.9 2459590.89440860      99.00000000
 2459591.5   4.410979870173   4.416227067540  -0.226152261782  -0.226795664378  4.398166 12.9 2459591.89246427      99.00000000
 2459592.5   4.415925685355   4.421176497426  -0.226728046030  -0.227361882435  4.389464 12.9 2459592.89051649      99.00000000
 2459593.5   4.420849399674   4.426103965645  -0.227287063038  -0.227911403339  4.380610 12.9 2459593.88856517      99.00000000
 2459594.5   4.425750527478   4.431008945629  -0.227829413624  -0.228444351408  4.371607 12.9 2459594.88661026      99.00000000
 2459595.5   4.430628539841   4.435890847672  -0.228355185654  -0.228960828623  4.362456 12.9 2459595.88465164      99.00000000
 2459596.5   4.435482944145   4.440749105224  -0.228864482089  -0.229460940570  4.353158 12.9 2459596.88268925      99.00000000
 2459597.5   4.440313201004   4.445583101162  -0.229357392181  -0.229944766666  4.343714 12.9 2459597.88072301      99.00000000
 2459598.5   4.445118803382   4.450392258938  -0.229834019374  -0.230412388278  4.334126 12.9 2459598.87875282      99.00000000
 2459599.5   4.449899192534   4.455175971434  -0.230294452648  -0.230863862663  4.324395 12.9 2459599.87677860      99.00000000
 2459600.5   4.454653836964   4.459933691605  -0.230738794494  -0.231299255376  4.314521 12.9 2459600.87480027      99.00000000
 2459601.5   4.459382147877   4.464664855380  -0.231167132615  -0.231718618490  4.304507 12.9 2459601.87281773      99.00000000
 2459602.5   4.464083558631   4.469368962259  -0.231579568152  -0.232122025887  4.294354 12.9 2459602.87083090      99.00000000
 2459603.5   4.468757440257   4.474045484103  -0.231976187847  -0.232509552481  4.284062 12.9 2459603.86883967      99.00000000
 2459604.5   4.473403181871   4.478693930746  -0.232357092625  -0.232881308010  4.273633 12.9 2459604.86684395      99.00000000
 2459605.5   4.478020106748   4.483313743029  -0.232722370325  -0.233237412415  4.263069 12.9 2459605.86484363      99.00000000
 2459606.5   4.482607554520   4.487904345635  -0.233072124826  -0.233578022472  4.252370 12.9 2459606.86283860      99.00000000
 2459607.5   4.487164799254   4.492465034528  -0.233406449618  -0.233903296581  4.241538 12.9 2459607.86082876      99.00000000
 2459608.5   4.491691135691   4.496995042105  -0.233725457710  -0.234213408419  4.230575 12.9 2459608.85881398      99.00000000
 2459609.5   4.496185801918   4.501493462516  -0.234029256010  -0.234508501512  4.219483 12.9 2459609.85679415      99.00000000
 2459610.5   4.500648071446   4.505959380143  -0.234317975401  -0.234788703345  4.208263 12.9 2459610.85476914      99.00000000
 2459611.5   4.505077179735   4.510391858165  -0.234591744578  -0.235054097587  4.196917 12.9 2459611.85273883      99.00000000
 2459612.5   4.509472417631   4.514790091517  -0.234850718437  -0.235304768199  4.185448 12.9 2459612.85070312      99.00000000
 2459613.5   4.513833054150   4.519153355364  -0.235095049673  -0.235540797305  4.173858 12.9 2459613.84866189      99.00000000
 2459614.5   4.518158423343   4.523481074516  -0.235324914836  -0.235762313620  4.162148 12.9 2459614.84661503      99.00000000
 2459615.5   4.522447838560   4.527772693912  -0.235540484455  -0.235969472204  4.150323 12.9 2459615.84456245      99.00000000
 2459616.5   4.526700673055   4.532027715639  -0.235741948586  -0.236162476276  4.138383 12.9 2459616.84250404      99.00000000
 2459617.5   4.530916270179   4.536245581587  -0.235929487455  -0.236341537804  4.126332 12.9 2459617.84043971      99.00000000
 2459618.5   4.535094023698   4.540425744147  -0.236103297914  -0.236506893214  4.114170 12.9 2459618.83836935      99.00000000
 2459619.5   4.539233288844   4.544567579027  -0.236263565140  -0.236658767516  4.101902 12.9 2459619.83629287      99.00000000
 2459620.5   4.543333465134   4.548670474557  -0.236410489836  -0.236797396699  4.089529 12.9 2459620.83421018      99.00000000
 2459621.5   4.547393909006   4.552733751042  -0.236544260446  -0.236922997572  4.077052 12.9 2459621.83212116      99.00000000
 2459622.5   4.551414018493   4.556756751339  -0.236665080510  -0.237035793293  4.064476 12.9 2459622.83002573      99.00000000
 2459623.5   4.555393146094   4.560738759179  -0.236773140876  -0.237135984271  4.051800 12.9 2459623.82792378      99.00000000
 2459624.5   4.559330683808   4.564679090898  -0.236868646871  -0.237223773638  4.039029 12.9 2459624.82581521      99.00000000
 2459625.5   4.563225974806   4.568577016288  -0.236951790343  -0.237299338384  4.026163 12.9 2459625.82369992      99.00000000
 2459626.5   4.567078397680   4.572431855257  -0.237022776659  -0.237362856453  4.013206 12.9 2459626.82157782      99.00000000
 2459627.5   4.570887276240   4.576242901684  -0.237081796759  -0.237414481760  4.000158 12.9 2459627.81944878      99.00000000
 2459628.5   4.574651962965   4.580009519308  -0.237129054320  -0.237454377088  3.987023 12.9 2459628.81731272      99.00000000
 2459629.5   4.578371747633   4.583731056048  -0.237164738245  -0.237482695394  3.973802 12.9 2459629.81516951      99.00000000
 2459630.5   4.582045941437   4.587406922991  -0.237189050443  -0.237499616985  3.960498 12.9 2459630.81301906      99.00000000
 2459631.5   4.585673786314   4.591036486096  -0.237202179070  -0.237505330669  3.947113 12.9 2459631.81086123      99.00000000
 2459632.5   4.589254541684   4.594619125915  -0.237204327075  -0.237500065290  3.933648 12.9 2459632.80869593      99.00000000
 2459633.5   4.592787396052   4.598154118799  -0.237195686124  -0.237484060873  3.920106 12.8 2459633.80652301      99.00000000
 2459634.5   4.596271557414   4.601640701500  -0.237176465680  -0.237457588354  3.906489 12.8 2459634.80434235      99.00000000
 2459635.5   4.599706167702   4.605077971641  -0.237146867280  -0.237420910139  3.892800 12.8 2459635.80215382      99.00000000
 2459636.5   4.603090397192   4.608464986135  -0.237107113794  -0.237374293420  3.879042 12.8 2459636.79995728      99.00000000
 2459637.5   4.606423361932   4.611800703056  -0.237057423589  -0.237317971164  3.865217 12.8 2459637.79775258      99.00000000
 2459638.5   4.609704221844   4.615084121489  -0.236998039359  -0.237252164731  3.851327 12.8 2459638.79553961      99.00000000
 2459639.5   4.612932099672   4.618314247571  -0.236929201341  -0.237177062393  3.837377 12.8 2459639.79331821      99.00000000
 2459640.5   4.616106179650   4.621490227858  -0.236851174768  -0.237092862548  3.823368 12.8 2459640.79108826      99.00000000
 2459641.5   4.619225623191   4.624611271864  -0.236764221374  -0.236999766405  3.809305 12.8 2459641.78884962      99.00000000
 2459642.5   4.622289662896   4.627676723191  -0.236668625277  -0.236898020916  3.795191 12.8 2459642.78660220      99.00000000
 2459643.5   4.625297511130   4.630685928232  -0.236564663348  -0.236787896342  3.781028 12.8 2459643.78434585      99.00000000
 2459644.5   4.628248448530   4.633638286851  -0.236452630786  -0.236669707934  3.766820 12.8 2459644.78208047      99.00000000
 2459645.5   4.631141727808   4.636533133023  -0.236332811809  -0.236543776865  3.752571 12.8 2459645.77980594      99.00000000
 2459646.5   4.633976661146   4.639369815869  -0.236205506103  -0.236410445725  3.738283 12.8 2459646.77752216      99.00000000
 2459647.5   4.636752523813   4.642147608158  -0.236071000399  -0.236270042132  3.723961 12.8 2459647.77522902      99.00000000
 2459648.5   4.639468643865   4.644865805561  -0.235929595789  -0.236122901055  3.709606 12.8 2459648.77292640      99.00000000
 2459649.5   4.642124307220   4.647523641112  -0.235781579758  -0.235969334783  3.695223 12.8 2459649.77061419      99.00000000
 2459650.5   4.644718849772   4.650120385012  -0.235627253799  -0.235809659321  3.680814 12.7 2459650.76829230      99.00000000
 2459651.5   4.647251562950   4.652655256456  -0.235466905360  -0.235644165799  3.666383 12.7 2459651.76596059      99.00000000
 2459652.5   4.649721786729   4.655127523349  -0.235300835345  -0.235473146914  3.651932 12.7 2459652.76361898      99.00000000
 2459653.5   4.652128813909   4.657536415294  -0.235129329721  -0.235296868088  3.637466 12.7 2459653.76126735      99.00000000
 2459654.5   4.654471982317   4.659881227727  -0.234952686869  -0.235115595122  3.622987 12.7 2459654.75890560      99.00000000
 2459655.5   4.656750576382   4.662161237424  -0.234771189019  -0.234929568990  3.608498 12.7 2459655.75653360      99.00000000
 2459656.5   4.658963917841   4.664375805345  -0.234585129883  -0.234739040287  3.594002 12.7 2459656.75415127      99.00000000
 2459657.5   4.661111265027   4.666524279178  -0.234394786546  -0.234544252077  3.579502 12.7 2459657.75175847      99.00000000
 2459658.5   4.663191904041   4.668606072467  -0.234200448148  -0.234345480250  3.565002 12.7 2459658.74935510      99.00000000
 2459659.5   4.665205049167   4.670620535868  -0.234002388884  -0.234143015062  3.550504 12.7 2459659.74694104      99.00000000
 2459660.5   4.667149938761   4.672567014204  -0.233800898024  -0.233937190986  3.536012 12.7 2459660.74451616      99.00000000
 2459661.5   4.669025740586   4.674444717322  -0.233596253740  -0.233728350803  3.521529 12.7 2459661.74208035      99.00000000
 2459662.5   4.670831654506   4.676252806927  -0.233388753644  -0.233516858855  3.507059 12.6 2459662.73963346      99.00000000
 2459663.5   4.672566822408   4.677990315267  -0.233178688292  -0.233303056613  3.492604 12.6 2459663.73717536      99.00000000
 2459664.5   4.674230435324   4.679656281962  -0.232966371122  -0.233087279201  3.478169 12.6 2459664.73470593      99.00000000
 2459665.5   4.675821644492   4.681249705207  -0.232752110794  -0.232869823269  3.463757 12.6 2459665.73222503      99.00000000
 2459666.5   4.677339669455   4.682769688826  -0.232536240079  -0.232650980215  3.449372 12.6 2459666.72973253      99.00000000
 2459667.5   4.678783707288   4.684215378789  -0.232319086842  -0.232431019439  3.435018 12.6 2459667.72722832      99.00000000
 2459668.5   4.680153039201   4.685586078791  -0.232101001878  -0.232210231946  3.420700 12.6 2459668.72471227      99.00000000
 2459669.5   4.681446935642   4.686881144098  -0.231882328654  -0.231988915613  3.406422 12.6 2459669.72218428      99.00000000
 2459670.5   4.682664759361   4.688100057853  -0.231663430398  -0.231767412237  3.392188 12.6 2459670.71964425      99.00000000
 2459671.5   4.683805864950   4.689242297751  -0.231444659143  -0.231546079317  3.378002 12.6 2459671.71709209      99.00000000
 2459672.5   4.684869698152   4.690307407403  -0.231226382860  -0.231325312204  3.363868 12.5 2459672.71452770      99.00000000
 2459673.5   4.685855691166   4.691294875645  -0.231008954676  -0.231105504406  3.349791 12.5 2459673.71195101      99.00000000
 2459674.5   4.686763360856   4.692204232076  -0.230792740822  -0.230887065589  3.335775 12.5 2459674.70936193      99.00000000
 2459675.5   4.687592203046   4.693034948072  -0.230578090474  -0.230670383963  3.321825 12.5 2459675.70676039      99.00000000
 2459676.5   4.688341792551   4.693786547810  -0.230365364592  -0.230455850281  3.307944 12.5 2459676.70414633      99.00000000
 2459677.5   4.689011678406   4.694458514386  -0.230154906109  -0.230243826217  3.294136 12.5 2459677.70151966      99.00000000
 2459678.5   4.689601486436   4.695050401451  -0.229947069224  -0.230034672943  3.280407 12.5 2459678.69888034      99.00000000
 2459679.5   4.690110815032   4.695561736108  -0.229742189427  -0.229828721399  3.266759 12.5 2459679.69622830      99.00000000
 2459680.5   4.690539339055   4.695992129664  -0.229540612822  -0.229626301455  3.253197 12.4 2459680.69356349      99.00000000
 2459681.5   4.690886704402   4.696341180206  -0.229342665662  -0.229427711923  3.239725 12.4 2459681.69088585      99.00000000
 2459682.5   4.691152631266   4.696608586461  -0.229148683595  -0.229233250865  3.226347 12.4 2459682.68819534      99.00000000
 2459683.5   4.691336805527   4.696794051384  -0.228958980831  -0.229043188843  3.213067 12.4 2459683.68549192      99.00000000
 2459684.5   4.691438979972   4.696897393388  -0.228773879755  -0.228857806171  3.199889 12.4 2459684.68277554      99.00000000
 2459685.5   4.691458862348   4.696918434248  -0.228593680514  -0.228677374719  3.186817 12.4 2459685.68004617      99.00000000
 2459686.5   4.691396216544   4.696857081826  -0.228418692068  -0.228502201846  3.173855 12.4 2459686.67730376      99.00000000
 2459687.5   4.691250751945   4.696713180356  -0.228249203259  -0.228332609583  3.161006 12.4 2459687.67454828      99.00000000
 2459688.5   4.691022231427   4.696486570240  -0.228085515918  -0.228168963318  3.148276 12.3 2459688.67177968      99.00000000
 2459689.5   4.690710369002   4.696176951003  -0.227927917046  -0.228011626285  3.135667 12.3 2459689.66899794      99.00000000
 2459690.5   4.690314948791   4.695783999533  -0.227776712489  -0.227860968068  3.123184 12.3 2459690.66620300      99.00000000
 2459691.5   4.689835729935   4.695307309870  -0.227632197983  -0.227717315599  3.110831 12.3 2459691.66339483      99.00000000
 2459692.5   4.689272570378   4.694746569939  -0.227494691234  -0.227580977848  3.098614 12.3 2459692.66057341      99.00000000
 2459693.5   4.688625330254   4.694101512160  -0.227364500533  -0.227452221308  3.086535 12.3 2459693.65773872      99.00000000
 2459694.5   4.687893992542   4.693372060995  -0.227241955134  -0.227331315157  3.074601 12.3 2459694.65489075      99.00000000
 2459695.5   4.687078560074   4.692558233786  -0.227127372205  -0.227218515276  3.062816 12.3 2459695.65202951      99.00000000
 2459696.5   4.686179171547   4.691660243054  -0.227021086613  -0.227114107689  3.051184 12.2 2459696.64915503      99.00000000
 2459697.5   4.685195992834   4.690678363863  -0.226923417205  -0.227018383717  3.039711 12.2 2459697.64626733      99.00000000
 2459698.5   4.684129329829   4.689613019771  -0.226834696724  -0.226931672486  3.028400 12.2 2459698.64336646      99.00000000
 2459699.5   4.682979515506   4.688464645572  -0.226755237891  -0.226854304835  3.017258 12.2 2459699.64045249      99.00000000
 2459700.5   4.681747020790   4.687233780953  -0.226685363800  -0.226786637133  3.006288 12.2 2459700.63752549      99.00000000
 2459701.5   4.680432338597   4.685920946495  -0.226625374118  -0.226729009444  2.995495 12.2 2459701.63458554      99.00000000
 2459702.5   4.679036094147   4.684526755204  -0.226575576256  -0.226681768335  2.984884 12.2 2459702.63163274      99.00000000
 2459703.5   4.677558927707   4.683051803077  -0.226536251896  -0.226645227305  2.974459 12.1 2459703.62866719      99.00000000
 2459704.5   4.676001606076   4.681496791892  -0.226507689003  -0.226619694697  2.964224 12.1 2459704.62568902      99.00000000
 2459705.5   4.674364905474   4.679862423452  -0.226490148563  -0.226605439177  2.954184 12.1 2459705.62269834      99.00000000
 2459706.5   4.672649724992   4.678149522907  -0.226483897177  -0.226602722201  2.944343 12.1 2459706.61969529      99.00000000
 2459707.5   4.670856969652   4.676358929709  -0.226489173645  -0.226611765766  2.934704 12.1 2459707.61668003      99.00000000
 2459708.5   4.668987665022   4.674491619275  -0.226506221764  -0.226632786236  2.925273 12.1 2459708.61365272      99.00000000
 2459709.5   4.667042839039   4.672548591923  -0.226535256437  -0.226665962342  2.916052 12.0 2459709.61061350      99.00000000
 2459710.5   4.665023635881   4.670530995157  -0.226576496512  -0.226711470428  2.907047 12.0 2459710.60756258      99.00000000
 2459711.5   4.662931194568   4.668440011092  -0.226630130459  -0.226769455306  2.898259 12.0 2459711.60450012      99.00000000
 2459712.5   4.660766760415   4.666276973591  -0.226696349628  -0.226840071651  2.889693 12.0 2459712.60142634      99.00000000
 2459713.5   4.658531559983   4.664043238200  -0.226775314282  -0.226923462033  2.881353 12.0 2459713.59834141      99.00000000
 2459714.5   4.656226911985   4.661740269333  -0.226867188461  -0.227019803371  2.873241 12.0 2459714.59524556      99.00000000
 2459715.5   4.653854103879   4.659369472078  -0.226972107763  -0.227129279997  2.865361 12.0 2459715.59213898      99.00000000
 2459716.5   4.651414510780   4.656932259105  -0.227090216823  -0.227252111304  2.857717 11.9 2459716.58902190      99.00000000
 2459717.5   4.648909483434   4.654429908119  -0.227221638699  -0.227388496185  2.850311 11.9 2459717.58589452      99.00000000
 2459718.5   4.646340481428   4.651863711341  -0.227366513143  -0.227538620900  2.843148 11.9 2459718.58275708      99.00000000
 2459719.5   4.643708971046   4.649234932785  -0.227524964344  -0.227702608702  2.836230 11.9 2459719.57960980      99.00000000
 2459720.5   4.641016562360   4.646545015784  -0.227697136600  -0.227880558050  2.829561 11.9 2459720.57645294      99.00000000
 2459721.5   4.638264901823   4.643795521395  -0.227883158412  -0.228072526405  2.823145 11.9 2459721.57328675      99.00000000
 2459722.5   4.635455799969   4.640988264248  -0.228083175675  -0.228278586735  2.816985 11.8 2459722.57011153      99.00000000
 2459723.5   4.632591112284   4.638125173094  -0.228297313955  -0.228498807698  2.811085 11.8 2459723.56692755      99.00000000
 2459724.5   4.629672858104   4.635208378329  -0.228525711570  -0.228733294859  2.805447 11.8 2459724.56373516      99.00000000
 2459725.5   4.626703094727   4.632240056028  -0.228768481972  -0.228982154006  2.800076 11.8 2459725.56053466      99.00000000
 2459726.5   4.623684033188   4.629222520942  -0.229025747770  -0.229245520811  2.794973 11.8 2459726.55732641      99.00000000
 2459727.5   4.620617910113   4.626158083512  -0.229297603540  -0.229523517478  2.790143 11.8 2459727.55411077      99.00000000
 2459728.5   4.617507102968   4.623049157854  -0.229584150706  -0.229816280112  2.785587 11.7 2459728.55088810      99.00000000
 2459729.5   4.614354000909   4.619898131650  -0.229885460560  -0.230123914931  2.781309 11.7 2459729.54765879      99.00000000
 2459730.5   4.611161119952   4.616707485935  -0.230201609816  -0.230446527470  2.777310 11.7 2459730.54442323      99.00000000
 2459731.5   4.607930973224   4.613479673846  -0.230532643763  -0.230784181524  2.773592 11.7 2459731.54118182      99.00000000
 2459732.5   4.604666186460   4.610217247116  -0.230878612455  -0.231136932536  2.770159 11.7 2459732.53793495      99.00000000
 2459733.5   4.601369368289   4.606922737592  -0.231239533969  -0.231504790582  2.767011 11.7 2459733.53468306      99.00000000
 2459734.5   4.598043226517   4.603598783742  -0.231615431123  -0.231887757864  2.764149 11.7 2459734.53142655      99.00000000
 2459735.5   4.594690438716   4.600248009576  -0.232006294681  -0.232285794269  2.761576 11.6 2459735.52816585      99.00000000
 2459736.5   4.591313768972   4.596873148437  -0.232412120359  -0.232698856829  2.759293 11.6 2459736.52490139      99.00000000
 2459737.5   4.587915938032   4.593476918975  -0.232832871751  -0.233126866239  2.757299 11.6 2459737.52163361      99.00000000
 2459738.5   4.584499739228   4.590062146409  -0.233268517437  -0.233569747939  2.755597 11.6 2459738.51836294      99.00000000
 2459739.5   4.581067906822   4.586631634699  -0.233718993615  -0.234027400850  2.754187 11.6 2459739.51508980      99.00000000
 2459740.5   4.577623229899   4.583188279844  -0.234184241547  -0.234499742583  2.753068 11.6 2459740.51181465      99.00000000
 2459741.5   4.574168418888   4.579734925116  -0.234664170527  -0.234986682091  2.752242 11.6 2459741.50853791      99.00000000
 2459742.5   4.570706219389   4.576274447217  -0.235158696681  -0.235488165685  2.751709 11.6 2459742.50526000      99.00000000
 2459743.5   4.567239282095   4.572809581419  -0.235667707617  -0.236004141251  2.751468 11.6 2459743.50198136 2459744.49870239
 2459744.5   4.563770284961   4.569342996401  -0.236191103749  -0.236534584118  2.751518 11.6 2459745.49542351      99.00000000
 2459745.5   4.560301816375   4.565877156824  -0.236728764841  -0.237079434996  2.751861 11.6 2459746.49214512      99.00000000
 2459746.5   4.556836512118   4.562414492040  -0.237280592300  -0.237638612660  2.752496 11.6 2459747.48886764      99.00000000
 2459747.5   4.553376949648   4.558957366451  -0.237846474217  -0.238211967969  2.753423 11.6 2459748.48559146      99.00000000
 2459748.5   4.549925786858   4.555508296682  -0.238426324494  -0.238799337263  2.754641 11.6 2459749.48231701      99.00000000
 2459749.5   4.546485648375   4.552069875486  -0.239020043562  -0.239400533428  2.756151 11.6 2459750.47904470      99.00000000
 2459750.5   4.543059249546   4.548644883227  -0.239627554166  -0.240015408829  2.757951 11.6 2459751.47577498      99.00000000
 2459751.5   4.539649268028   4.545236118021  -0.240248760096  -0.240643827923  2.760042 11.6 2459752.47250825      99.00000000
 2459752.5   4.536258456615   4.541846465593  -0.240883581947  -0.241285702844  2.762422 11.6 2459753.46924497      99.00000000
 2459753.5   4.532889509684   4.538478735334  -0.241531916639  -0.241940945745  2.765092 11.7 2459754.46598554      99.00000000
 2459754.5   4.529545174567   4.535135756088  -0.242193674568  -0.242609496271  2.768049 11.7 2459755.46273041      99.00000000
 2459755.5   4.526228119688   4.531820239180  -0.242868740170  -0.243291273949  2.771292 11.7 2459756.45947999      99.00000000
 2459756.5   4.522941047687   4.528534892840  -0.243557010001  -0.243986209339  2.774821 11.7 2459757.45623469      99.00000000
 2459757.5   4.519686565978   4.525282297313  -0.244258353729  -0.244694200201  2.778633 11.7 2459758.45299491      99.00000000
 2459758.5   4.516467300922   4.522065026127  -0.244972652574  -0.245415145957  2.782726 11.7 2459759.44976107      99.00000000
 2459759.5   4.513285769876   4.518885526866  -0.245699760378  -0.246148906619  2.787098 11.8 2459760.44653355      99.00000000
 2459760.5   4.510144495568   4.515746245879  -0.246439542228  -0.246895340139  2.791747 11.8 2459761.44331273      99.00000000
 2459761.5   4.507045879321   4.512649512237  -0.247191835588  -0.247654264350  2.796671 11.8 2459762.44009898      99.00000000
 2459762.5   4.503992315566   4.509597662570  -0.247956489097  -0.248425497586  2.801867 11.8 2459763.43689267      99.00000000
 2459763.5   4.500986066465   4.506592924148  -0.248733323815  -0.249208823471  2.807332 11.8 2459764.43369414      99.00000000
 2459764.5   4.498029376615   4.503637536079  -0.249522172155  -0.250004033768  2.813063 11.8 2459765.43050374      99.00000000
 2459765.5   4.495124348989   4.500733629043  -0.250322839176  -0.250810894714  2.819057 11.9 2459766.42732177      99.00000000
 2459766.5   4.492273059358   4.497883340865  -0.251135141570  -0.251629191064  2.825310 11.9 2459767.42414857      99.00000000
 2459767.5   4.489477432974   4.495088690519  -0.251958868996  -0.252458693470  2.831820 11.9 2459768.42098441      99.00000000
 2459768.5   4.486739358212   4.492351683512  -0.252793823236  -0.253299203449  2.838583 11.9 2459769.41782958      99.00000000
 2459769.5   4.484060564314   4.489674171821  -0.253639779977  -0.254150520485  2.845596 11.9 2459770.41468435      99.00000000
 2459770.5   4.481442735994   4.487057939018  -0.254496528827  -0.255012482875  2.852853 11.9 2459771.41154895      99.00000000
 2459771.5   4.478887396227   4.484504544393  -0.255363836504  -0.255884923972  2.860353 11.9 2459772.40842363      99.00000000
 2459772.5   4.476396027987   4.482015411095  -0.256241488623  -0.256767695112  2.868092 12.0 2459773.40530859      99.00000000
 2459773.5   4.473969969060   4.479591716439  -0.257129254624  -0.257660604088  2.876065 12.0 2459774.40220402      99.00000000
 2459774.5   4.471610545157   4.477234568729  -0.258026930287  -0.258563435519  2.884269 12.0 2459775.39911014      99.00000000
 2459775.5   4.469318973937   4.474944991367  -0.258934301755  -0.259475913695  2.892701 12.0 2459776.39602712      99.00000000
 2459776.5   4.467096497506   4.472724128822  -0.259851185120  -0.260397765090  2.901358 12.0 2459777.39295517      99.00000000
 2459777.5   4.464944277893   4.470573166508  -0.260777386538  -0.261328712951  2.910236 12.0 2459778.38989445      99.00000000
 2459778.5   4.462863513374   4.468493417296  -0.261712738138  -0.262268538494  2.919332 12.1 2459779.38684516      99.00000000
 2459779.5   4.460855319397   4.466486146866  -0.262657056150  -0.263217046200  2.928641 12.1 2459780.38380748      99.00000000
 2459780.5   4.458920833654   4.464552630665  -0.263610176483  -0.264174091246  2.938162 12.1 2459781.38078157      99.00000000
 2459781.5   4.457061093737   4.462694004939  -0.264571914005  -0.265139525591  2.947889 12.1 2459782.37776760      99.00000000
 2459782.5   4.455277142270   4.460911364838  -0.265542099566  -0.266113222647  2.957819 12.1 2459783.37476572      99.00000000
 2459783.5   4.453569908794   4.459205650200  -0.266520540822  -0.267095030013  2.967948 12.1 2459784.37177606      99.00000000
 2459784.5   4.451940317945   4.457577761935  -0.267507060166  -0.268084802317  2.978272 12.1 2459785.36879877      99.00000000
 2459785.5   4.450389175412   4.456028456475  -0.268501456279  -0.269082360312  2.988787 12.2 2459786.36583396      99.00000000
 2459786.5   4.448917277410   4.454558463740  -0.269503542173  -0.270087527234  2.999488 12.2 2459787.36288176      99.00000000
 2459787.5   4.447525298654   4.453168383600  -0.270513106944  -0.271100090124  3.010372 12.2 2459788.35994224      99.00000000
 2459788.5   4.446213901364   4.451858804309  -0.271529953627  -0.272119837664  3.021434 12.2 2459789.35701552      99.00000000
 2459789.5   4.444983624105   4.450630201324  -0.272553861063  -0.273146523613  3.032669 12.2 2459790.35410165      99.00000000
 2459790.5   4.443834989801   4.449483055486  -0.273584621605  -0.274179907114  3.044073 12.2 2459791.35120073      99.00000000
 2459791.5   4.442768395462   4.448417751132  -0.274622003259  -0.275219719329  3.055642 12.3 2459792.34831279      99.00000000
 2459792.5   4.441784219569   4.447434688906  -0.275665787371  -0.276265706286  3.067370 12.3 2459793.34543790      99.00000000
 2459793.5   4.440882713199   4.446534177636  -0.276715731183  -0.277317597532  3.079254 12.3 2459794.34257608      99.00000000
 2459794.5   4.440064107213   4.445716537102  -0.277771605580  -0.278375149336  3.091288 12.3 2459795.33972737      99.00000000
 2459795.5   4.439328505085   4.444981980338  -0.278833158112  -0.279438112570  3.103468 12.3 2459796.33689176      99.00000000
 2459796.5   4.438675990144   4.444330704448  -0.279900150876  -0.280506273109  3.115789 12.3 2459797.33406928      99.00000000
 2459797.5   4.438106520621   4.443762762745  -0.280972324183  -0.281579415365  3.128247 12.3 2459798.33125990      99.00000000
 2459798.5   4.437620038178   4.443278145944  -0.282049434866  -0.282657355090  3.140837 12.3 2459799.32846361      99.00000000
 2459799.5   4.437216367460   4.442876655299  -0.283131221052  -0.283739892462  3.153555 12.4 2459800.32568036      99.00000000
 2459800.5   4.436895329280   4.442558002620  -0.284217441292  -0.284826832771  3.166396 12.4 2459801.32291013      99.00000000
 2459801.5   4.436656648178   4.442321732655  -0.285307840525  -0.285917932928  3.179356 12.4 2459802.32015286      99.00000000
 2459802.5   4.436500071927   4.442167393221  -0.286402189340  -0.287012929413  3.192431 12.4 2459803.31740851      99.00000000
 2459803.5   4.436425284349   4.442094519054  -0.287500249446  -0.288111511233  3.205618 12.4 2459804.31467703      99.00000000
 2459804.5   4.436432022612   4.442102804793  -0.288601810656  -0.289213382486  3.218911 12.4 2459805.31195838      99.00000000
 2459805.5   4.436519982763   4.442192018317  -0.289706653662  -0.290318256701  3.232308 12.4 2459806.30925252      99.00000000
 2459806.5   4.436688923393   4.442362063952  -0.290814583874  -0.291425910549  3.245806 12.5 2459807.30655941      99.00000000
 2459807.5   4.436938558998   4.442612815864  -0.291925392586  -0.292536146450  3.259399 12.5 2459808.30387901      99.00000000
 2459808.5   4.437268653675   4.442944164875  -0.293038890143  -0.293648812962  3.273084 12.5 2459809.30121130      99.00000000
 2459809.5   4.437678911721   4.443355888249  -0.294154868172  -0.294763751031  3.286858 12.5 2459810.29855620      99.00000000
 2459810.5   4.438169071584   4.443847744560  -0.295273133868  -0.295880815355  3.300717 12.5 2459811.29591369      99.00000000
 2459811.5   4.438738800843   4.444419379883  -0.296393473893  -0.296999831249  3.314656 12.5 2459812.29328371      99.00000000
 2459812.5   4.439387793448   4.445070438401  -0.297515689443  -0.298120626573  3.328672 12.5 2459813.29066621      99.00000000
 2459813.5   4.440115668847   4.445800472689  -0.298639561060  -0.299242996170  3.342761 12.5 2459814.28806111      99.00000000
 2459814.5   4.440922070611   4.446609051384  -0.299764883689  -0.300366736997  3.356918 12.5 2459815.28546837      99.00000000
 2459815.5   4.441806567319   4.447495667868  -0.300891431796  -0.301491614021  3.371140 12.6 2459816.28288790      99.00000000
 2459816.5   4.442768750452   4.448459846461  -0.302018994031  -0.302617395598  3.385422 12.6 2459817.28031965      99.00000000
 2459817.5   4.443808135466   4.449501052546  -0.303147338496  -0.303743820707  3.399761 12.6 2459818.27776353      99.00000000
 2459818.5   4.444924258095   4.450618798598  -0.304276247020  -0.304870636235  3.414153 12.6 2459819.27521947      99.00000000
 2459819.5   4.446116575419   4.451812553297  -0.305405480738  -0.305997567734  3.428592 12.6 2459820.27268737      99.00000000
 2459820.5   4.447384561084   4.453081840733  -0.306534814224  -0.307124359787  3.443076 12.6 2459821.27016715      99.00000000
 2459821.5   4.448727607352   4.454426139238  -0.307664001664  -0.308250749262  3.457599 12.6 2459822.26765872      99.00000000
 2459822.5   4.450145120585   4.455844965417  -0.308792811096  -0.309376505076  3.472159 12.6 2459823.26516199      99.00000000
 2459823.5   4.451636425594   4.457337758991  -0.309920991363  -0.310501398190  3.486750 12.6 2459824.26267683      99.00000000
 2459824.5   4.453200862532   4.458903955462  -0.311048306535  -0.311625234457  3.501370 12.7 2459825.26020315      99.00000000
 2459825.5   4.454837694361   4.460542868714  -0.312174503637  -0.312747816430  3.516014 12.7 2459826.25774083      99.00000000
 2459826.5   4.456546205800   4.462253770415  -0.313299347202  -0.313868967028  3.530678 12.7 2459827.25528975      99.00000000
 2459827.5   4.458325614537   4.464035793033  -0.314422587720  -0.314988484178  3.545359 12.7 2459828.25284978      99.00000000
 2459828.5   4.460175173023   4.465888041782  -0.315543996217  -0.316106160645  3.560053 12.7 2459829.25042080      99.00000000
 2459829.5   4.462094083983   4.467809542145  -0.316663333202  -0.317221742844  3.574758 12.7 2459830.24800268      99.00000000
 2459830.5   4.464081604654   4.469799394359  -0.317780382745  -0.318334964368  3.589469 12.7 2459831.24559532      99.00000000
 2459831.5   4.466136964098   4.471856742659  -0.318894921020  -0.319445527836  3.604183 12.7 2459832.24319858      99.00000000
 2459832.5   4.468259464753   4.473980906625  -0.320006748700  -0.320553160753  3.618899 12.7 2459833.24081236      99.00000000
 2459833.5   4.470448394452   4.476171283508  -0.321115658021  -0.321657606904  3.633612 12.7 2459834.23843657      99.00000000
 2459834.5   4.472703118641   4.478427396309  -0.322221463063  -0.322758669701  3.648320 12.7 2459835.23607111      99.00000000
 2459835.5   4.475022983812   4.480748742290  -0.323323965885  -0.323856176187  3.663020 12.8 2459836.23371587      99.00000000
 2459836.5   4.477407402182   4.483134837846  -0.324422986101  -0.324949992880  3.677709 12.8 2459837.23137077      99.00000000
 2459837.5   4.479855752439   4.485585104995  -0.325518327801  -0.326039976781  3.692385 12.8 2459838.22903571      99.00000000
 2459838.5   4.482367464267   4.488098962628  -0.326609809759  -0.327125993208  3.707043 12.8 2459839.22671061      99.00000000
 2459839.5   4.484941922373   4.490675746629  -0.327697233768  -0.328207878041  3.721682 12.8 2459840.22439535      99.00000000
 2459840.5   4.487578554025   4.493314814126  -0.328780415410  -0.329285466653  3.736297 12.8 2459841.22208985      99.00000000
 2459841.5   4.490276736792   4.496015464117  -0.329859153308  -0.330358564160  3.750887 12.8 2459842.21979401      99.00000000
 2459842.5   4.493035887792   4.498777035928  -0.330933259847  -0.331426977466  3.765447 12.8 2459843.21750774      99.00000000
 2459843.5   4.495855373077   4.501598825465  -0.332002530806  -0.332490486514  3.779975 12.8 2459844.21523093      99.00000000
 2459844.5   4.498734596505   4.504480181009  -0.333066775639  -0.333548875737  3.794468 12.8 2459845.21296349      99.00000000
 2459845.5   4.501672908985   4.507420420276  -0.334125787286  -0.334601905987  3.808922 12.8 2459846.21070532      99.00000000
 2459846.5   4.504669695770   4.510418926546  -0.335179371969  -0.335649347437  3.823334 12.8 2459847.20845631      99.00000000
 2459847.5   4.507724284977   4.513475064499  -0.336227319295  -0.336690955247  3.837701 12.8 2459848.20621636      99.00000000
 2459848.5   4.510836033536   4.516588268438  -0.337269431803  -0.337726506252  3.852020 12.8 2459849.20398538      99.00000000
 2459849.5   4.514004236077   4.519757943633  -0.338305495712  -0.338755777864  3.866287 12.8 2459850.20176324      99.00000000
 2459850.5   4.517228211468   4.522983533509  -0.339335310605  -0.339778583550  3.880500 12.9 2459851.19954985      99.00000000
 2459851.5   4.520507214465   4.526264402073  -0.340358661119  -0.340794745672  3.894656 12.9 2459852.19734509      99.00000000
 2459852.5   4.523840525173   4.529599892378  -0.341375346907  -0.341804119360  3.908751 12.9 2459853.19514883      99.00000000
 2459853.5   4.527227364982   4.532989219803  -0.342385155174  -0.342806553091  3.922783 12.9 2459854.19296096      99.00000000
 2459854.5   4.530666989297   4.536431559454  -0.343387890564  -0.343801903134  3.936749 12.9 2459855.19078135      99.00000000
 2459855.5   4.534158606892   4.539925980468  -0.344383348064  -0.344789992664  3.950646 12.9 2459856.18860988      99.00000000
 2459856.5   4.537701474223   4.543471572961  -0.345371342323  -0.345770632351  3.964471 12.9 2459857.18644642      99.00000000
 2459857.5   4.541294816145   4.547067410746  -0.346351680480  -0.346743593033  3.978223 12.9 2459858.18429085      99.00000000
 2459858.5   4.544937919711   4.550712685775  -0.347324190538  -0.347708642638  3.991899 12.9 2459859.18214307      99.00000000
 2459859.5   4.548630053939   4.554406654389  -0.348288693796  -0.348665534918  4.005497 12.9 2459860.18000297      99.00000000
 2459860.5   4.552370560474   4.558148730544  -0.349245031998  -0.349614055466  4.019015 12.9 2459861.17787043      99.00000000
 2459861.5   4.556158769436   4.561938377383  -0.350193039177  -0.350554009242  4.032450 12.9 2459862.17574537      99.00000000
 2459862.5   4.559994084360   4.565775150152  -0.351132567636  -0.351485252666  4.045801 12.9 2459863.17362771      99.00000000
 2459863.5   4.563875892811   4.569658563460  -0.352063459580  -0.352407660812  4.059066 12.9 2459864.17151733      99.00000000
 2459864.5   4.567803646483   4.573588142894  -0.352985572618  -0.353321140448  4.072243 12.9 2459865.16941417      99.00000000
 2459865.5   4.571776769562   4.577563325981  -0.353898752014  -0.354225588444  4.085330 12.9 2459866.16731812      99.00000000
 2459866.5   4.575794738226   4.581583551804  -0.354802856429  -0.355120906536  4.098323 12.9 2459867.16522911      99.00000000
 2459867.5   4.579856990793   4.585648189243  -0.355697731196  -0.356006969181  4.111222 12.9 2459868.16314705      99.00000000
 2459868.5   4.583963009420   4.589756636860  -0.356583234340  -0.356883648266  4.124024 12.9 2459869.16107185      99.00000000
 2459869.5   4.588112233106   4.593908249681  -0.357459210652  -0.357750788804  4.136727 12.9 2459870.15900342      99.00000000
 2459870.5   4.592304141216   4.598102431988  -0.358325517611  -0.358608236969  4.149328 12.9 2459871.15694168      99.00000000
 2459871.5   4.596538168014   4.602338557927  -0.359181999875  -0.359455816883  4.161826 12.9 2459872.15488654      99.00000000
 2459872.5   4.600813786348   4.606616060621  -0.360028514808  -0.360293357787  4.174217 12.9 2459873.15283791      99.00000000
 2459873.5   4.605130422006   4.610934352592  -0.360864907193  -0.361120670990  4.186501 12.9 2459874.15079571      99.00000000
 2459874.5   4.609487536110   4.615292915278  -0.361691034289  -0.361937577966  4.198673 12.9 2459875.14875984      99.00000000
 2459875.5   4.613884538282   4.619691218033  -0.362506740825  -0.362743890848  4.210732 12.9 2459876.14673022      99.00000000
 2459876.5   4.618320867432   4.624128799264  -0.363311883781  -0.363539444772  4.222676 12.9 2459877.14470675      99.00000000
 2459877.5   4.622795904394   4.628605167779  -0.364106307963  -0.364324082546  4.234502 12.9 2459878.14268935      99.00000000
 2459878.5   4.627309053059   4.633119857523  -0.364889870897  -0.365097686029  4.246208 12.9 2459879.14067792      99.00000000
 2459879.5   4.631859655640   4.637672304557  -0.365662419375  -0.365860152654  4.257792 13.0 2459880.13867235      99.00000000
 2459880.5   4.636447077878   4.642261895692  -0.366423814637  -0.366611410316  4.269251 13.0 2459881.13667254      99.00000000
 2459881.5   4.641070629964   4.646887872278  -0.367173909742  -0.367351376596  4.280584 13.0 2459882.13467837      99.00000000
 2459882.5   4.645729656809   4.651549434463  -0.367912574530  -0.368079963861  4.291788 13.0 2459883.13268975      99.00000000
 2459883.5   4.650423462808   4.656245706953  -0.368639673039  -0.368797044084  4.302862 13.0 2459884.13070655      99.00000000
 2459884.5   4.655151403121   4.660975881718  -0.369355087490  -0.369502471516  4.313804 13.0 2459885.12872868      99.00000000
 2459885.5   4.659912807428   4.665739184256  -0.370058695242  -0.370196069516  4.324612 13.0 2459886.12675603      99.00000000
 2459886.5   4.664707068204   4.670534983791  -0.370750391642  -0.370877669153  4.335285 13.0 2459887.12478851      99.00000000
 2459887.5   4.669533561075   4.675362712053  -0.371430066669  -0.371547102835  4.345822 13.0 2459888.12282602      99.00000000
 2459888.5   4.674391729265   4.680221926929  -0.372097626959  -0.372204239505  4.356221 13.0 2459889.12086847      99.00000000
 2459889.5   4.679281000633   4.685112196821  -0.372752972469  -0.372848968684  4.366482 13.0 2459890.11891580      99.00000000
 2459890.5   4.684200868740   4.690033146563  -0.373396017977  -0.373481221824  4.376602 13.0 2459891.11696791      99.00000000
 2459891.5   4.689150807178   4.694984342932  -0.374026670057  -0.374100943100  4.386580 13.0 2459892.11502473      99.00000000
 2459892.5   4.694130348171   4.699965357653  -0.374644848340  -0.374708100115  4.396416 12.9 2459893.11308619      99.00000000
 2459893.5   4.699138995576   4.704975679841  -0.375250463082  -0.375302650615  4.406107 12.9 2459894.11115221      99.00000000
 2459894.5   4.704176302904   4.710014805716  -0.375843436430  -0.375884554894  4.415653 12.9 2459895.10922272      99.00000000
 2459895.5   4.709241787024   4.715082169891  -0.376423680718  -0.376453749450  4.425052 12.9 2459896.10729763      99.00000000
 2459896.5   4.714335007390   4.720177242309  -0.376991119751  -0.377010167018  4.434303 12.9 2459897.10537688      99.00000000
 2459897.5   4.719455481556   4.725299457578  -0.377545667724  -0.377553717151  4.443403 12.9 2459898.10346039      99.00000000
 2459898.5   4.724602765914   4.730448304930  -0.378087250337  -0.378084309767  4.452352 12.9 2459899.10154809      99.00000000
 2459899.5   4.729776372545   4.735623250625  -0.378615784124  -0.378601837351  4.461148 12.9 2459900.09963990      99.00000000
 2459900.5   4.734975850472   4.740823823235  -0.379131197212  -0.379106197925  4.469789 12.9 2459901.09773575      99.00000000
 2459901.5   4.740200702544   4.746049534397  -0.379633408929  -0.379597277258  4.478275 12.9 2459902.09583555      99.00000000
 2459902.5   4.745450465841   4.751299963580  -0.380122350165  -0.380074972225  4.486602 12.9 2459903.09393924      99.00000000
 2459903.5   4.750724627339   4.756574676858  -0.380597943297  -0.380539175862  4.494771 12.9 2459904.09204674      99.00000000
 2459904.5   4.756022702630   4.761873303439  -0.381060122291  -0.380989804643  4.502778 12.9 2459905.09015797      99.00000000
 2459905.5   4.761344150322   4.767195436115  -0.381508813190  -0.381426788111  4.510623 12.9 2459906.08827285      99.00000000
 2459906.5   4.766688450363   4.772540679290  -0.381943954265  -0.381850096063  4.518304 12.9 2459907.08639129      99.00000000
 2459907.5   4.772055020177   4.777908521492  -0.382365477372  -0.382259719860  4.525819 12.9 2459908.08451320      99.00000000
 2459908.5   4.777443297191   4.783298377931  -0.382773328288  -0.382655680020  4.533167 12.9 2459909.08263850      99.00000000
 2459909.5   4.782852661585   4.788709502235  -0.383167448716  -0.383037984899  4.540347 12.9 2459910.08076707      99.00000000
 2459910.5   4.788282525963   4.794141109653  -0.383547796175  -0.383406626044  4.547357 12.9 2459911.07889883      99.00000000
 2459911.5   4.793732263580   4.799592371511  -0.383914325756  -0.383761548009  4.554197 12.9 2459912.07703366      99.00000000
 2459912.5   4.799201299613   4.805062572206  -0.384267008739  -0.384102673043  4.560865 12.9 2459913.07517147      99.00000000
 2459913.5   4.804689037000   4.810551070111  -0.384605813708  -0.384429901820  4.567361 12.9 2459914.07331218      99.00000000
 2459914.5   4.810194942484   4.816057380705  -0.384930724089  -0.384743152715  4.573685 12.9 2459915.07145571      99.00000000
 2459915.5   4.815718466628   4.821581067629  -0.385241719200  -0.385042359011  4.579834 12.9 2459916.06960197      99.00000000
 2459916.5   4.821259124867   4.827121786133  -0.385538791393  -0.385327493190  4.585809 12.9 2459917.06775088      99.00000000
 2459917.5   4.826816414143   4.832679165590  -0.385821927570  -0.385598548461  4.591610 12.9 2459918.06590238      99.00000000
 2459918.5   4.832389891905   4.838252863841  -0.386091126220  -0.385855550506  4.597236 12.9 2459919.06405640      99.00000000
 2459919.5   4.837979091682   4.843842468821  -0.386346379507  -0.386098532024  4.602685 12.9 2459920.06221287      99.00000000
 2459920.5   4.843583601488   4.849447573452  -0.386587690207  -0.386327540910  4.607959 12.8 2459921.06037172      99.00000000
 2459921.5   4.849202979110   4.855067696365  -0.386815054359  -0.386542615010  4.613055 12.8 2459922.05853288      99.00000000
 2459922.5   4.854836830441   4.860702372458  -0.387028478084  -0.386743792507  4.617974 12.8 2459923.05669630      99.00000000
 2459923.5   4.860484725011   4.866351084005  -0.387227960779  -0.386931091567  4.622714 12.8 2459924.05486189      99.00000000
 2459924.5   4.866146274849   4.872013355178  -0.387413511797  -0.387104525822  4.627275 12.8 2459925.05302959      99.00000000
 2459925.5   4.871821050837   4.877688681306  -0.387585134111  -0.387264089405  4.631657 12.8 2459926.05119935      99.00000000
 2459926.5   4.877508662514   4.883376617652  -0.387742840777  -0.387409775805  4.635857 12.8 2459927.04937109      99.00000000
 2459927.5   4.883208675315   4.889076701816  -0.387886638964  -0.387541565148  4.639877 12.8 2459928.04754474      99.00000000
 2459928.5   4.888920691005   4.894788536949  -0.388016546095  -0.387659443224  4.643714 12.8 2459929.04572024      99.00000000
 2459929.5   4.894644265093   4.900511710590  -0.388132574194  -0.387763389043  4.647369 12.8 2459930.04389752      99.00000000
 2459930.5   4.900378986936   4.906245875502  -0.388234745698  -0.387853393924  4.650839 12.8 2459931.04207652      99.00000000
 2459931.5   4.906124396212   4.911990665164  -0.388323078171  -0.387929450970  4.654125 12.8 2459932.04025716      99.00000000
 2459932.5   4.911880061684   4.917745766647  -0.388397599923  -0.387991576880  4.657226 12.7 2459933.03843939      99.00000000
 2459933.5   4.917645496165   4.923510819530  -0.388458335300  -0.388039805113  4.660140 12.7 2459934.03662312      99.00000000
 2459934.5   4.923420234354   4.929285463475  -0.388505320340  -0.388074207769  4.662868 12.7 2459935.03480828      99.00000000
 2459935.5   4.929203748369   4.935069211729  -0.388538588809  -0.388094881609  4.665407 12.7 2459936.03299478      99.00000000
 2459936.5   4.934995528810   4.940861494600  -0.388558187879  -0.388101950980  4.667758 12.7 2459937.03118255      99.00000000
 2459937.5   4.940795006516   4.946661576010  -0.388564164505  -0.388095528971  4.669919 12.7 2459938.02937148      99.00000000
 2459938.5   4.946601641948   4.952468689491  -0.388556580308  -0.388075704464  4.671891 12.7 2459939.02756150      99.00000000
 2459939.5   4.952414854530   4.958282051055  -0.388535497284  -0.388042515011  4.673674 12.7 2459940.02575249      99.00000000
 2459940.5   4.958234115739   4.964101026742  -0.388500991135  -0.387995970940  4.675266 12.7 2459941.02394438      99.00000000
 2459941.5   4.964058876483   4.969925084854  -0.388453136247  -0.387936068060  4.676668 12.6 2459942.02213708      99.00000000
 2459942.5   4.969888653754   4.975753854859  -0.388392018190  -0.387862827334  4.677880 12.6 2459943.02033053      99.00000000
 2459943.5   4.975722949884   4.981586994142  -0.388317719076  -0.387776295464  4.678903 12.6 2459944.01852464      99.00000000
 2459944.5   4.981561332424   4.987424220253  -0.388230330213  -0.387676558957  4.679736 12.6 2459945.01671936      99.00000000
 2459945.5   4.987403349169   4.993265196681  -0.388129938350  -0.387563723801  4.680380 12.6 2459946.01491462      99.00000000
 2459946.5   4.993248606386   4.999109600171  -0.388016638531  -0.387437918357  4.680834 12.6 2459947.01311036      99.00000000
