317.206002533029
317.456687000943
317.707371466229
317.958055934137
318.208740402041
318.459424867313
318.710109335209
318.960793803098
319.211478270986
319.462162736242
319.712847204121
319.963531671996
320.214216137241
320.464900605106
320.715585072969
320.966269538200
321.216954006055
321.467638473906
321.718322939123
321.969007406965
322.219691874803
322.470376340011
322.721060807841
322.971745275665
323.222429743487
323.473114208678
323.723798676492
323.974483144302
324.225167609481
324.475852077280
324.726536545078
324.977221010244
325.227905478033
325.478589945819
325.729274410974
325.979958878748
326.230643346521
326.481327811663
326.732012279428
326.982696747189
327.233381214944
327.484065680070
327.734750147818
327.985434615563
328.236119080677
328.486803548411
328.737488016143
328.988172481245
329.238856948970
329.489541416690
329.740225881779
329.990910349489
330.241594817198
330.492279284902
330.742963749976
330.993648217672
331.244332685362
331.495017150422
331.745701618106
331.996386085786
332.247070550836
332.497755018507
332.748439486172
332.999123951210
333.249808418869
333.500492886525
333.751177351550
334.001861819195
334.252546286839
334.503230754478
334.753915219488
335.004599687119
335.255284154744
335.505968619741
335.756653087360
336.007337554976
336.258022019960
336.508706487567
336.759390955169
337.010075420141
337.260759887737
337.511444355328
337.762128820288
338.012813287872
338.263497755449
338.514182223024
338.764866687969
339.015551155536
339.266235623099
339.516920088032
339.767604555585
340.018289023137
340.268973488057
340.519657955600
340.770342423137
341.021026888046
341.271711355577
341.522395823105
341.773080290628
342.023764755520
342.274449223033
342.525133690545
342.775818155425
343.026502622929
343.277187090428
343.527871555297
343.778556022786
344.029240490274
344.279924955130
344.530609422610
344.781293890085
345.031978354930
345.282662822395
345.533347289859
345.784031757319
346.034716222148
346.285400689600
346.536085157045
346.786769621861
347.037454089301
347.288138556737
347.538823021543
347.789507488969
348.040191956393
348.290876421185
348.541560888601
348.792245356014
349.042929820795
349.293614288196
349.544298755597
349.794983222993
350.045667687759
350.296352155148
350.547036622530
350.797721087283
351.048405554660
351.299090022032
351.549774486775
351.800458954139
352.051143421497
352.301827886227
352.552512353581
352.803196820930
353.053881288272
353.304565752986
353.555250220324
353.805934687657
354.056619152360
354.307303619685
354.557988087004
354.808672551695
355.059357019008
355.310041486318
355.560725950997
355.811410418299
356.062094885594
356.312779350262
356.563463817552
356.814148284838
357.064832752121
357.315517216772
357.566201684044
357.816886151315
358.067570615955
358.318255083218
358.568939550476
358.819624015102
359.070308482353
359.320992949600
359.571677414216
359.822361881455
  0.073046348688
  0.323730813293
  0.574415280521
  0.825099747745
  1.075784214965
  1.326468679553
  1.577153146763
  1.827837613971
  2.078522078549
  2.329206545749
  2.579891012945
  2.830575477512
  3.081259944698
  3.331944411883
  3.582628876437
  3.833313343614
  4.083997810787
  4.334682277954
  4.585366742493
  4.836051209655
  5.086735676812
  5.337420141339
  5.588104608487
  5.838789075633
  6.089473540148
  6.340158007286
  6.590842474421
  6.841526938925
  7.092211406049
  7.342895873172
  7.593580337664
  7.844264804779
  8.094949271891
  8.345633738996
  8.596318203473
  8.847002670572
  9.097687137668
  9.348371602134
  9.599056069222
  9.849740536304
 10.100425000757
 10.351109467834
 10.601793934907
 10.852478399349
 11.103162866412
 11.353847333473
 11.604531797904
 11.855216264957
 12.105900732007
 12.356585199051
 12.607269663465
 12.857954130504
 13.108638597538
 13.359323061943
 13.610007528969
 13.860691995990
 14.111376460382
 14.362060927397
 14.612745394409
 14.863429858790
 15.114114325794
 15.364798792791
 15.615483259787
 15.866167724153
 16.116852191142
 16.367536658126
 16.618221122480
 16.868905589455
 17.119590056428
 17.370274520771
 17.620958987737
 17.871643454698
 18.122327919029
 18.373012385983
 18.623696852933
 18.874381317252
 19.125065784195
 19.375750251133
 19.626434718068
 19.877119182373
 20.127803649299
 20.378488116223
 20.629172580517
 20.879857047431
 21.130541514344
 21.381225978626
 21.631910445530
 21.882594912431
 22.133279376702
 22.383963843594
 22.634648310484
 22.885332774742
 23.136017241624
 23.386701708501
 23.637386175376
 23.888070639620
 24.138755106486
 24.389439573349
 24.640124037582
 24.890808504437
 25.141492971289
 25.392177435511
 25.642861902354
 25.893546369195
 26.144230833405
 26.394915300237
 26.645599767066
 26.896284233891
 27.146968698086
 27.397653164904
 27.648337631717
 27.899022095901
 28.149706562708
 28.400391029510
 28.651075493683
 28.901759960479
 29.152444427269
 29.403128891431
 29.653813358214
 29.904497824995
 30.155182289144
 30.405866755917
 30.656551222687
 30.907235689451
 31.157920153586
 31.408604620345
 31.659289087098
 31.909973551222
 32.160658017969
 32.411342484711
 32.662026948824
 32.912711415559
 33.163395882291
 33.414080346392
 33.664764813117
 33.915449279837
 34.166133743927
 34.416818210641
 34.667502677350
 34.918187144056
 35.168871608130
 35.419556074829
 35.670240541524
 35.920925005587
 36.171609472274
 36.422293938958
 36.672978403010
 36.923662869687
 37.174347336359
 37.425031800401
 37.675716267066
 37.926400733727
 38.177085200385
 38.427769664412
 38.678454131062
 38.929138597709
 39.179823061725
 39.430507528363
 39.681191994999
 39.931876459004
 40.182560925631
 40.433245392256
 40.683929856250
 40.934614322866
 41.185298789480
 41.435983253462
 41.686667720068
 41.937352186670
 42.188036653269
 42.438721117237
 42.689405583827
 42.940090050416
 43.190774514373
 43.441458980952
 43.692143447529
 43.942827911476
 44.193512378044
 44.444196844610
 44.694881308546
 44.945565775103
 45.196250241658
 45.446934705583
 45.697619172129
 45.948303638673
 46.198988105212
 46.449672569122
 46.700357035655
 46.951041502183
 47.201725966082
 47.452410432605
 47.703094899121
 47.953779363010
 48.204463829519
 48.455148296027
 48.705832759904
 48.956517226403
 49.207201692900
 49.457886159391
 49.708570623254
 49.959255089740
 50.209939556220
 50.460624020072
 50.711308486547
 50.961992953017
 51.212677416858
 51.463361883322
 51.714046349780
 51.964730813610
 52.215415280064
 52.466099746512
 52.716784210331
 52.967468676772
 53.218153143210
 53.468837609645
 53.719522073448
 53.970206539876
 54.220891006300
 54.471575470093
 54.722259936510
 54.972944402922
 55.223628866705
 55.474313333111
 55.724997799512
 55.975682263284
 56.226366729679
 56.477051196070
 56.727735659830
 56.978420126215
 57.229104592595
 57.479789058973
 57.730473522719
 57.981157989089
 58.231842455455
 58.482526919191
 58.733211385549
 58.983895851905
 59.234580315630
 59.485264781977
 59.735949248322
 59.986633712036
 60.237318178374
 60.488002644707
 60.738687111038
 60.989371574738
 61.240056041061
 61.490740507381
 61.741424971070
 61.992109437382
 62.242793903692
 62.493478367370
 62.744162833671
 62.994847299970
 63.245531763638
 63.496216229928
 63.746900696216
 63.997585159874
 64.248269626153
 64.498954092431
 64.749638558704
 65.000323022347
 65.251007488614
 65.501691954876
 65.752376418508
 66.003060884764
 66.253745351015
 66.504429814638
 66.755114280881
 67.005798747123
 67.256483210735
 67.507167676968
 67.757852143200
 68.008536606801
 68.259221073024
 68.509905539244
 68.760590005461
 69.011274469047
 69.261958935257
 69.512643401462
 69.763327865039
 70.014012331238
 70.264696797433
 70.515381260999
 70.766065727188
 71.016750193372
 71.267434656927
 71.518119123106
 71.768803589279
 72.019488055451
 72.270172518990
 72.520856985155
 72.771541451316
 73.022225914845
 73.272910380999
 73.523594847148
 73.774279310668
 74.024963776811
 74.275648242950
 74.526332706460
 74.777017172593
 75.027701638720
 75.278386102220
 75.529070568342
 75.779755034460
 76.030439500575
 76.281123964061
 76.531808430168
 76.782492896273
 77.033177359747
 77.283861825844
 77.534546291939
 69.0
24622.0
