341.185460461479
341.436144934854
341.686829405601
341.937513878972
342.188198352339
342.438882823075
342.689567296434
342.940251769788
343.190936243140
343.441620713861
343.692305187206
343.942989660543
344.193674131254
344.444358604587
344.695043077917
344.945727548615
345.196412021937
345.447096495253
345.697780965941
345.948465439252
346.199149912559
346.449834383235
346.700518856535
346.951203329829
347.201887803121
347.452572273783
347.703256747068
347.953941220348
348.204625690999
348.455310164270
348.705994637540
348.956679108179
349.207363581441
349.458048054700
349.708732525326
349.959416998577
350.210101471825
350.460785942442
350.711470415682
350.962154888916
351.212839362149
351.463523832750
351.714208305976
351.964892779197
352.215577249789
352.466261723001
352.716946196211
352.967630666791
353.218315139994
353.468999613193
353.719684083762
353.970368556952
354.221053030140
354.471737503324
354.722421973878
354.973106447055
355.223790920226
355.474475390769
355.725159863935
355.975844337097
356.226528807629
356.477213280782
356.727897753933
356.978582224453
357.229266697597
357.479951170737
357.730635641247
357.981320114377
358.232004587506
358.482689060632
358.733373531127
358.984058004245
359.234742477357
359.485426947840
359.736111420947
359.986795894050
  0.237480364523
  0.488164837619
  0.738849310708
  0.989533781170
  1.240218254255
  1.490902727336
  1.741587197787
  1.992271670858
  2.242956143928
  2.493640616995
  2.744325087431
  2.995009560490
  3.245694033543
  3.496378503967
  3.747062977015
  3.997747450060
  4.248431920474
  4.499116393511
  4.749800866541
  5.000485336944
  5.251169809971
  5.501854282993
  5.752538756012
  6.003223226399
  6.253907699408
  6.504592172416
  6.755276642794
  7.005961115794
  7.256645588791
  7.507330059154
  7.758014532143
  8.008699005129
  8.259383475484
  8.510067948462
  8.760752421435
  9.011436891779
  9.262121364747
  9.512805837710
  9.763490310671
 10.014174781000
 10.264859253950
 10.515543726899
 10.766228197218
 11.016912670160
 11.267597143097
 11.518281613405
 11.768966086334
 12.019650559261
 12.270335029557
 12.521019502477
 12.771703975394
 13.022388445680
 13.273072918586
 13.523757391492
 13.774441864394
 14.025126334664
 14.275810807556
 14.526495280447
 14.777179750707
 15.027864223591
 15.278548696470
 15.529233166720
 15.779917639590
 16.030602112459
 16.281286582697
 16.531971055559
 16.782655528417
 17.033340001269
 17.284024471493
 17.534708944341
 17.785393417183
 18.036077887397
 18.286762360233
 18.537446833063
 18.788131303265
 19.038815776090
 19.289500248912
 19.540184719104
 19.790869191918
 20.041553664727
 20.292238134907
 20.542922607710
 20.793607080510
 21.044291553304
 21.294976023470
 21.545660496259
 21.796344969045
 22.047029439200
 22.297713911978
 22.548398384751
 22.799082854894
 23.049767327662
 23.300451800426
 23.551136270559
 23.801820743316
 24.052505216067
 24.303189686189
 24.553874158935
 24.804558631677
 25.055243104415
 25.305927574523
 25.556612047252
 25.807296519980
 26.057980990077
 26.308665462798
 26.559349935515
 26.810034405599
 27.060718878308
 27.311403351015
 27.562087821091
 27.812772293790
 28.063456766482
 28.314141239174
 28.564825709235
 28.815510181920
 29.066194654601
 29.316879124651
 29.567563597322
 29.818248069992
 30.068932540032
 30.319617012696
 30.570301485355
 30.820985955384
 31.071670428033
 31.322354900682
 31.573039370701
 31.823723843341
 32.074408315979
 32.325092788611
 32.575777258615
 32.826461731243
 33.077146203866
 33.327830673859
 33.578515146473
 33.829199619086
 34.079884089069
 34.330568561674
 34.581253034277
 34.831937504248
 35.082621976840
 35.333306449432
 35.583990919392
 35.834675391976
 36.085359864557
 36.336044337132
 36.586728807079
 36.837413279649
 37.088097752215
 37.338782222151
 37.589466694710
 37.840151167263
 38.090835637188
 38.341520109737
 38.592204582282
 38.842889052197
 39.093573524732
 39.344257997267
 39.594942469798
 39.845626939697
 40.096311412221
 40.346995884739
 40.597680354629
 40.848364827142
 41.099049299650
 41.349733769530
 41.600418242033
 41.851102714530
 42.101787184398
 42.352471656889
 42.603156129377
 42.853840599234
 43.104525071715
 43.355209544192
 43.605894016666
 43.856578486509
 44.107262958975
 44.357947431438
 44.608631901270
 44.859316373725
 45.110000846178
 45.360685315999
 45.611369788445
 45.862054260886
 46.112738730697
 46.363423203132
 46.614107675563
 46.864792145363
 47.115476617788
 47.366161090208
 47.616845562625
 47.867530032412
 48.118214504821
 48.368898977227
 48.619583447004
 48.870267919402
 49.120952391798
 49.371636861564
 49.622321333952
 49.873005806338
 50.123690276093
 50.374374748470
 50.625059220845
 50.875743693216
 51.126428162956
 51.377112635319
 51.627797107680
 51.878481577411
 52.129166049764
 52.379850522114
 52.630534991834
 52.881219464176
 53.131903936516
 53.382588406226
 53.633272878557
 53.883957350886
 54.134641820586
 54.385326292906
 54.636010765225
 54.886695237539
 55.137379707224
 55.388064179533
 55.638748651836
 55.889433121510
 56.140117593808
 56.390802066101
 56.641486535765
 56.892171008053
 57.142855480335
 57.393539949988
 57.644224422264
 57.894908894537
 58.145593364180
 58.396277836445
 58.646962308708
 58.897646780966
 59.148331250595
 59.399015722847
 59.649700195094
 59.900384664713
 60.151069136955
 60.401753609192
 60.652438078800
 60.903122551032
 61.153807023258
 61.404491492856
 61.655175965077
 61.905860437293
 62.156544909507
 62.407229379090
 62.657913851296
 62.908598323500
 63.159282793072
 63.409967265268
 63.660651737460
 63.911336207023
 64.162020679209
 64.412705151390
 64.663389620943
 64.914074093119
 65.164758565290
 65.415443034831
 65.666127506997
 65.916811979158
 66.167496451316
 66.418180920844
 66.668865392994
 66.919549865143
 67.170234334660
 67.420918806800
 67.671603278938
 67.922287748445
 68.172972220575
 68.423656692701
 68.674341162198
 68.925025634317
 69.175710106434
 69.426394575919
 69.677079048029
 69.927763520135
 70.178447992238
 70.429132461710
 70.679816933806
 70.930501405899
 71.181185875361
 71.431870347446
 71.682554819527
 71.933239288980
 72.183923761054
 72.434608233126
 72.685292702568
 72.935977174631
 73.186661646693
 73.437346118751
 73.688030588178
 73.938715060230
 74.189399532277
 74.440084001694
 74.690768473735
 74.941452945771
 75.192137415179
 75.442821887210
 75.693506359236
 75.944190828633
 76.194875300652
 76.445559772669
 76.696244242056
 76.946928714065
 77.197613186072
 77.448297658074
 77.698982127447
 77.949666599443
 78.200351071435
 78.451035540798
 78.701720012784
 78.952404484766
 79.203088954118
 79.453773426095
 79.704457898066
 79.955142367408
 80.205826839374
 80.456511311335
 80.707195780667
 80.957880252623
 81.208564724573
 81.459249196522
 81.709933665839
 81.960618137781
 82.211302609718
 82.461987079026
 82.712671550958
 82.963356022885
 83.214040492183
 83.464724964105
 83.715409436021
 83.966093905309
 84.216778377220
 84.467462849127
 84.718147321031
 84.968831790306
 85.219516262202
 85.470200734096
 85.720885203360
 85.971569675246
 86.222254147130
 86.472938616384
 86.723623088260
 86.974307560134
 87.224992029377
 87.475676501244
 87.726360973108
 87.977045442340
 88.227729914197
 88.478414386049
 88.729098857899
 88.979783327118
 89.230467798961
 89.481152270801
 89.731836740011
 89.982521211843
 90.233205683673
 90.483890152872
 90.734574624695
 90.985259096514
 91.235943565703
 91.486628037516
 91.737312509325
 91.987996978504
 92.238681450306
 92.489365922105
 92.740050393901
 92.990734863066
 93.241419334856
 93.492103806641
 93.742788275797
 93.993472747575
 94.244157219351
 94.494841688497
 94.745526160265
 94.996210632030
 95.246895101166
 95.497579572924
 95.748264044680
 95.998948516432
 96.249632985553
 96.500317457299
 96.751001929041
 97.001686398153
 97.252370869888
 97.503055341620
 97.753739810722
 98.004424282447
 98.255108754168
 98.505793223261
 98.756477694976
 99.007162166687
 99.257846635770
 99.508531107475
 99.759215579176
100.009900050875
100.260584519942
100.511268991635
100.761953463323
101.012637932381
101.263322404063
101.514006875741
 69.0
24622.0
