 99.813732138514
100.064416624168
100.315101107192
100.565785592838
100.816470078480
101.067154561491
101.317839047126
101.568523532756
101.819208018382
102.069892501378
102.320576986996
102.571261472610
102.821945955593
103.072630441200
103.323314926802
103.573999409774
103.824683895369
104.075368380959
104.326052863918
104.576737349500
104.827421835079
105.078106318027
105.328790803597
105.579475289164
105.830159774726
106.080844257657
106.331528743212
106.582213228762
106.832897711682
107.083582197225
107.334266682763
107.584951165671
107.835635651201
108.086320136728
108.337004619624
108.587689105142
108.838373590657
109.089058073541
109.339742559047
109.590427044549
109.841111530048
110.091796012916
110.342480498406
110.593164983892
110.843849466748
111.094533952227
111.345218437701
111.595902920544
111.846587406010
112.097271891473
112.347956374305
112.598640859759
112.849325345209
113.100009830655
113.350694313471
113.601378798909
113.852063284343
114.102747767147
114.353432252573
114.604116737994
114.854801220786
115.105485706200
115.356170191610
115.606854674390
115.857539159791
116.108223645189
116.358908127957
116.609592613346
116.860277098732
117.110961584113
117.361646066865
117.612330552238
117.863015037608
118.113699520347
118.364384005708
118.615068491065
118.865752973792
119.116437459142
119.367121944487
119.617806427202
119.868490912539
120.119175397872
120.369859880575
120.620544365900
120.871228851221
121.121913336537
121.372597819224
121.623282304533
121.873966789837
122.124651272512
122.375335757808
122.626020243101
122.876704725762
123.127389211047
123.378073696328
123.628758178977
123.879442664250
124.130127149518
124.380811634782
124.631496117415
124.882180602671
125.132865087923
125.383549570544
125.634234055788
125.884918541027
126.135603023636
126.386287508868
126.636971994096
126.887656476692
127.138340961912
127.389025447127
127.639709929711
127.890394414918
128.141078900122
128.391763385320
128.642447867888
128.893132353080
129.143816838266
129.394501320822
129.645185806000
129.895870291175
130.146554773718
130.397239258884
130.647923744047
130.898608226577
131.149292711731
131.399977196882
131.650661679400
131.901346164542
132.152030649680
132.402715134813
132.653399617315
132.904084102440
133.154768587562
133.405453070052
133.656137555165
133.906822040274
134.157506522752
134.408191007852
134.658875492949
134.909559975415
135.160244460503
135.410928945587
135.661613430667
135.912297913116
136.162982398188
136.413666883255
136.664351365692
136.915035850751
137.165720335806
137.416404818231
137.667089303278
137.917773788321
138.168458270734
138.419142755768
138.669827240799
138.920511723199
139.171196208221
139.421880693239
139.672565178253
139.923249660637
140.173934145642
140.424618630644
140.675303113015
140.925987598008
141.176672082997
141.427356565356
141.678041050337
141.928725535314
142.179410017659
142.430094502629
142.680778987593
142.931463469926
143.182147954882
143.432832439834
143.683516924781
143.934201407099
144.184885892038
144.435570376973
144.686254859279
144.936939344206
145.187623829128
145.438308311421
145.688992796335
145.939677281246
146.190361763526
146.441046248428
146.691730733326
146.942415218219
147.193099700483
147.443784185368
147.694468670249
147.945153152500
148.195837637373
148.446522122242
148.697206604480
148.947891089340
149.198575574196
149.449260056422
149.699944541270
149.950629026114
150.201313508326
150.451997993163
150.702682477994
150.953366962821
151.204051445017
151.454735929836
151.705420414651
151.956104896834
152.206789381641
152.457473866443
152.708158348614
152.958842833407
153.209527318198
153.460211800356
153.710896285137
153.961580769915
154.212265252061
154.462949736829
154.713634221593
154.964318706354
155.215003188482
155.465687673235
155.716372157982
155.967056640099
156.217741124838
156.468425609574
156.719110091678
156.969794576404
157.220479061127
157.471163543219
157.721848027932
157.972532512642
158.223216997348
158.473901479423
158.724585964120
158.975270448814
159.225954930876
159.476639415560
159.727323900240
159.978008382291
160.228692866963
160.479377351630
160.730061833667
160.980746318326
161.231430802982
161.482115285005
161.732799769653
161.983484254295
162.234168738933
162.484853220941
162.735537705571
162.986222190196
163.236906672191
163.487591156808
163.738275641421
163.988960123403
164.239644608008
164.490329092608
164.741013574577
164.991698059169
165.242382543757
165.493067025714
165.743751510293
165.994435994867
166.245120479439
166.495804961378
166.746489445940
166.997173930499
167.247858412425
167.498542896975
167.749227381520
167.999911863434
168.250596347971
168.501280832504
168.751965314405
169.002649798929
169.253334283449
169.504018767965
169.754703249849
170.005387734356
170.256072218860
170.506756700731
170.757441185226
171.008125669715
171.258810151575
171.509494636057
171.760179120534
172.010863602381
172.261548086849
172.512232571314
172.762917053147
173.013601537604
173.264286022055
173.514970506502
173.765654988319
174.016339472758
174.267023957192
174.517708438996
174.768392923422
175.019077407844
175.269761889636
175.520446374049
175.771130858458
176.021815340237
176.272499824637
176.523184309033
176.773868790799
177.024553275187
177.275237759570
177.525922243949
177.776606725698
178.027291210068
178.277975694434
178.528660176170
178.779344660528
179.030029144881
179.280713626604
179.531398110948
179.782082595290
180.032767076999
180.283451561331
180.534136045659
180.784820529982
181.035505011675
181.286189495990
181.536873980300
181.787558461981
182.038242946283
182.288927430580
182.539611912248
182.790296396537
183.040980880821
183.291665362475
183.542349846752
183.793034331024
184.043718812664
184.294403296928
184.545087781187
184.795772265442
185.046456747066
185.297141231312
185.547825715554
185.798510197165
186.049194681398
186.299879165627
186.550563647224
186.801248131445
187.051932615661
187.302617097246
187.553301581454
187.803986065657
188.054670547229
188.305355031423
188.556039515614
188.806723999799
189.057408481354
189.308092965532
189.558777449705
189.809461931246
190.060146415410
190.310830899571
190.561515381099
190.812199865251
191.062884349397
191.313568830913
191.564253315052
191.814937799186
192.065622283316
192.316306764813
192.566991248935
192.817675733051
193.068360214537
193.319044698645
193.569729182749
193.820413664221
194.071098148316
194.321782632406
194.572467113867
194.823151597948
195.073836082026
195.324520563473
195.575205047542
195.825889531606
196.076574015666
196.327258497096
196.577942981147
196.828627465194
197.079311946611
197.329996430649
197.580680914683
197.831365396086
198.082049880111
198.332734364132
198.583418845523
198.834103329535
199.084787813543
199.335472294920
199.586156778920
199.836841262914
200.087525746905
200.338210228265
200.588894712247
200.839579196224
201.090263677571
201.340948161540
201.591632645504
201.842317126838
202.093001610793
202.343686094744
202.594370576065
202.845055060008
203.095739543946
203.346424027879
203.597108509183
203.847792993108
204.098477477028
204.349161958318
204.599846442230
204.850530926137
205.101215407414
205.351899891313
205.602584375207
205.853268856471
206.103953340357
206.354637824238
206.605322305488
206.856006789361
207.106691273229
207.357375757093
207.608060238326
207.858744722181
208.109429206031
208.360113687251
208.610798171093
208.861482654931
209.112167136137
209.362851619966
209.613536103790
209.864220584982
210.114905068799
210.365589552610
210.616274033789
210.866958517592
211.117643001390
211.368327485183
211.619011966346
211.869696450131
212.120380933911
212.371065415060
212.621749898832
212.872434382599
213.123118863735
213.373803347493
213.624487831248
213.875172312371
214.125856796115
214.376541279857
214.627225763593
214.877910244698
215.128594728425
215.379279212149
215.629963693241
215.880648176955
216.131332660664
216.382017141743
216.632701625444
216.883386109141
217.134070590206
217.384755073894
217.635439557577
217.886124038629
218.136808522304
218.387493005974
218.638177489640
218.888861970674
219.139546454331
219.390230937983
219.640915419005
219.891599902648
220.142284386287
 65.0
    0.0
