2458847.99513213
2458848.99309439
2458849.99105633
2458850.98901789
2458851.98697900
2458852.98493959
2458853.98289960
2458854.98085896
2458855.97881760
2458856.97677546
2458857.97473247
2458858.97268858
2458859.97064371
2458860.96859781
2458861.96655081
2458862.96450264
2458863.96245325
2458864.96040258
2458865.95835054
2458866.95629708
2458867.95424211
2458868.95218557
2458869.95012737
2458870.94806742
2458871.94600565
2458872.94394197
2458873.94187630
2458874.93980855
2458875.93773865
2458876.93566652
2458877.93359208
2458878.93151527
2458879.92943600
2458880.92735422
2458881.92526985
2458882.92318282
2458883.92109307
2458884.91900053
2458885.91690514
2458886.91480683
2458887.91270554
2458888.91060120
2458889.90849376
2458890.90638314
2458891.90426929
2458892.90215213
2458893.90003161
2458894.89790765
2458895.89578016
2458896.89364908
2458897.89151431
2458898.88937578
2458899.88723339
2458900.88508706
2458901.88293671
2458902.88078225
2458903.87862361
2458904.87646070
2458905.87429345
2458906.87212179
2458907.86994563
2458908.86776491
2458909.86557956
2458910.86338950
2458911.86119467
2458912.85899501
2458913.85679043
2458914.85458088
2458915.85236630
2458916.85014660
2458917.84792174
2458918.84569165
2458919.84345626
2458920.84121550
2458921.83896931
2458922.83671760
2458923.83446030
2458924.83219732
2458925.82992858
2458926.82765398
2458927.82537343
2458928.82308686
2458929.82079416
2458930.81849528
2458931.81619011
2458932.81387858
2458933.81156061
2458934.80923613
2458935.80690506
2458936.80456733
2458937.80222288
2458938.79987162
2458939.79751350
2458940.79514845
2458941.79277639
2458942.79039728
2458943.78801104
2458944.78561762
2458945.78321695
2458946.78080897
2458947.77839363
2458948.77597086
2458949.77354060
2458950.77110277
2458951.76865729
2458952.76620410
2458953.76374309
2458954.76127420
2458955.75879735
2458956.75631245
2458957.75381944
2458958.75131824
2458959.74880879
2458960.74629103
2458961.74376488
2458962.74123030
2458963.73868723
2458964.73613562
2458965.73357542
2458966.73100658
2458967.72842907
2458968.72584284
2458969.72324786
2458970.72064409
2458971.71803150
2458972.71541007
2458973.71277977
2458974.71014057
2458975.70749246
2458976.70483542
2458977.70216940
2458978.69949440
2458979.69681036
2458980.69411726
2458981.69141507
2458982.68870375
2458983.68598328
2458984.68325365
2458985.68051484
2458986.67776684
2458987.67500966
2458988.67224329
2458989.66946776
2458990.66668308
2458991.66388927
2458992.66108636
2458993.65827439
2458994.65545341
2458995.65262346
2458996.64978459
2458997.64693687
2458998.64408037
2458999.64121515
2459000.63834130
2459001.63545889
2459002.63256801
2459003.62966876
2459004.62676121
2459005.62384547
2459006.62092162
2459007.61798974
2459008.61504992
2459009.61210227
2459010.60914689
2459011.60618388
2459012.60321337
2459013.60023548
2459014.59725035
2459015.59425812
2459016.59125895
2459017.58825301
2459018.58524045
2459019.58222146
2459020.57919622
2459021.57616493
2459022.57312779
2459023.57008500
2459024.56703677
2459025.56398333
2459026.56092490
2459027.55786171
2459028.55479399
2459029.55172198
2459030.54864592
2459031.54556604
2459032.54248259
2459033.53939580
2459034.53630589
2459035.53321311
2459036.53011768
2459037.52701984
2459038.52391984
2459039.52081791
2459040.51771430
2459041.51460929
2459042.51150312
2459043.50839606
2459044.50528839
2459045.50218037
2459046.49907228
2459047.49596441
2459048.49285703
2459049.48975041
2459050.48664486
2459051.48354064
2459052.48043804
2459053.47733734
2459054.47423883
2459055.47114277
2459056.46804945
2459057.46495913
2459058.46187206
2459059.45878851
2459060.45570871
2459061.45263290
2459062.44956130
2459063.44649414
2459064.44343162
2459065.44037397
2459066.43732139
2459067.43427409
2459068.43123228
2459069.42819616
2459070.42516595
2459071.42214184
2459072.41912402
2459073.41611270
2459074.41310807
2459075.41011031
2459076.40711961
2459077.40413614
2459078.40116008
2459079.39819159
2459080.39523083
2459081.39227797
2459082.38933316
2459083.38639653
2459084.38346821
2459085.38054834
2459086.37763703
2459087.37473436
2459088.37184044
2459089.36895533
2459090.36607912
2459091.36321185
2459092.36035360
2459093.35750443
2459094.35466437
2459095.35183349
2459096.34901184
2459097.34619946
2459098.34339639
2459099.34060268
2459100.33781836
2459101.33504347
2459102.33227804
2459103.32952210
2459104.32677567
2459105.32403878
2459106.32131142
2459107.31859363
2459108.31588541
2459109.31318675
2459110.31049767
2459111.30781816
2459112.30514821
2459113.30248779
2459114.29983688
2459115.29719544
2459116.29456341
2459117.29194075
2459118.28932740
2459119.28672329
2459120.28412839
2459121.28154262
2459122.27896593
2459123.27639825
2459124.27383955
2459125.27128974
2459126.26874879
2459127.26621663
2459128.26369320
2459129.26117845
2459130.25867232
2459131.25617474
2459132.25368565
2459133.25120500
2459134.24873271
2459135.24626873
2459136.24381298
2459137.24136541
2459138.23892594
2459139.23649451
2459140.23407103
2459141.23165544
2459142.22924763
2459143.22684752
2459144.22445500
2459145.22206998
2459146.21969235
2459147.21732201
2459148.21495886
2459149.21260282
2459150.21025378
2459151.20791166
2459152.20557637
2459153.20324781
2459154.20092591
2459155.19861058
2459156.19630173
2459157.19399928
2459158.19170314
2459159.18941325
2459160.18712950
2459161.18485183
2459162.18258015
2459163.18031438
2459164.17805443
2459165.17580023
2459166.17355170
2459167.17130876
2459168.16907131
2459169.16683928
2459170.16461256
2459171.16239106
2459172.16017466
2459173.15796326
2459174.15575677
2459175.15355508
2459176.15135808
2459177.14916569
2459178.14697782
2459179.14479437
2459180.14261527
2459181.14044041
2459182.13826973
2459183.13610313
2459184.13394054
2459185.13178188
2459186.12962706
2459187.12747602
2459188.12532867
2459189.12318494
2459190.12104476
2459191.11890804
2459192.11677471
2459193.11464470
2459194.11251794
2459195.11039435
2459196.10827386
2459197.10615637
2459198.10404181
2459199.10193009
2459200.09982110
2459201.09771476
2459202.09561097
2459203.09350964
2459204.09141069
2459205.08931403
2459206.08721958
2459207.08512727
2459208.08303701
2459209.08094874
2459210.07886238
2459211.07677786
2459212.07469510
2459213.07261405
2459214.07053464
2459215.06845679
2459216.06638044
2459217.06430553
