 2458838.5 -17.519   1.815   0.325  20.838 -23. -0.5315
 2458839.5 -17.472   1.841  -0.010  20.845 -23. -0.5287
 2458840.5 -17.405   1.878  -0.346  20.844 -23. -0.5260
 2458841.5 -17.318   1.915  -0.682  20.837 -23. -0.5233
 2458842.5 -17.213   1.940  -1.017  20.822 -23. -0.5205
 2458843.5 -17.098   1.946  -1.353  20.801 -23. -0.5178
 2458844.5 -16.984   1.932  -1.688  20.773 -22. -0.5151
 2458845.5 -16.878   1.898  -2.023  20.737 -22. -0.5123
 2458846.5 -16.786   1.851  -2.357  20.695 -22. -0.5096
 2458847.5 -16.711   1.798  -2.689  20.647 -22. -0.5068
 2458848.5 -16.653   1.746  -3.021  20.591 -22. -0.5041
 2458849.5 -16.608   1.702  -3.352  20.529 -22. -0.5014
 2458850.5 -16.573   1.669  -3.681  20.461 -22. -0.4986
 2458851.5 -16.542   1.651  -4.008  20.386 -22. -0.4959
 2458852.5 -16.508   1.647  -4.334  20.305 -22. -0.4932
 2458853.5 -16.467   1.657  -4.659  20.218 -22. -0.4904
 2458854.5 -16.412   1.677  -4.981  20.125 -22. -0.4877
 2458855.5 -16.341   1.700  -5.302  20.025 -22. -0.4849
 2458856.5 -16.250   1.719  -5.621  19.920 -22. -0.4822
 2458857.5 -16.144   1.725  -5.938  19.809 -22. -0.4795
 2458858.5 -16.028   1.710  -6.253  19.693 -22. -0.4767
 2458859.5 -15.912   1.672  -6.566  19.570 -21. -0.4740
 2458860.5 -15.807   1.611  -6.877  19.442 -21. -0.4713
 2458861.5 -15.723   1.537  -7.187  19.309 -21. -0.4685
 2458862.5 -15.663   1.462  -7.494  19.170 -21. -0.4658
 2458863.5 -15.625   1.400  -7.800  19.025 -21. -0.4630
 2458864.5 -15.599   1.359  -8.103  18.874 -21. -0.4603
 2458865.5 -15.573   1.344  -8.405  18.718 -21. -0.4576
 2458866.5 -15.537   1.350  -8.704  18.555 -22. -0.4548
 2458867.5 -15.484   1.368  -9.001  18.387 -22. -0.4521
 2458868.5 -15.411   1.388  -9.295  18.212 -21. -0.4493
 2458869.5 -15.321   1.400  -9.586  18.031 -21. -0.4466
 2458870.5 -15.220   1.396  -9.875  17.845 -21. -0.4439
 2458871.5 -15.117   1.372 -10.160  17.652 -21. -0.4411
 2458872.5 -15.020   1.330 -10.442  17.454 -21. -0.4384
 2458873.5 -14.935   1.273 -10.720  17.250 -21. -0.4357
 2458874.5 -14.867   1.207 -10.995  17.040 -21. -0.4329
 2458875.5 -14.816   1.141 -11.266  16.825 -21. -0.4302
 2458876.5 -14.781   1.080 -11.533  16.604 -21. -0.4274
 2458877.5 -14.756   1.031 -11.796  16.379 -21. -0.4247
 2458878.5 -14.738   0.996 -12.055  16.148 -21. -0.4220
 2458879.5 -14.720   0.976 -12.310  15.912 -21. -0.4192
 2458880.5 -14.696   0.971 -12.560  15.672 -21. -0.4165
 2458881.5 -14.662   0.977 -12.806  15.427 -21. -0.4138
 2458882.5 -14.612   0.989 -13.048  15.178 -21. -0.4110
 2458883.5 -14.546   1.000 -13.286  14.924 -21. -0.4083
 2458884.5 -14.463   1.003 -13.519  14.667 -21. -0.4055
 2458885.5 -14.367   0.990 -13.748  14.405 -21. -0.4028
 2458886.5 -14.267   0.955 -13.972  14.139 -21. -0.4001
 2458887.5 -14.171   0.896 -14.192  13.870 -21. -0.3973
 2458888.5 -14.093   0.819 -14.408  13.597 -21. -0.3946
 2458889.5 -14.039   0.735 -14.620  13.321 -21. -0.3919
 2458890.5 -14.010   0.659 -14.827  13.040 -21. -0.3891
 2458891.5 -13.998   0.605 -15.030  12.757 -21. -0.3864
 2458892.5 -13.991   0.579 -15.230  12.469 -21. -0.3836
 2458893.5 -13.976   0.578 -15.424  12.177 -21. -0.3809
 2458894.5 -13.944   0.593 -15.615  11.882 -21. -0.3782
 2458895.5 -13.892   0.614 -15.800  11.583 -21. -0.3754
 2458896.5 -13.822   0.628 -15.981  11.280 -21. -0.3727
 2458897.5 -13.740   0.628 -16.157  10.973 -21. -0.3700
 2458898.5 -13.655   0.610 -16.328  10.663 -21. -0.3672
 2458899.5 -13.574   0.573 -16.494  10.349 -21. -0.3645
 2458900.5 -13.504   0.522 -16.654  10.032 -21. -0.3617
 2458901.5 -13.450   0.461 -16.809   9.711 -21. -0.3590
 2458902.5 -13.412   0.398 -16.959   9.388 -21. -0.3563
 2458903.5 -13.390   0.340 -17.102   9.062 -21. -0.3535
 2458904.5 -13.380   0.292 -17.241   8.733 -21. -0.3508
 2458905.5 -13.377   0.258 -17.373   8.401 -21. -0.3480
 2458906.5 -13.377   0.240 -17.500   8.068 -22. -0.3453
 2458907.5 -13.372   0.238 -17.621   7.732 -22. -0.3426
 2458908.5 -13.357   0.248 -17.736   7.394 -22. -0.3398
 2458909.5 -13.329   0.266 -17.846   7.055 -22. -0.3371
 2458910.5 -13.285   0.286 -17.949   6.713 -22. -0.3344
 2458911.5 -13.224   0.302 -18.048   6.371 -22. -0.3316
 2458912.5 -13.150   0.304 -18.140   6.027 -22. -0.3289
 2458913.5 -13.068   0.289 -18.227   5.682 -22. -0.3261
 2458914.5 -12.986   0.251 -18.308   5.336 -22. -0.3234
 2458915.5 -12.914   0.193 -18.384   4.989 -22. -0.3207
 2458916.5 -12.863   0.123 -18.454   4.641 -22. -0.3179
 2458917.5 -12.836   0.053 -18.519   4.292 -22. -0.3152
 2458918.5 -12.830   0.000 -18.579   3.943 -22. -0.3125
 2458919.5 -12.836  -0.026 -18.634   3.593 -22. -0.3097
 2458920.5 -12.838  -0.022 -18.684   3.242 -22. -0.3070
 2458921.5 -12.823   0.006 -18.728   2.890 -23. -0.3042
 2458922.5 -12.786   0.043 -18.768   2.537 -23. -0.3015
 2458923.5 -12.728   0.077 -18.801   2.184 -23. -0.2988
 2458924.5 -12.656   0.098 -18.830   1.829 -23. -0.2960
 2458925.5 -12.578   0.100 -18.852   1.474 -22. -0.2933
 2458926.5 -12.503   0.082 -18.869   1.118 -22. -0.2906
 2458927.5 -12.438   0.050 -18.880   0.761 -22. -0.2878
 2458928.5 -12.387   0.007 -18.885   0.405 -22. -0.2851
 2458929.5 -12.353  -0.040 -18.884   0.048 -22. -0.2823
 2458930.5 -12.334  -0.083 -18.877  -0.309 -23. -0.2796
 2458931.5 -12.329  -0.117 -18.865  -0.665 -23. -0.2769
 2458932.5 -12.331  -0.137 -18.846  -1.021 -23. -0.2741
 2458933.5 -12.336  -0.141 -18.821  -1.376 -23. -0.2714
 2458934.5 -12.337  -0.129 -18.791  -1.731 -23. -0.2687
 2458935.5 -12.330  -0.103 -18.754  -2.084 -23. -0.2659
 2458936.5 -12.309  -0.068 -18.712  -2.437 -24. -0.2632
 2458937.5 -12.272  -0.030 -18.664  -2.788 -24. -0.2604
 2458938.5 -12.219   0.005 -18.610  -3.137 -24. -0.2577
 2458939.5 -12.152   0.030 -18.551  -3.485 -24. -0.2550
 2458940.5 -12.075   0.038 -18.486  -3.832 -24. -0.2522
 2458941.5 -11.996   0.027 -18.415  -4.176 -23. -0.2495
 2458942.5 -11.923  -0.004 -18.340  -4.519 -23. -0.2467
 2458943.5 -11.864  -0.051 -18.259  -4.859 -23. -0.2440
 2458944.5 -11.827  -0.102 -18.173  -5.198 -23. -0.2413
 2458945.5 -11.811  -0.146 -18.083  -5.534 -24. -0.2385
 2458946.5 -11.812  -0.167 -17.987  -5.868 -24. -0.2358
 2458947.5 -11.814  -0.158 -17.887  -6.200 -24. -0.2331
 2458948.5 -11.805  -0.122 -17.783  -6.530 -24. -0.2303
 2458949.5 -11.774  -0.067 -17.673  -6.858 -24. -0.2276
 2458950.5 -11.717  -0.011 -17.559  -7.184 -24. -0.2248
 2458951.5 -11.640   0.035 -17.440  -7.509 -24. -0.2221
 2458952.5 -11.553   0.061 -17.316  -7.831 -24. -0.2194
 2458953.5 -11.466   0.065 -17.187  -8.152 -24. -0.2166
 2458954.5 -11.388   0.051 -17.053  -8.470 -24. -0.2139
 2458955.5 -11.325   0.024 -16.913  -8.786 -24. -0.2112
 2458956.5 -11.278  -0.008 -16.769  -9.099 -24. -0.2084
 2458957.5 -11.248  -0.038 -16.619  -9.409 -24. -0.2057
 2458958.5 -11.231  -0.060 -16.465  -9.717 -24. -0.2029
 2458959.5 -11.223  -0.069 -16.305 -10.022 -24. -0.2002
 2458960.5 -11.218  -0.064 -16.141 -10.323 -24. -0.1975
 2458961.5 -11.212  -0.042 -15.972 -10.621 -24. -0.1947
 2458962.5 -11.197  -0.006 -15.797 -10.916 -25. -0.1920
 2458963.5 -11.169   0.041 -15.618 -11.207 -25. -0.1893
 2458964.5 -11.125   0.092 -15.435 -11.494 -25. -0.1865
 2458965.5 -11.065   0.141 -15.247 -11.778 -25. -0.1838
 2458966.5 -10.989   0.180 -15.054 -12.057 -25. -0.1810
 2458967.5 -10.903   0.204 -14.857 -12.333 -25. -0.1783
 2458968.5 -10.813   0.209 -14.656 -12.604 -24. -0.1756
 2458969.5 -10.727   0.194 -14.451 -12.871 -24. -0.1728
 2458970.5 -10.653   0.163 -14.242 -13.133 -24. -0.1701
 2458971.5 -10.597   0.123 -14.030 -13.391 -24. -0.1674
 2458972.5 -10.561   0.086 -13.814 -13.645 -24. -0.1646
 2458973.5 -10.543   0.064 -13.594 -13.894 -24. -0.1619
 2458974.5 -10.533   0.068 -13.372 -14.139 -25. -0.1591
 2458975.5 -10.517   0.100 -13.146 -14.380 -25. -0.1564
 2458976.5 -10.482   0.154 -12.917 -14.617 -25. -0.1537
 2458977.5 -10.421   0.219 -12.685 -14.850 -25. -0.1509
 2458978.5 -10.336   0.277 -12.449 -15.079 -25. -0.1482
 2458979.5 -10.234   0.317 -12.211 -15.304 -25. -0.1454
 2458980.5 -10.128   0.335 -11.969 -15.525 -24. -0.1427
 2458981.5 -10.027   0.329 -11.723 -15.742 -24. -0.1400
 2458982.5  -9.940   0.308 -11.474 -15.954 -24. -0.1372
 2458983.5  -9.871   0.277 -11.222 -16.162 -24. -0.1345
 2458984.5  -9.820   0.246 -10.966 -16.366 -24. -0.1318
 2458985.5  -9.784   0.221 -10.707 -16.565 -24. -0.1290
 2458986.5  -9.759   0.208 -10.445 -16.759 -24. -0.1263
 2458987.5  -9.739   0.209 -10.180 -16.948 -24. -0.1235
 2458988.5  -9.718   0.226  -9.911 -17.132 -24. -0.1208
 2458989.5  -9.691   0.258  -9.640 -17.311 -25. -0.1181
 2458990.5  -9.652   0.300  -9.366 -17.485 -25. -0.1153
 2458991.5  -9.598   0.349  -9.089 -17.654 -25. -0.1126
 2458992.5  -9.526   0.397  -8.809 -17.817 -25. -0.1099
 2458993.5  -9.438   0.437  -8.527 -17.975 -24. -0.1071
 2458994.5  -9.338   0.461  -8.242 -18.127 -24. -0.1044
 2458995.5  -9.233   0.466  -7.956 -18.273 -24. -0.1016
 2458996.5  -9.131   0.451  -7.667 -18.414 -24. -0.0989
 2458997.5  -9.039   0.418  -7.376 -18.549 -24. -0.0962
 2458998.5  -8.965   0.374  -7.084 -18.678 -24. -0.0934
 2458999.5  -8.912   0.330  -6.790 -18.801 -24. -0.0907
 2459000.5  -8.876   0.298  -6.494 -18.919 -24. -0.0880
 2459001.5  -8.851   0.286  -6.198 -19.032 -24. -0.0852
 2459002.5  -8.824   0.300  -5.900 -19.138 -24. -0.0825
 2459003.5  -8.785   0.338  -5.602 -19.240 -24. -0.0797
 2459004.5  -8.724   0.390  -5.302 -19.337 -24. -0.0770
 2459005.5  -8.637   0.442  -5.001 -19.428 -24. -0.0743
 2459006.5  -8.529   0.482  -4.699 -19.514 -24. -0.0715
 2459007.5  -8.410   0.499  -4.396 -19.595 -24. -0.0688
 2459008.5  -8.293   0.491  -4.092 -19.672 -23. -0.0661
 2459009.5  -8.187   0.463  -3.786 -19.743 -23. -0.0633
 2459010.5  -8.099   0.422  -3.479 -19.808 -23. -0.0606
 2459011.5  -8.030   0.377  -3.171 -19.869 -23. -0.0578
 2459012.5  -7.978   0.336  -2.862 -19.924 -23. -0.0551
 2459013.5  -7.940   0.305  -2.552 -19.973 -23. -0.0524
 2459014.5  -7.910   0.288  -2.241 -20.017 -23. -0.0496
 2459015.5  -7.881   0.287  -1.929 -20.055 -23. -0.0469
 2459016.5  -7.848   0.300  -1.616 -20.088 -23. -0.0441
 2459017.5  -7.805   0.326  -1.303 -20.114 -23. -0.0414
 2459018.5  -7.747   0.360  -0.989 -20.135 -23. -0.0387
 2459019.5  -7.673   0.394  -0.674 -20.150 -23. -0.0359
 2459020.5  -7.582   0.423  -0.360 -20.158 -23. -0.0332
 2459021.5  -7.478   0.438  -0.045 -20.161 -23. -0.0305
 2459022.5  -7.366   0.434   0.270 -20.157 -23. -0.0277
 2459023.5  -7.254   0.408   0.585 -20.148 -23. -0.0250
 2459024.5  -7.153   0.362   0.899 -20.132 -22. -0.0222
 2459025.5  -7.070   0.303   1.213 -20.110 -22. -0.0195
 2459026.5  -7.007   0.242   1.526 -20.082 -22. -0.0168
 2459027.5  -6.964   0.190   1.838 -20.049 -22. -0.0140
 2459028.5  -6.934   0.158   2.149 -20.009 -22. -0.0113
 2459029.5  -6.906   0.149   2.459 -19.964 -23. -0.0086
 2459030.5  -6.870   0.164   2.768 -19.913 -23. -0.0058
 2459031.5  -6.815   0.195   3.076 -19.857 -23. -0.0031
 2459032.5  -6.736   0.231   3.382 -19.796 -23. -0.0003
 2459033.5  -6.636   0.258   3.688 -19.730 -22.  0.0024
 2459034.5  -6.522   0.267   3.992 -19.659 -22.  0.0051
 2459035.5  -6.405   0.252   4.295 -19.582 -22.  0.0079
 2459036.5  -6.295   0.215   4.597 -19.501 -22.  0.0106
 2459037.5  -6.200   0.162   4.898 -19.414 -22.  0.0133
 2459038.5  -6.125   0.100   5.198 -19.322 -22.  0.0161
 2459039.5  -6.069   0.040   5.496 -19.226 -22.  0.0188
 2459040.5  -6.029  -0.012   5.794 -19.123 -22.  0.0216
 2459041.5  -6.000  -0.051   6.090 -19.016 -22.  0.0243
 2459042.5  -5.975  -0.074   6.385 -18.903 -22.  0.0270
 2459043.5  -5.948  -0.081   6.678 -18.785 -22.  0.0298
 2459044.5  -5.913  -0.074   6.970 -18.661 -22.  0.0325
 2459045.5  -5.866  -0.058   7.261 -18.532 -22.  0.0352
 2459046.5  -5.803  -0.038   7.549 -18.397 -22.  0.0380
 2459047.5  -5.724  -0.022   7.836 -18.257 -22.  0.0407
 2459048.5  -5.630  -0.016   8.120 -18.111 -22.  0.0435
 2459049.5  -5.525  -0.028   8.403 -17.960 -22.  0.0462
 2459050.5  -5.418  -0.062   8.683 -17.803 -21.  0.0489
 2459051.5  -5.319  -0.117   8.960 -17.641 -21.  0.0517
 2459052.5  -5.235  -0.188   9.235 -17.473 -21.  0.0544
 2459053.5  -5.174  -0.265   9.507 -17.300 -21.  0.0572
 2459054.5  -5.135  -0.335   9.776 -17.122 -21.  0.0599
 2459055.5  -5.112  -0.386  10.042 -16.938 -21.  0.0626
 2459056.5  -5.094  -0.413  10.305 -16.750 -21.  0.0654
 2459057.5  -5.071  -0.415  10.564 -16.557 -22.  0.0681
 2459058.5  -5.030  -0.399  10.820 -16.360 -22.  0.0708
 2459059.5  -4.969  -0.375  11.073 -16.158 -22.  0.0736
 2459060.5  -4.886  -0.356  11.322 -15.952 -21.  0.0763
 2459061.5  -4.789  -0.353  11.569 -15.742 -21.  0.0791
 2459062.5  -4.685  -0.371  11.812 -15.528 -21.  0.0818
 2459063.5  -4.586  -0.411  12.051 -15.310 -21.  0.0845
 2459064.5  -4.499  -0.468  12.288 -15.087 -21.  0.0873
 2459065.5  -4.430  -0.536  12.522 -14.861 -21.  0.0900
 2459066.5  -4.381  -0.606  12.752 -14.631 -21.  0.0927
 2459067.5  -4.349  -0.670  12.979 -14.397 -21.  0.0955
 2459068.5  -4.330  -0.721  13.203 -14.158 -21.  0.0982
 2459069.5  -4.318  -0.756  13.424 -13.916 -21.  0.1010
 2459070.5  -4.306  -0.774  13.642 -13.669 -21.  0.1037
 2459071.5  -4.288  -0.778  13.855 -13.419 -21.  0.1064
 2459072.5  -4.260  -0.770  14.066 -13.164 -22.  0.1092
 2459073.5  -4.217  -0.756  14.272 -12.905 -22.  0.1119
 2459074.5  -4.158  -0.742  14.475 -12.642 -22.  0.1146
 2459075.5  -4.083  -0.737  14.675 -12.375 -22.  0.1174
 2459076.5  -3.997  -0.745  14.870 -12.104 -21.  0.1201
 2459077.5  -3.905  -0.773  15.061 -11.829 -21.  0.1229
 2459078.5  -3.816  -0.822  15.248 -11.550 -21.  0.1256
 2459079.5  -3.740  -0.891  15.430 -11.266 -21.  0.1283
 2459080.5  -3.684  -0.970  15.608 -10.980 -21.  0.1311
 2459081.5  -3.651  -1.046  15.781 -10.689 -21.  0.1338
 2459082.5  -3.639  -1.106  15.949 -10.395 -21.  0.1366
 2459083.5  -3.636  -1.141  16.112 -10.098 -22.  0.1393
 2459084.5  -3.630  -1.148  16.270  -9.798 -22.  0.1420
 2459085.5  -3.609  -1.132  16.423  -9.495 -22.  0.1448
 2459086.5  -3.566  -1.106  16.571  -9.190 -22.  0.1475
 2459087.5  -3.501  -1.082  16.715  -8.882 -22.  0.1502
 2459088.5  -3.421  -1.071  16.853  -8.572 -22.  0.1530
 2459089.5  -3.333  -1.080  16.987  -8.259 -22.  0.1557
 2459090.5  -3.247  -1.111  17.116  -7.945 -21.  0.1585
 2459091.5  -3.171  -1.159  17.240  -7.628 -21.  0.1612
 2459092.5  -3.113  -1.220  17.360  -7.310 -21.  0.1639
 2459093.5  -3.073  -1.283  17.475  -6.989 -21.  0.1667
 2459094.5  -3.051  -1.343  17.585  -6.666 -22.  0.1694
 2459095.5  -3.042  -1.391  17.691  -6.342 -22.  0.1721
 2459096.5  -3.042  -1.423  17.792  -6.015 -22.  0.1749
 2459097.5  -3.044  -1.438  17.888  -5.686 -22.  0.1776
 2459098.5  -3.042  -1.437  17.980  -5.356 -22.  0.1804
 2459099.5  -3.029  -1.423  18.067  -5.023 -22.  0.1831
 2459100.5  -3.003  -1.401  18.149  -4.688 -23.  0.1858
 2459101.5  -2.962  -1.377  18.226  -4.352 -23.  0.1886
 2459102.5  -2.906  -1.358  18.297  -4.013 -23.  0.1913
 2459103.5  -2.836  -1.350  18.364  -3.673 -23.  0.1940
 2459104.5  -2.759  -1.359  18.426  -3.332 -22.  0.1968
 2459105.5  -2.680  -1.388  18.482  -2.988 -22.  0.1995
 2459106.5  -2.609  -1.437  18.533  -2.643 -22.  0.2023
 2459107.5  -2.554  -1.500  18.578  -2.296 -22.  0.2050
 2459108.5  -2.521  -1.567  18.617  -1.948 -22.  0.2077
 2459109.5  -2.511  -1.623  18.651  -1.599 -23.  0.2105
 2459110.5  -2.515  -1.656  18.678  -1.250 -23.  0.2132
 2459111.5  -2.520  -1.659  18.700  -0.899 -23.  0.2159
 2459112.5  -2.513  -1.634  18.716  -0.548 -23.  0.2187
 2459113.5  -2.484  -1.592  18.726  -0.197 -23.  0.2214
 2459114.5  -2.429  -1.549  18.730   0.154 -23.  0.2242
 2459115.5  -2.356  -1.518  18.728   0.505 -23.  0.2269
 2459116.5  -2.272  -1.506  18.721   0.855 -23.  0.2296
 2459117.5  -2.189  -1.516  18.709   1.205 -23.  0.2324
 2459118.5  -2.115  -1.546  18.691   1.555 -23.  0.2351
 2459119.5  -2.057  -1.588  18.668   1.903 -23.  0.2379
 2459120.5  -2.017  -1.635  18.639   2.252 -23.  0.2406
 2459121.5  -1.995  -1.679  18.606   2.600 -23.  0.2433
 2459122.5  -1.987  -1.714  18.567   2.947 -23.  0.2461
 2459123.5  -1.989  -1.733  18.523   3.294 -23.  0.2488
 2459124.5  -1.993  -1.736  18.474   3.639 -24.  0.2515
 2459125.5  -1.994  -1.721  18.420   3.985 -24.  0.2543
 2459126.5  -1.986  -1.693  18.361   4.329 -24.  0.2570
 2459127.5  -1.965  -1.655  18.296   4.673 -24.  0.2598
 2459128.5  -1.928  -1.613  18.226   5.016 -24.  0.2625
 2459129.5  -1.876  -1.575  18.151   5.358 -24.  0.2652
 2459130.5  -1.810  -1.546  18.071   5.699 -24.  0.2680
 2459131.5  -1.734  -1.532  17.985   6.039 -24.  0.2707
 2459132.5  -1.656  -1.537  17.893   6.378 -24.  0.2734
 2459133.5  -1.581  -1.560  17.797   6.715 -24.  0.2762
 2459134.5  -1.518  -1.599  17.694   7.052 -24.  0.2789
 2459135.5  -1.473  -1.647  17.586   7.387 -24.  0.2817
 2459136.5  -1.450  -1.691  17.473   7.720 -24.  0.2844
 2459137.5  -1.444  -1.719  17.353   8.052 -24.  0.2871
 2459138.5  -1.445  -1.719  17.228   8.382 -24.  0.2899
 2459139.5  -1.440  -1.688  17.097   8.709 -24.  0.2926
 2459140.5  -1.414  -1.633  16.960   9.034 -25.  0.2953
 2459141.5  -1.360  -1.570  16.818   9.356 -25.  0.2981
 2459142.5  -1.281  -1.514  16.671   9.674 -24.  0.3008
 2459143.5  -1.187  -1.478  16.518   9.990 -24.  0.3036
 2459144.5  -1.089  -1.467  16.360  10.303 -24.  0.3063
 2459145.5  -1.000  -1.477  16.197  10.612 -24.  0.3090
 2459146.5  -0.926  -1.504  16.029  10.918 -24.  0.3118
 2459147.5  -0.870  -1.537  15.857  11.220 -24.  0.3145
 2459148.5  -0.833  -1.569  15.680  11.519 -24.  0.3172
 2459149.5  -0.812  -1.593  15.499  11.815 -24.  0.3200
 2459150.5  -0.800  -1.603  15.313  12.107 -24.  0.3227
 2459151.5  -0.793  -1.597  15.122  12.396 -24.  0.3255
 2459152.5  -0.783  -1.574  14.927  12.682 -25.  0.3282
 2459153.5  -0.765  -1.536  14.728  12.964 -25.  0.3309
 2459154.5  -0.735  -1.488  14.525  13.242 -25.  0.3337
 2459155.5  -0.689  -1.435  14.317  13.517 -25.  0.3364
 2459156.5  -0.626  -1.385  14.105  13.788 -25.  0.3392
 2459157.5  -0.549  -1.342  13.889  14.056 -25.  0.3419
 2459158.5  -0.462  -1.314  13.668  14.320 -25.  0.3446
 2459159.5  -0.370  -1.304  13.443  14.580 -25.  0.3474
 2459160.5  -0.280  -1.313  13.214  14.837 -24.  0.3501
 2459161.5  -0.200  -1.339  12.980  15.089 -24.  0.3528
 2459162.5  -0.136  -1.375  12.742  15.338 -24.  0.3556
 2459163.5  -0.090  -1.412  12.499  15.582 -24.  0.3583
 2459164.5  -0.062  -1.439  12.253  15.822 -24.  0.3611
 2459165.5  -0.046  -1.444  12.001  16.058 -25.  0.3638
 2459166.5  -0.028  -1.422  11.746  16.289 -25.  0.3665
 2459167.5   0.003  -1.372  11.486  16.514 -25.  0.3693
 2459168.5   0.061  -1.307  11.222  16.735 -25.  0.3720
 2459169.5   0.147  -1.241  10.954  16.950 -25.  0.3747
 2459170.5   0.256  -1.191  10.683  17.160 -24.  0.3775
 2459171.5   0.375  -1.166  10.408  17.363 -24.  0.3802
 2459172.5   0.491  -1.168  10.129  17.562 -24.  0.3830
 2459173.5   0.592  -1.191   9.848  17.754 -24.  0.3857
 2459174.5   0.673  -1.225   9.564  17.941 -24.  0.3884
 2459175.5   0.734  -1.261   9.277  18.122 -24.  0.3912
 2459176.5   0.778  -1.290   8.987  18.297 -24.  0.3939
 2459177.5   0.809  -1.307   8.695  18.467 -24.  0.3966
 2459178.5   0.834  -1.308   8.400  18.632 -24.  0.3994
 2459179.5   0.860  -1.293   8.102  18.790 -24.  0.4021
 2459180.5   0.892  -1.262   7.803  18.943 -24.  0.4049
 2459181.5   0.936  -1.220   7.501  19.091 -24.  0.4076
 2459182.5   0.995  -1.173   7.197  19.233 -24.  0.4103
 2459183.5   1.070  -1.126   6.890  19.369 -24.  0.4131
 2459184.5   1.161  -1.087   6.582  19.500 -24.  0.4158
 2459185.5   1.263  -1.062   6.271  19.625 -24.  0.4185
 2459186.5   1.371  -1.055   5.959  19.745 -24.  0.4213
 2459187.5   1.478  -1.067   5.644  19.859 -23.  0.4240
 2459188.5   1.576  -1.097   5.328  19.967 -23.  0.4268
 2459189.5   1.659  -1.140   5.009  20.070 -23.  0.4295
 2459190.5   1.723  -1.186   4.688  20.166 -23.  0.4322
 2459191.5   1.770  -1.226   4.366  20.257 -23.  0.4350
 2459192.5   1.804  -1.248   4.041  20.342 -23.  0.4377
 2459193.5   1.833  -1.247   3.715  20.420 -23.  0.4405
 2459194.5   1.871  -1.220   3.387  20.492 -23.  0.4432
 2459195.5   1.929  -1.174   3.057  20.558 -23.  0.4459
 2459196.5   2.014  -1.121   2.726  20.616 -23.  0.4487
 2459197.5   2.126  -1.076   2.393  20.668 -23.  0.4514
 2459198.5   2.254  -1.053   2.060  20.713 -23.  0.4541
 2459199.5   2.386  -1.058   1.726  20.751 -23.  0.4569
 2459200.5   2.508  -1.088   1.392  20.782 -22.  0.4596
 2459201.5   2.611  -1.136   1.057  20.806 -22.  0.4624
 2459202.5   2.691  -1.190   0.722  20.824 -22.  0.4651
 2459203.5   2.751  -1.241   0.387  20.835 -22.  0.4678
 2459204.5   2.795  -1.280   0.053  20.839 -22.  0.4706
 2459205.5   2.829  -1.304  -0.282  20.836 -22.  0.4733
 2459206.5   2.862  -1.311  -0.616  20.828 -22.  0.4760
 2459207.5   2.899  -1.302  -0.949  20.812 -22.  0.4788
 2459208.5   2.946  -1.280  -1.282  20.791 -22.  0.4815
 2459209.5   3.006  -1.252  -1.615  20.763 -22.  0.4843
 2459210.5   3.082  -1.222  -1.946  20.729 -22.  0.4870
 2459211.5   3.174  -1.198  -2.277  20.689 -22.  0.4897
 2459212.5   3.278  -1.186  -2.607  20.643 -22.  0.4925
 2459213.5   3.390  -1.193  -2.937  20.591 -22.  0.4952
 2459214.5   3.503  -1.219  -3.265  20.532 -22.  0.4979
 2459215.5   3.607  -1.265  -3.593  20.468 -21.  0.5007
 2459216.5   3.697  -1.325  -3.920  20.398 -21.  0.5034
 2459217.5   3.767  -1.391  -4.246  20.322 -21.  0.5062
 2459218.5   3.818  -1.451  -4.570  20.240 -21.  0.5089
 2459219.5   3.854  -1.497  -4.894  20.151 -21.  0.5116
 2459220.5   3.883  -1.521  -5.217  20.057 -21.  0.5144
 2459221.5   3.916  -1.520  -5.539  19.956 -22.  0.5171
 2459222.5   3.965  -1.499  -5.859  19.848 -22.  0.5198
 2459223.5   4.036  -1.467  -6.178  19.735 -22.  0.5226
 2459224.5   4.132  -1.438  -6.495  19.614 -21.  0.5253
 2459225.5   4.248  -1.425  -6.810  19.487 -21.  0.5281
 2459226.5   4.373  -1.437  -7.123  19.354 -21.  0.5308
 2459227.5   4.494  -1.475  -7.434  19.214 -21.  0.5335
