 -3   // //  // //  22 21  21 34  21  3  20 40  20  5  19 40  19 20  19  3  18 48  18 34  18 27  18 19  18 19  18 17  18 14  18 10  18  7  18  4  18  1  17 57  17 53  17 49  17 45  17 40  17 35  17 30
 -2   // //  // //  22 21  21 34  21  3  20 40  20  6  19 41  19 21  19  4  18 49  18 34  18 27  18 20  18 20  18 17  18 14  18 11  18  8  18  5  18  1  17 58  17 54  17 50  17 46  17 41  17 36  17 31
 -1   // //  // //  22 21  21 34  21  3  20 40  20  6  19 41  19 21  19  4  18 49  18 35  18 28  18 21  18 21  18 18  18 15  18 12  18  9  18  6  18  2  17 59  17 55  17 51  17 47  17 42  17 37  17 32
  0   // //  // //  22 20  21 34  21  3  20 40  20  6  19 41  19 21  19  5  18 50  18 36  18 29  18 22  18 22  18 19  18 16  18 13  18 10  18  6  18  3  18  0  17 56  17 52  17 48  17 43  17 38  17 33
  1   // //  // //  22 20  21 34  21  3  20 40  20  7  19 42  19 22  19  5  18 50  18 36  18 29  18 22  18 22  18 19  18 16  18 13  18 10  18  7  18  4  18  0  17 57  17 53  17 49  17 44  17 39  17 34
  2   // //  // //  22 19  21 34  21  3  20 41  20  7  19 42  19 22  19  6  18 51  18 37  18 30  18 23  18 23  18 20  18 17  18 14  18 11  18  8  18  5  18  1  17 58  17 54  17 50  17 45  17 41  17 35
  3   // //  // //  22 18  21 33  21  3  20 41  20  7  19 42  19 23  19  6  18 51  18 38  18 31  18 24  18 24  18 21  18 18  18 15  18 12  18  9  18  6  18  2  17 59  17 55  17 51  17 47  17 42  17 37
  4   // //  // //  22 17  21 33  21  3  20 41  20  7  19 43  19 23  19  7  18 52  18 38  18 31  18 25  18 25  18 22  18 19  18 16  18 13  18 10  18  7  18  3  18  0  17 56  17 52  17 48  17 43  17 38
  5   // //  // //  22 17  21 33  21  3  20 41  20  7  19 43  19 24  19  7  18 53  18 39  18 32  18 25  18 25  18 23  18 20  18 17  18 14  18 11  18  8  18  4  18  1  17 57  17 53  17 49  17 45  17 39
  6   // //  // //  22 16  21 32  21  3  20 41  20  7  19 43  19 24  19  8  18 53  18 40  18 33  18 26  18 26  18 23  18 21  18 18  18 15  18 12  18  9  18  6  18  2  17 59  17 55  17 50  17 46  17 41
  7   // //  // //  22 15  21 32  21  3  20 40  20  8  19 43  19 24  19  8  18 54  18 40  18 34  18 27  18 27  18 24  18 22  18 19  18 16  18 13  18 10  18  7  18  3  18  0  17 56  17 52  17 47  17 43
  8   // //  // //  22 13  21 31  21  2  20 40  20  8  19 44  19 25  19  9  18 54  18 41  18 34  18 28  18 28  18 25  18 22  18 20  18 17  18 14  18 11  18  8  18  4  18  1  17 57  17 53  17 49  17 44
  9   // //  // //  22 12  21 31  21  2  20 40  20  8  19 44  19 25  19  9  18 55  18 42  18 35  18 29  18 29  18 26  18 23  18 21  18 18  18 15  18 12  18  9  18  6  18  2  17 59  17 55  17 51  17 46
 10   // //  23 52  22 11  21 30  21  2  20 40  20  8  19 44  19 25  19  9  18 55  18 42  18 36  18 30  18 30  18 27  18 24  18 22  18 19  18 16  18 13  18 10  18  7  18  4  18  0  17 56  17 52  17 48
 11   // //  23 42  22 10  21 29  21  1  20 40  20  8  19 44  19 26  19 10  18 56  18 43  18 37  18 31  18 31  18 28  18 25  18 23  18 20  18 17  18 14  18 11  18  8  18  5  18  2  17 58  17 54  17 49
 12   // //  23 34  22  8  21 28  21  1  20 39  20  8  19 44  19 26  19 10  18 57  18 44  18 38  18 31  18 31  18 29  18 26  18 24  18 21  18 18  18 16  18 13  18 10  18  6  18  3  17 59  17 56  17 51
 13   // //  23 28  22  7  21 28  21  0  20 39  20  8  19 45  19 26  19 11  18 57  18 45  18 38  18 32  18 32  18 30  18 27  18 25  18 22  18 20  18 17  18 14  18 11  18  8  18  5  18  1  17 57  17 53
 14   // //  23 23  22  6  21 27  21  0  20 39  20  8  19 45  19 26  19 11  18 58  18 45  18 39  18 33  18 33  18 31  18 28  18 26  18 23  18 21  18 18  18 15  18 12  18  9  18  6  18  3  17 59  17 55
 15   // //  23 18  22  4  21 26  20 59  20 38  20  7  19 45  19 27  19 12  18 58  18 46  18 40  18 34  18 34  18 32  18 29  18 27  18 24  18 22  18 19  18 17  18 14  18 11  18  8  18  5  18  1  17 57
 16   // //  23 13  22  2  21 25  20 58  20 38  20  7  19 45  19 27  19 12  18 59  18 47  18 41  18 35  18 35  18 33  18 30  18 28  18 26  18 23  18 21  18 18  18 15  18 12  18  9  18  6  18  3  17 59
 17   // //  23  9  22  1  21 24  20 58  20 37  20  7  19 45  19 27  19 12  18 59  18 48  18 42  18 36  18 36  18 34  18 32  18 29  18 27  18 24  18 22  18 19  18 17  18 14  18 11  18  8  18  5  18  1
 18   // //  23  4  21 59  21 23  20 57  20 37  20  7  19 45  19 27  19 13  19  0  18 48  18 43  18 37  18 37  18 35  18 33  18 30  18 28  18 26  18 23  18 21  18 18  18 16  18 13  18 10  18  7  18  3
 19   // //  23  0  21 57  21 22  20 56  20 36  20  7  19 45  19 28  19 13  19  1  18 49  18 43  18 38  18 38  18 36  18 34  18 31  18 29  18 27  18 25  18 22  18 20  18 17  18 15  18 12  18  9  18  6
 20   // //  22 56  21 56  21 21  20 56  20 36  20  7  19 45  19 28  19 14  19  1  18 50  18 44  18 39  18 39  18 37  18 35  18 33  18 30  18 28  18 26  18 24  18 21  18 19  18 16  18 14  18 11  18  8
 21   // //  22 52  21 54  21 20  20 55  20 35  20  6  19 45  19 28  19 14  19  2  18 51  18 45  18 40  18 40  18 38  18 36  18 34  18 32  18 30  18 27  18 25  18 23  18 21  18 18  18 16  18 13  18 10
 22   // //  22 49  21 52  21 18  20 54  20 35  20  6  19 45  19 28  19 14  19  2  18 51  18 46  18 41  18 41  18 39  18 37  18 35  18 33  18 31  18 29  18 27  18 25  18 22  18 20  18 18  18 15  18 12
 23   // //  22 45  21 50  21 17  20 53  20 34  20  6  19 45  19 28  19 15  19  3  18 52  18 47  18 42  18 42  18 40  18 38  18 36  18 34  18 32  18 30  18 28  18 26  18 24  18 22  18 20  18 17  18 15
 24   // //  22 42  21 49  21 16  20 52  20 33  20  5  19 45  19 28  19 15  19  3  18 53  18 48  18 43  18 43  18 41  18 39  18 37  18 35  18 34  18 32  18 30  18 28  18 26  18 24  18 22  18 19  18 17
 25   // //  22 38  21 47  21 15  20 51  20 33  20  5  19 45  19 29  19 15  19  4  18 54  18 49  18 44  18 44  18 42  18 40  18 39  18 37  18 35  18 33  18 31  18 29  18 28  18 26  18 24  18 22  18 20
 26   // //  22 35  21 45  21 13  20 50  20 32  20  5  19 45  19 29  19 16  19  4  18 54  18 50  18 45  18 45  18 43  18 42  18 40  18 38  18 36  18 35  18 33  18 31  18 29  18 28  18 26  18 24  18 22
 27   // //  22 31  21 43  21 12  20 49  20 31  20  4  19 44  19 29  19 16  19  5  18 55  18 50  18 46  18 46  18 44  18 43  18 41  18 39  18 38  18 36  18 34  18 33  18 31  18 30  18 28  18 26  18 24
 28   // //  22 28  21 41  21 11  20 48  20 31  20  4  19 44  19 29  19 16  19  5  18 56  18 51  18 47  18 47  18 46  18 44  18 42  18 41  18 39  18 38  18 36  18 35  18 33  18 32  18 30  18 29  18 27
 29   // //  22 24  21 39  21  9  20 47  20 30  20  3  19 44  19 29  19 16  19  6  18 56  18 52  18 48  18 48  18 47  18 45  18 44  18 42  18 41  18 39  18 38  18 36  18 35  18 34  18 32  18 31  18 30
 30   // //  22 21  21 37  21  8  20 46  20 29  20  3  19 44  19 29  19 17  19  6  18 57  18 53  18 49  18 49  18 48  18 46  18 45  18 43  18 42  18 41  18 39  18 38  18 37  18 36  18 34  18 33  18 32
 31   // //  22 18  21 35  21  6  20 45  20 28  20  3  19 44  19 29  19 17  19  7  18 58  18 54  18 50  18 50  18 49  18 47  18 46  18 45  18 43  18 42  18 41  18 40  18 39  18 38  18 37  18 36  18 35
 32   // //  22 15  21 33  21  5  20 44  20 27  20  2  19 43  19 29  19 17  19  7  18 59  18 55  18 51  18 51  18 50  18 49  18 47  18 46  18 45  18 44  18 43  18 42  18 41  18 40  18 39  18 38  18 37
 33   23 45  22 11  21 31  21  3  20 43  20 26  20  1  19 43  19 29  19 17  19  8  18 59  18 56  18 52  18 52  18 51  18 50  18 49  18 47  18 46  18 45  18 44  18 43  18 43  18 42  18 41  18 41  18 40
 34   23 32  22  8  21 29  21  2  20 41  20 25  20  1  19 43  19 29  19 18  19  8  19  0  18 57  18 53  18 53  18 52  18 51  18 50  18 49  18 48  18 47  18 46  18 45  18 45  18 44  18 43  18 43  18 43
 35   23 22  22  5  21 27  21  0  20 40  20 24  20  0  19 43  19 29  19 18  19  9  19  1  18 58  18 54  18 54  18 53  18 52  18 51  18 50  18 49  18 49  18 48  18 47  18 47  18 46  18 46  18 46  18 46
 36   23 14  22  2  21 24  20 59  20 39  20 23  20  0  19 42  19 29  19 18  19  9  19  2  18 58  18 56  18 56  18 54  18 53  18 53  18 52  18 51  18 50  18 49  18 49  18 49  18 48  18 48  18 48  18 48
 37   23  6  21 59  21 22  20 57  20 38  20 22  19 59  19 42  19 29  19 18  19 10  19  2  18 59  18 57  18 57  18 56  18 55  18 54  18 53  18 52  18 52  18 51  18 51  18 51  18 50  18 50  18 51  18 51
 38   23  0  21 56  21 20  20 55  20 37  20 21  19 59  19 42  19 29  19 18  19 10  19  3  19  0  18 58  18 58  18 57  18 56  18 55  18 54  18 54  18 53  18 53  18 53  18 53  18 53  18 53  18 53  18 54
 39   22 53  21 53  21 18  20 54  20 35  20 20  19 58  19 41  19 29  19 19  19 10  19  4  19  1  18 59  18 59  18 58  18 57  18 56  18 56  18 55  18 55  18 55  18 55  18 55  18 55  18 55  18 56  18 57
 40   22 47  21 50  21 16  20 52  20 34  20 19  19 57  19 41  19 29  19 19  19 11  19  5  19  2  19  0  19  0  18 59  18 58  18 58  18 57  18 57  18 57  18 56  18 56  18 57  18 57  18 58  18 59  19  0
 41   22 42  21 47  21 14  20 51  20 33  20 18  19 57  19 41  19 29  19 19  19 11  19  5  19  3  19  1  19  1  19  0  19  0  18 59  18 59  18 58  18 58  18 58  18 58  18 59  18 59  19  0  19  1  19  3
 42   22 36  21 44  21 12  20 49  20 31  20 17  19 56  19 40  19 28  19 19  19 12  19  6  19  4  19  2  19  2  19  1  19  1  19  0  19  0  19  0  19  0  19  0  19  0  19  1  19  1  19  3  19  4  19  6
 43   22 31  21 41  21 10  20 47  20 30  20 16  19 55  19 40  19 28  19 19  19 12  19  7  19  5  19  3  19  3  19  2  19  2  19  2  19  2  19  1  19  2  19  2  19  2  19  3  19  4  19  5  19  7  19  9
 44   22 26  21 38  21  7  20 45  20 29  20 15  19 55  19 40  19 28  19 19  19 12  19  7  19  5  19  4  19  4  19  4  19  3  19  3  19  3  19  3  19  3  19  4  19  4  19  5  19  6  19  7  19  9  19 12
 45   22 21  21 35  21  5  20 44  20 27  20 14  19 54  19 39  19 28  19 20  19 13  19  8  19  6  19  5  19  5  19  5  19  4  19  4  19  4  19  5  19  5  19  5  19  6  19  7  19  8  19 10  19 12  19 15
 46   22 17  21 32  21  3  20 42  20 26  20 13  19 53  19 39  19 28  19 20  19 13  19  9  19  7  19  6  19  6  19  6  19  6  19  6  19  6  19  6  19  7  19  7  19  8  19  9  19 11  19 13  19 15  19 18
 47   22 12  21 29  21  1  20 40  20 24  20 12  19 52  19 38  19 28  19 20  19 14  19  9  19  8  19  7  19  7  19  7  19  7  19  7  19  7  19  8  19  8  19  9  19 10  19 11  19 13  19 15  19 18  19 21
 48   22  8  21 26  20 59  20 39  20 23  20 11  19 52  19 38  19 28  19 20  19 14  19 10  19  9  19  8  19  8  19  8  19  8  19  8  19  9  19  9  19 10  19 11  19 12  19 14  19 15  19 18  19 20  19 24
 49   22  3  21 23  20 56  20 37  20 22  20  9  19 51  19 37  19 27  19 20  19 14  19 11  19 10  19  9  19  9  19  9  19  9  19 10  19 10  19 11  19 12  19 13  19 14  19 16  19 18  19 20  19 23  19 27
 50   21 59  21 20  20 54  20 35  20 20  20  8  19 50  19 37  19 27  19 20  19 15  19 11  19 11  19 10  19 10  19 10  19 11  19 11  19 12  19 12  19 13  19 15  19 16  19 18  19 20  19 23  19 26  19 30
 51   21 55  21 17  20 52  20 33  20 19  20  7  19 49  19 37  19 27  19 20  19 15  19 12  19 11  19 11  19 11  19 12  19 12  19 12  19 13  19 14  19 15  19 16  19 18  19 20  19 23  19 26  19 29  19 34
 52   21 51  21 15  20 50  20 32  20 17  20  6  19 48  19 36  19 27  19 20  19 16  19 13  19 12  19 13  19 13  19 13  19 13  19 14  19 15  19 16  19 17  19 18  19 20  19 22  19 25  19 28  19 32  19 37
 53   21 47  21 12  20 48  20 30  20 16  20  5  19 48  19 36  19 27  19 20  19 16  19 14  19 13  19 14  19 14  19 14  19 15  19 15  19 16  19 17  19 19  19 20  19 22  19 25  19 27  19 31  19 35  19 40
 54   21 43  21  9  20 45  20 28  20 14  20  3  19 47  19 35  19 26  19 20  19 16  19 14  19 14  19 15  19 15  19 15  19 16  19 17  19 18  19 19  19 20  19 22  19 24  19 27  19 30  19 34  19 38  19 43
 55   21 39  21  6  20 43  20 26  20 13  20  2  19 46  19 35  19 26  19 20  19 17  19 15  19 15  19 16  19 16  19 16  19 17  19 18  19 19  19 20  19 22  19 24  19 26  19 29  19 32  19 36  19 41  19 47
 56   21 35  21  3  20 41  20 24  20 11  20  1  19 45  19 34  19 26  19 20  19 17  19 16  19 16  19 17  19 17  19 17  19 18  19 19  19 21  19 22  19 24  19 26  19 28  19 31  19 35  19 39  19 44  19 50
 57   21 32  21  1  20 39  20 23  20 10  20  0  19 44  19 33  19 26  19 20  19 17  19 16  19 17  19 18  19 18  19 19  19 20  19 21  19 22  19 24  19 26  19 28  19 31  19 34  19 37  19 42  19 47  19 54
 58   21 28  20 58  20 37  20 21  20  8  19 58  19 43  19 33  19 26  19 20  19 18  19 17  19 18  19 19  19 19  19 20  19 21  19 22  19 24  19 25  19 27  19 30  19 33  19 36  19 40  19 45  19 50  19 57
 59   21 24  20 55  20 34  20 19  20  7  19 57  19 43  19 32  19 25  19 21  19 18  19 18  19 18  19 20  19 20  19 21  19 22  19 24  19 25  19 27  19 29  19 32  19 35  19 38  19 43  19 47  19 53  20  1
 60   21 21  20 52  20 32  20 17  20  5  19 56  19 42  19 32  19 25  19 21  19 18  19 18  19 19  19 21  19 21  19 22  19 23  19 25  19 27  19 29  19 31  19 34  19 37  19 41  19 45  19 50  19 57  20  4
 61   21 17  20 50  20 30  20 15  20  4  19 55  19 41  19 31  19 25  19 21  19 19  19 19  19 20  19 22  19 22  19 23  19 25  19 26  19 28  19 30  19 33  19 36  19 39  19 43  19 48  19 53  20  0  20  8
 62   21 14  20 47  20 28  20 14  20  2  19 53  19 40  19 31  19 25  19 21  19 19  19 20  19 21  19 23  19 23  19 25  19 26  19 28  19 30  19 32  19 35  19 38  19 41  19 45  19 50  19 56  20  3  20 11
 63   21 10  20 44  20 26  20 12  20  1  19 52  19 39  19 30  19 24  19 21  19 19  19 20  19 22  19 24  19 24  19 26  19 27  19 29  19 31  19 34  19 36  19 40  19 43  19 48  19 53  19 59  20  6  20 15
 64   21  7  20 42  20 24  20 10  19 59  19 51  19 38  19 30  19 24  19 21  19 20  19 21  19 23  19 25  19 25  19 27  19 29  19 31  19 33  19 35  19 38  19 42  19 46  19 50  19 56  20  2  20 10  20 19
 65   21  3  20 39  20 21  20  8  19 58  19 50  19 37  19 29  19 24  19 21  19 20  19 22  19 24  19 27  19 27  19 28  19 30  19 32  19 34  19 37  19 40  19 44  19 48  19 53  19 58  20  5  20 13  20 23
 66   21  0  20 36  20 19  20  6  19 56  19 48  19 36  19 28  19 23  19 21  19 20  19 22  19 24  19 28  19 28  19 29  19 31  19 33  19 36  19 39  19 42  19 46  19 50  19 55  20  1  20  8  20 16  20 26
 67   20 57  20 34  20 17  20  5  19 55  19 47  19 35  19 28  19 23  19 21  19 20  19 23  19 25  19 29  19 29  19 31  19 33  19 35  19 37  19 40  19 44  19 48  19 52  19 58  20  4  20 11  20 20  20 30
 68   20 53  20 31  20 15  20  3  19 53  19 46  19 35  19 27  19 23  19 21  19 21  19 23  19 26  19 30  19 30  19 32  19 34  19 36  19 39  19 42  19 46  19 50  19 55  20  0  20  7  20 14  20 23  20 34
 69   20 50  20 28  20 13  20  1  19 52  19 44  19 34  19 27  19 23  19 21  19 21  19 24  19 27  19 31  19 31  19 33  19 35  19 38  19 41  19 44  19 48  19 52  19 57  20  3  20  9  20 17  20 27  20 38
 70   20 47  20 26  20 11  19 59  19 50  19 43  19 33  19 26  19 22  19 21  19 21  19 25  19 28  19 32  19 32  19 34  19 36  19 39  19 42  19 46  19 50  19 54  19 59  20  5  20 12  20 20  20 30  20 43
 71   20 43  20 23  20  9  19 57  19 49  19 42  19 32  19 26  19 22  19 21  19 22  19 25  19 29  19 33  19 33  19 35  19 38  19 41  19 44  19 47  19 51  19 56  20  2  20  8  20 15  20 24  20 34  20 47
 72   20 40  20 21  20  6  19 56  19 47  19 40  19 31  19 25  19 22  19 21  19 22  19 26  19 30  19 34  19 34  19 37  19 39  19 42  19 45  19 49  19 53  19 58  20  4  20 10  20 18  20 27  20 38  20 51
 73   20 37  20 18  20  4  19 54  19 46  19 39  19 30  19 24  19 21  19 21  19 22  19 27  19 30  19 35  19 35  19 38  19 41  19 44  19 47  19 51  19 55  20  0  20  6  20 13  20 21  20 30  20 41  20 55
 74   20 34  20 16  20  2  19 52  19 44  19 38  19 29  19 24  19 21  19 21  19 23  19 27  19 31  19 37  19 37  19 39  19 42  19 45  19 49  19 53  19 57  20  3  20  9  20 16  20 24  20 34  20 45  21  0
 75   20 31  20 13  20  0  19 50  19 43  19 37  19 28  19 23  19 21  19 21  19 23  19 28  19 32  19 38  19 38  19 40  19 43  19 47  19 50  19 54  19 59  20  5  20 11  20 18  20 27  20 37  20 49  21  4
 76   20 28  20 11  19 58  19 48  19 41  19 35  19 27  19 23  19 20  19 21  19 23  19 29  19 33  19 39  19 39  19 42  19 45  19 48  19 52  19 56  20  1  20  7  20 13  20 21  20 30  20 40  20 53  21  9
 77   20 25  20  8  19 56  19 47  19 40  19 34  19 26  19 22  19 20  19 21  19 23  19 29  19 34  19 40  19 40  19 43  19 46  19 50  19 54  19 58  20  3  20  9  20 16  20 24  20 33  20 44  20 57  21 14
 78   20 22  20  6  19 54  19 45  19 38  19 33  19 25  19 21  19 20  19 21  19 24  19 30  19 35  19 41  19 41  19 44  19 47  19 51  19 55  20  0  20  5  20 11  20 18  20 26  20 36  20 47  21  1  21 19
 79   20 19  20  3  19 52  19 43  19 37  19 31  19 25  19 21  19 20  19 21  19 24  19 31  19 36  19 42  19 42  19 45  19 49  19 53  19 57  20  2  20  7  20 14  20 21  20 29  20 39  20 51  21  6  21 24
 80   20 16  20  1  19 50  19 41  19 35  19 30  19 24  19 20  19 19  19 21  19 24  19 32  19 37  19 43  19 43  19 47  19 50  19 54  19 59  20  4  20  9  20 16  20 23  20 32  20 42  20 55  21 10  21 29
 81   20 13  19 58  19 48  19 40  19 34  19 29  19 23  19 20  19 19  19 21  19 25  19 32  19 38  19 45  19 45  19 48  19 52  19 56  20  0  20  5  20 11  20 18  20 26  20 35  20 46  20 58  21 14  21 34
 82   20 10  19 56  19 46  19 38  19 32  19 28  19 22  19 19  19 19  19 21  19 25  19 33  19 38  19 46  19 46  19 49  19 53  19 57  20  2  20  7  20 13  20 20  20 28  20 38  20 49  21  2  21 19  21 40
 83   20  7  19 54  19 44  19 36  19 31  19 26  19 21  19 18  19 18  19 21  19 25  19 34  19 39  19 47  19 47  19 50  19 54  19 59  20  4  20  9  20 16  20 23  20 31  20 41  20 52  21  6  21 23  21 46
 84   20  4  19 51  19 42  19 35  19 29  19 25  19 20  19 18  19 18  19 21  19 26  19 34  19 40  19 48  19 48  19 52  19 56  20  0  20  5  20 11  20 18  20 25  20 34  20 44  20 56  21 10  21 28  21 52
 85   20  1  19 49  19 40  19 33  19 28  19 24  19 19  19 17  19 18  19 21  19 26  19 35  19 41  19 49  19 49  19 53  19 57  20  2  20  7  20 13  20 20  20 28  20 36  20 47  20 59  21 14  21 33  21 58
 86   19 59  19 46  19 38  19 31  19 26  19 23  19 18  19 17  19 18  19 21  19 26  19 36  19 42  19 50  19 50  19 54  19 59  20  4  20  9  20 15  20 22  20 30  20 39  20 50  21  3  21 18  21 38  22  5
 87   19 56  19 44  19 36  19 29  19 25  19 21  19 17  19 16  19 17  19 21  19 27  19 36  19 43  19 52  19 52  19 56  20  0  20  5  20 11  20 17  20 24  20 32  20 42  20 53  21  6  21 23  21 43  22 12
 88   19 53  19 42  19 34  19 28  19 23  19 20  19 17  19 16  19 17  19 21  19 27  19 37  19 44  19 53  19 53  19 57  20  2  20  7  20 13  20 19  20 26  20 35  20 45  20 56  21 10  21 27  21 49  22 20
 89   19 50  19 40  19 32  19 26  19 22  19 19  19 16  19 15  19 17  19 21  19 27  19 38  19 45  19 54  19 54  19 58  20  3  20  8  20 14  20 21  20 29  20 37  20 47  20 59  21 14  21 32  21 55  22 28
 90   19 48  19 37  19 30  19 25  19 21  19 18  19 15  19 14  19 16  19 21  19 28  19 39  19 46  19 55  19 55  20  0  20  5  20 10  20 16  20 23  20 31  20 40  20 50  21  3  21 18  21 36  22  1  22 37
 91   19 45  19 35  19 28  19 23  19 19  19 17  19 14  19 14  19 16  19 21  19 28  19 39  19 47  19 57  19 57  20  1  20  6  20 12  20 18  20 25  20 33  20 42  20 53  21  6  21 22  21 41  22  7  22 47
 92   19 42  19 33  19 26  19 21  19 18  19 15  19 13  19 13  19 16  19 21  19 28  19 40  19 48  19 58  19 58  20  2  20  8  20 13  20 20  20 27  20 35  20 45  20 56  21  9  21 26  21 46  22 13  22 58
 93   19 40  19 31  19 24  19 20  19 16  19 14  19 12  19 13  19 16  19 21  19 29  19 41  19 49  19 59  19 59  20  4  20  9  20 15  20 22  20 29  20 38  20 48  20 59  21 13  21 30  21 51  22 21  23 12
 94   19 37  19 28  19 22  19 18  19 15  19 13  19 11  19 12  19 15  19 21  19 29  19 41  19 50  20  0  20  0  20  5  20 11  20 17  20 24  20 31  20 40  20 50  21  2  21 16  21 34  21 56  22 28  23 32
 95   19 34  19 26  19 21  19 16  19 14  19 12  19 11  19 12  19 15  19 21  19 30  19 42  19 51  20  2  20  2  20  7  20 12  20 18  20 26  20 33  20 43  20 53  21  5  21 20  21 38  22  2  22 36  ** **
 96   19 32  19 24  19 19  19 15  19 12  19 11  19 10  19 11  19 15  19 21  19 30  19 43  19 52  20  3  20  3  20  8  20 14  20 20  20 27  20 36  20 45  20 56  21  8  21 24  21 43  22  8  22 45  // //
 97   19 29  19 22  19 17  19 13  19 11  19 10  19  9  19 11  19 15  19 21  19 30  19 44  19 53  20  4  20  4  20  9  20 15  20 22  20 29  20 38  20 47  20 58  21 12  21 27  21 47  22 14  22 56  // //
 98   19 27  19 20  19 15  19 12  19 10  19  9  19  8  19 10  19 15  19 21  19 31  19 45  19 54  20  5  20  5  20 11  20 17  20 24  20 31  20 40  20 50  21  1  21 15  21 31  21 52  22 20  23  8  // //
 99   19 24  19 18  19 13  19 10  19  8  19  7  19  7  19 10  19 14  19 21  19 31  19 45  19 55  20  7  20  7  20 12  20 19  20 25  20 33  20 42  20 52  21  4  21 18  21 35  21 57  22 27  23 25  // //
100   19 22  19 16  19 12  19  9  19  7  19  6  19  7  19  9  19 14  19 21  19 31  19 46  19 56  20  8  20  8  20 14  20 20  20 27  20 35  20 44  20 55  21  7  21 21  21 39  22  2  22 35  ** **  // //
101   19 19  19 14  19 10  19  7  19  6  19  5  19  6  19  9  19 14  19 21  19 32  19 47  19 57  20  9  20  9  20 15  20 22  20 29  20 37  20 47  20 57  21 10  21 25  21 43  22  8  22 43  // //  // //
102   19 17  19 12  19  8  19  6  19  5  19  4  19  5  19  8  19 14  19 21  19 32  19 48  19 58  20 11  20 11  20 17  20 23  20 31  20 39  20 49  21  0  21 13  21 28  21 48  22 13  22 52  // //  // //
103   19 15  19 10  19  6  19  4  19  3  19  3  19  4  19  8  19 14  19 22  19 33  19 48  19 59  20 12  20 12  20 18  20 25  20 33  20 41  20 51  21  3  21 16  21 32  21 52  22 19  23  3  // //  // //
104   19 12  19  8  19  5  19  3  19  2  19  2  19  4  19  7  19 13  19 22  19 33  19 49  20  0  20 13  20 13  20 20  20 27  20 35  20 43  20 53  21  5  21 19  21 36  21 57  22 25  23 16  // //  // //
105   19 10  19  6  19  3  19  1  19  1  19  1  19  3  19  7  19 13  19 22  19 34  19 50  20  1  20 15  20 15  20 21  20 28  20 36  20 45  20 56  21  8  21 22  21 39  22  1  22 32  23 36  // //  // //
106   19  8  19  4  19  1  19  0  19  0  19  0  19  2  19  7  19 13  19 22  19 34  19 51  20  2  20 16  20 16  20 23  20 30  20 38  20 48  20 58  21 11  21 25  21 43  22  6  22 40  ** **  // //  // //
107   19  5  19  2  19  0  18 59  18 58  18 59  19  2  19  6  19 13  19 22  19 34  19 52  20  3  20 17  20 17  20 24  20 32  20 40  20 50  21  1  21 13  21 29  21 47  22 11  22 48  // //  // //  // //
108   19  3  19  0  18 58  18 57  18 57  18 58  19  1  19  6  19 13  19 22  19 35  19 53  20  4  20 19  20 19  20 26  20 33  20 42  20 52  21  3  21 16  21 32  21 51  22 17  22 57  // //  // //  // //
109   19  1  18 58  18 57  18 56  18 56  18 57  19  0  19  5  19 13  19 22  19 35  19 53  20  5  20 20  20 20  20 27  20 35  20 44  20 54  21  6  21 19  21 35  21 55  22 23  23  7  // //  // //  // //
110   18 59  18 56  18 55  18 55  18 55  18 56  19  0  19  5  19 13  19 22  19 36  19 54  20  6  20 22  20 22  20 29  20 37  20 46  20 56  21  8  21 22  21 39  22  0  22 29  23 21  // //  // //  // //
111   18 57  18 54  18 53  18 53  18 54  18 55  18 59  19  5  19 12  19 23  19 36  19 55  20  8  20 23  20 23  20 30  20 39  20 48  20 58  21 11  21 25  21 42  22  4  22 35  23 44  // //  // //  // //
112   18 55  18 53  18 52  18 52  18 53  18 54  18 58  19  4  19 12  19 23  19 37  19 56  20  9  20 25  20 25  20 32  20 40  20 50  21  1  21 13  21 28  21 46  22  9  22 42  ** **  // //  // //  // //
113   18 53  18 51  18 50  18 51  18 52  18 53  18 58  19  4  19 12  19 23  19 37  19 57  20 10  20 26  20 26  20 34  20 42  20 52  21  3  21 16  21 31  21 49  22 14  22 49  // //  // //  // //  // //
114   18 50  18 49  18 49  18 50  18 51  18 52  18 57  19  4  19 12  19 23  19 38  19 58  20 11  20 27  20 27  20 35  20 44  20 54  21  5  21 18  21 34  21 53  22 19  22 58  // //  // //  // //  // //
115   18 48  18 48  18 48  18 48  18 50  18 51  18 56  19  3  19 12  19 23  19 38  19 59  20 12  20 29  20 29  20 37  20 46  20 56  21  7  21 21  21 37  21 57  22 24  23  8  // //  // //  // //  // //
116   18 46  18 46  18 46  18 47  18 49  18 51  18 56  19  3  19 12  19 24  19 39  19 59  20 13  20 30  20 30  20 38  20 48  20 58  21 10  21 24  21 40  22  1  22 29  23 20  // //  // //  // //  // //
117   18 45  18 44  18 45  18 46  18 48  18 50  18 55  19  3  19 12  19 24  19 39  20  0  20 14  20 32  20 32  20 40  20 49  21  0  21 12  21 26  21 43  22  5  22 35  23 40  // //  // //  // //  // //
118   18 43  18 43  18 43  18 45  18 47  18 49  18 55  19  2  19 12  19 24  19 40  20  1  20 15  20 33  20 33  20 42  20 51  21  2  21 14  21 29  21 47  22  9  22 42  ** **  // //  // //  // //  // //
119   18 41  18 41  18 42  18 44  18 46  18 48  18 54  19  2  19 12  19 24  19 40  20  2  20 17  20 35  20 35  20 43  20 53  21  4  21 17  21 32  21 50  22 14  22 48  // //  // //  // //  // //  // //
120   18 39  18 39  18 41  18 42  18 45  18 47  18 54  19  2  19 12  19 24  19 41  20  3  20 18  20 36  20 36  20 45  20 55  21  6  21 19  21 35  21 54  22 18  22 56  // //  // //  // //  // //  // //
121   18 37  18 38  18 39  18 41  18 44  18 47  18 53  19  2  19 12  19 25  19 41  20  4  20 19  20 38  20 38  20 47  20 57  21  8  21 22  21 37  21 57  22 23  23  4  // //  // //  // //  // //  // //
122   18 35  18 36  18 38  18 40  18 43  18 46  18 53  19  1  19 12  19 25  19 42  20  5  20 20  20 39  20 39  20 48  20 59  21 10  21 24  21 40  22  1  22 28  23 15  // //  // //  // //  // //  // //
123   18 33  18 35  18 37  18 39  18 42  18 45  18 52  19  1  19 12  19 25  19 42  20  6  20 21  20 41  20 41  20 50  21  0  21 12  21 26  21 43  22  4  22 33  23 28  // //  // //  // //  // //  // //
124   18 32  18 33  18 36  18 38  18 41  18 44  18 52  19  1  19 12  19 25  19 43  20  7  20 22  20 42  20 42  20 52  21  2  21 15  21 29  21 46  22  8  22 39  ** **  // //  // //  // //  // //  // //
125   18 30  18 32  18 34  18 37  18 40  18 44  18 51  19  1  19 12  19 26  19 43  20  8  20 23  20 44  20 44  20 53  21  4  21 17  21 31  21 49  22 12  22 44  // //  // //  // //  // //  // //  // //
126   18 28  18 31  18 33  18 36  18 39  18 43  18 51  19  0  19 12  19 26  19 44  20  8  20 25  20 45  20 45  20 55  21  6  21 19  21 34  21 52  22 16  22 51  // //  // //  // //  // //  // //  // //
127   18 27  18 29  18 32  18 35  18 39  18 42  18 51  19  0  19 12  19 26  19 44  20  9  20 26  20 47  20 47  20 57  21  8  21 21  21 37  21 55  22 20  22 57  // //  // //  // //  // //  // //  // //
128   18 25  18 28  18 31  18 34  18 38  18 42  18 50  19  0  19 12  19 26  19 45  20 10  20 27  20 48  20 48  20 58  21 10  21 23  21 39  21 59  22 24  23  5  // //  // //  // //  // //  // //  // //
129   18 24  18 27  18 30  18 33  18 37  18 41  18 50  19  0  19 12  19 27  19 46  20 11  20 28  20 50  20 50  21  0  21 12  21 25  21 42  22  2  22 29  23 14  // //  // //  // //  // //  // //  // //
130   18 22  18 25  18 29  18 32  18 36  18 40  18 49  19  0  19 12  19 27  19 46  20 12  20 29  20 51  20 51  21  2  21 14  21 28  21 44  22  5  22 33  23 25  // //  // //  // //  // //  // //  // //
131   18 21  18 24  18 28  18 32  18 36  18 40  18 49  19  0  19 12  19 27  19 47  20 13  20 30  20 53  20 53  21  3  21 16  21 30  21 47  22  8  22 38  23 43  // //  // //  // //  // //  // //  // //
132   18 19  18 23  18 27  18 31  18 35  18 39  18 49  19  0  19 12  19 28  19 47  20 14  20 32  20 54  20 54  21  5  21 17  21 32  21 49  22 12  22 43  ** **  // //  // //  // //  // //  // //  // //
133   18 18  18 22  18 26  18 30  18 34  18 39  18 48  18 59  19 12  19 28  19 48  20 15  20 33  20 56  20 56  21  7  21 19  21 34  21 52  22 15  22 48  // //  // //  // //  // //  // //  // //  // //
134   18 16  18 21  18 25  18 29  18 34  18 38  18 48  18 59  19 12  19 28  19 48  20 16  20 34  20 57  20 57  21  8  21 21  21 36  21 55  22 18  22 53  // //  // //  // //  // //  // //  // //  // //
135   18 15  18 19  18 24  18 28  18 33  18 38  18 48  18 59  19 13  19 29  19 49  20 17  20 35  20 58  20 58  21 10  21 23  21 39  21 57  22 22  22 59  // //  // //  // //  // //  // //  // //  // //
136   18 14  18 18  18 23  18 28  18 32  18 37  18 48  18 59  19 13  19 29  19 50  20 18  20 36  21  0  21  0  21 12  21 25  21 41  22  0  22 26  23  6  // //  // //  // //  // //  // //  // //  // //
137   18 12  18 17  18 22  18 27  18 32  18 37  18 47  18 59  19 13  19 29  19 50  20 18  20 37  21  1  21  1  21 13  21 27  21 43  22  3  22 29  23 13  // //  // //  // //  // //  // //  // //  // //
138   18 11  18 16  18 21  18 26  18 31  18 36  18 47  18 59  19 13  19 30  19 51  20 19  20 38  21  3  21  3  21 15  21 29  21 45  22  6  22 33  23 22  // //  // //  // //  // //  // //  // //  // //
139   18 10  18 15  18 21  18 26  18 31  18 36  18 47  18 59  19 13  19 30  19 51  20 20  20 40  21  4  21  4  21 16  21 31  21 47  22  8  22 37  23 33  // //  // //  // //  // //  // //  // //  // //
140   18  9  18 14  18 20  18 25  18 30  18 36  18 47  18 59  19 13  19 30  19 52  20 21  20 41  21  6  21  6  21 18  21 32  21 50  22 11  22 41  ** **  // //  // //  // //  // //  // //  // //  // //
141   18  8  18 14  18 19  18 24  18 30  18 35  18 47  18 59  19 13  19 31  19 52  20 22  20 42  21  7  21  7  21 20  21 34  21 52  22 14  22 45  // //  // //  // //  // //  // //  // //  // //  // //
142   18  7  18 13  18 18  18 24  18 29  18 35  18 46  18 59  19 14  19 31  19 53  20 23  20 43  21  8  21  8  21 21  21 36  21 54  22 17  22 49  // //  // //  // //  // //  // //  // //  // //  // //
143   18  6  18 12  18 18  18 23  18 29  18 35  18 46  18 59  19 14  19 31  19 54  20 24  20 44  21 10  21 10  21 23  21 38  21 56  22 19  22 53  // //  // //  // //  // //  // //  // //  // //  // //
144   18  5  18 11  18 17  18 23  18 29  18 34  18 46  18 59  19 14  19 32  19 54  20 25  20 45  21 11  21 11  21 24  21 40  21 58  22 22  22 58  // //  // //  // //  // //  // //  // //  // //  // //
145   18  4  18 10  18 16  18 22  18 28  18 34  18 46  18 59  19 14  19 32  19 55  20 25  20 46  21 13  21 13  21 26  21 41  22  0  22 25  23  3  // //  // //  // //  // //  // //  // //  // //  // //
146   18  3  18 10  18 16  18 22  18 28  18 34  18 46  18 59  19 14  19 32  19 55  20 26  20 47  21 14  21 14  21 27  21 43  22  2  22 28  23  8  // //  // //  // //  // //  // //  // //  // //  // //
147   18  2  18  9  18 15  18 21  18 27  18 33  18 46  18 59  19 15  19 33  19 56  20 27  20 48  21 15  21 15  21 29  21 45  22  5  22 30  23 13  // //  // //  // //  // //  // //  // //  // //  // //
148   18  1  18  8  18 15  18 21  18 27  18 33  18 46  18 59  19 15  19 33  19 56  20 28  20 49  21 16  21 16  21 30  21 47  22  7  22 33  23 19  // //  // //  // //  // //  // //  // //  // //  // //
149   18  1  18  8  18 14  18 21  18 27  18 33  18 46  18 59  19 15  19 34  19 57  20 29  20 50  21 18  21 18  21 32  21 48  22  9  22 36  23 26  // //  // //  // //  // //  // //  // //  // //  // //
150   18  0  18  7  18 14  18 20  18 27  18 33  18 46  19  0  19 15  19 34  19 57  20 29  20 51  21 19  21 19  21 33  21 50  22 11  22 39  23 34  // //  // //  // //  // //  // //  // //  // //  // //
151   17 59  18  7  18 13  18 20  18 26  18 33  18 46  19  0  19 16  19 34  19 58  20 30  20 52  21 20  21 20  21 34  21 51  22 13  22 42  23 45  // //  // //  // //  // //  // //  // //  // //  // //
152   17 58  18  6  18 13  18 20  18 26  18 33  18 46  19  0  19 16  19 35  19 58  20 31  20 53  21 21  21 21  21 36  21 53  22 14  22 44  ** **  // //  // //  // //  // //  // //  // //  // //  // //
153   17 58  18  6  18 13  18 19  18 26  18 32  18 46  19  0  19 16  19 35  19 59  20 32  20 54  21 22  21 22  21 37  21 54  22 16  22 47  // //  // //  // //  // //  // //  // //  // //  // //  // //
154   17 57  18  5  18 12  18 19  18 26  18 32  18 46  19  0  19 16  19 35  19 59  20 32  20 54  21 23  21 23  21 38  21 56  22 18  22 50  // //  // //  // //  // //  // //  // //  // //  // //  // //
155   17 57  18  5  18 12  18 19  18 26  18 32  18 46  19  0  19 16  19 36  20  0  20 33  20 55  21 25  21 25  21 39  21 57  22 20  22 52  // //  // //  // //  // //  // //  // //  // //  // //  // //
156   17 56  18  4  18 12  18 19  18 26  18 32  18 46  19  0  19 17  19 36  20  0  20 34  20 56  21 26  21 26  21 41  21 59  22 22  22 55  // //  // //  // //  // //  // //  // //  // //  // //  // //
157   17 56  18  4  18 12  18 19  18 25  18 32  18 46  19  0  19 17  19 36  20  1  20 34  20 57  21 26  21 26  21 42  22  0  22 23  22 57  // //  // //  // //  // //  // //  // //  // //  // //  // //
158   17 55  18  4  18 11  18 18  18 25  18 32  18 46  19  1  19 17  19 37  20  1  20 35  20 57  21 27  21 27  21 43  22  1  22 25  23  0  // //  // //  // //  // //  // //  // //  // //  // //  // //
159   17 55  18  4  18 11  18 18  18 25  18 32  18 46  19  1  19 17  19 37  20  2  20 35  20 58  21 28  21 28  21 44  22  2  22 26  23  2  // //  // //  // //  // //  // //  // //  // //  // //  // //
160   17 55  18  3  18 11  18 18  18 25  18 32  18 46  19  1  19 18  19 37  20  2  20 36  20 59  21 29  21 29  21 45  22  4  22 28  23  5  // //  // //  // //  // //  // //  // //  // //  // //  // //
161   17 55  18  3  18 11  18 18  18 25  18 32  18 46  19  1  19 18  19 38  20  3  20 36  21  0  21 30  21 30  21 46  22  5  22 29  23  7  // //  // //  // //  // //  // //  // //  // //  // //  // //
162   17 54  18  3  18 11  18 18  18 25  18 32  18 46  19  1  19 18  19 38  20  3  20 37  21  0  21 31  21 31  21 46  22  6  22 30  23  9  // //  // //  // //  // //  // //  // //  // //  // //  // //
163   17 54  18  3  18 11  18 18  18 25  18 32  18 46  19  1  19 18  19 38  20  3  20 38  21  1  21 31  21 31  21 47  22  7  22 32  23 11  // //  // //  // //  // //  // //  // //  // //  // //  // //
164   17 54  18  3  18 11  18 18  18 25  18 32  18 47  19  2  19 19  19 39  20  4  20 38  21  1  21 32  21 32  21 48  22  7  22 33  23 13  // //  // //  // //  // //  // //  // //  // //  // //  // //
165   17 54  18  3  18 11  18 18  18 25  18 32  18 47  19  2  19 19  19 39  20  4  20 38  21  2  21 33  21 33  21 49  22  8  22 34  23 15  // //  // //  // //  // //  // //  // //  // //  // //  ++ ++
166   17 54  18  3  18 11  18 18  18 25  18 33  18 47  19  2  19 19  19 39  20  4  20 39  21  2  21 33  21 33  21 49  22  9  22 35  23 16  // //  // //  // //  // //  // //  // //  // //  // //  ++ ++
167   17 54  18  3  18 11  18 18  18 26  18 33  18 47  19  2  19 19  19 39  20  5  20 39  21  3  21 34  21 34  21 50  22 10  22 35  23 18  // //  // //  // //  // //  // //  // //  // //  // //  ++ ++
168   17 54  18  3  18 11  18 18  18 26  18 33  18 47  19  2  19 20  19 40  20  5  20 40  21  3  21 34  21 34  21 50  22 10  22 36  23 19  // //  // //  // //  // //  // //  // //  // //  // //  ++ ++
169   17 54  18  3  18 11  18 19  18 26  18 33  18 47  19  3  19 20  19 40  20  5  20 40  21  3  21 35  21 35  21 51  22 11  22 37  23 20  // //  // //  // //  // //  // //  // //  // //  // //  ++ ++
170   17 54  18  3  18 11  18 19  18 26  18 33  18 48  19  3  19 20  19 40  20  6  20 40  21  4  21 35  21 35  21 51  22 11  22 37  23 21  // //  // //  // //  // //  // //  // //  // //  // //  ++ ++
171   17 54  18  3  18 11  18 19  18 26  18 33  18 48  19  3  19 20  19 40  20  6  20 40  21  4  21 35  21 35  21 52  22 11  22 38  23 21  // //  // //  // //  // //  // //  // //  // //  // //  ++ ++
172   17 54  18  3  18 12  18 19  18 26  18 34  18 48  19  3  19 20  19 41  20  6  20 41  21  4  21 36  21 36  21 52  22 12  22 38  23 22  // //  // //  // //  // //  // //  // //  // //  // //  ++ ++
173   17 55  18  4  18 12  18 19  18 27  18 34  18 48  19  4  19 21  19 41  20  6  20 41  21  4  21 36  21 36  21 52  22 12  22 38  23 22  // //  // //  // //  // //  // //  // //  // //  // //  ++ ++
174   17 55  18  4  18 12  18 20  18 27  18 34  18 48  19  4  19 21  19 41  20  6  20 41  21  5  21 36  21 36  21 52  22 12  22 38  23 22  // //  // //  // //  // //  // //  // //  // //  // //  ++ ++
175   17 55  18  4  18 12  18 20  18 27  18 34  18 49  19  4  19 21  19 41  20  7  20 41  21  5  21 36  21 36  21 52  22 12  22 38  23 21  // //  // //  // //  // //  // //  // //  // //  // //  ++ ++
176   17 56  18  5  18 13  18 20  18 27  18 35  18 49  19  4  19 21  19 41  20  7  20 41  21  5  21 36  21 36  21 52  22 12  22 38  23 21  // //  // //  // //  // //  // //  // //  // //  // //  ++ ++
177   17 56  18  5  18 13  18 21  18 28  18 35  18 49  19  4  19 22  19 42  20  7  20 41  21  5  21 36  21 36  21 52  22 12  22 38  23 20  // //  // //  // //  // //  // //  // //  // //  // //  ++ ++
178   17 56  18  5  18 13  18 21  18 28  18 35  18 49  19  5  19 22  19 42  20  7  20 41  21  5  21 36  21 36  21 52  22 12  22 37  23 19  // //  // //  // //  // //  // //  // //  // //  // //  ++ ++
179   17 57  18  6  18 14  18 21  18 28  18 35  18 50  19  5  19 22  19 42  20  7  20 41  21  5  21 36  21 36  21 52  22 11  22 37  23 18  // //  // //  // //  // //  // //  // //  // //  // //  ++ ++
180   17 57  18  6  18 14  18 22  18 29  18 36  18 50  19  5  19 22  19 42  20  7  20 41  21  5  21 36  21 36  21 51  22 11  22 36  23 16  // //  // //  // //  // //  // //  // //  // //  // //  ++ ++
181   17 58  18  7  18 15  18 22  18 29  18 36  18 50  19  5  19 22  19 42  20  7  20 41  21  5  21 35  21 35  21 51  22 10  22 35  23 15  // //  // //  // //  // //  // //  // //  // //  // //  ++ ++
182   17 58  18  7  18 15  18 22  18 29  18 36  18 51  19  6  19 22  19 42  20  7  20 41  21  4  21 35  21 35  21 51  22 10  22 35  23 13  // //  // //  // //  // //  // //  // //  // //  // //  // //
183   17 59  18  8  18 15  18 23  18 30  18 37  18 51  19  6  19 23  19 42  20  7  20 41  21  4  21 35  21 35  21 50  22  9  22 34  23 11  // //  // //  // //  // //  // //  // //  // //  // //  // //
184   18  0  18  8  18 16  18 23  18 30  18 37  18 51  19  6  19 23  19 42  20  7  20 41  21  4  21 34  21 34  21 50  22  9  22 33  23  9  // //  // //  // //  // //  // //  // //  // //  // //  // //
185   18  0  18  9  18 16  18 24  18 31  18 37  18 51  19  6  19 23  19 42  20  7  20 41  21  4  21 34  21 34  21 49  22  8  22 32  23  7  // //  // //  // //  // //  // //  // //  // //  // //  // //
186   18  1  18  9  18 17  18 24  18 31  18 38  18 52  19  6  19 23  19 42  20  7  20 41  21  3  21 33  21 33  21 49  22  7  22 31  23  5  // //  // //  // //  // //  // //  // //  // //  // //  // //
187   18  2  18 10  18 18  18 25  18 31  18 38  18 52  19  7  19 23  19 43  20  7  20 40  21  3  21 33  21 33  21 48  22  6  22 29  23  3  // //  // //  // //  // //  // //  // //  // //  // //  // //
188   18  3  18 11  18 18  18 25  18 32  18 39  18 52  19  7  19 23  19 43  20  7  20 40  21  2  21 32  21 32  21 47  22  5  22 28  23  1  // //  // //  // //  // //  // //  // //  // //  // //  // //
189   18  3  18 11  18 19  18 26  18 32  18 39  18 52  19  7  19 23  19 42  20  7  20 40  21  2  21 31  21 31  21 46  22  4  22 27  22 59  // //  // //  // //  // //  // //  // //  // //  // //  // //
190   18  4  18 12  18 19  18 26  18 33  18 39  18 53  19  7  19 23  19 42  20  7  20 39  21  2  21 31  21 31  21 45  22  3  22 25  22 57  // //  // //  // //  // //  // //  // //  // //  // //  // //
191   18  5  18 13  18 20  18 27  18 33  18 40  18 53  19  7  19 23  19 42  20  6  20 39  21  1  21 30  21 30  21 44  22  2  22 24  22 54  // //  // //  // //  // //  // //  // //  // //  // //  // //
192   18  6  18 13  18 21  18 27  18 34  18 40  18 53  19  7  19 23  19 42  20  6  20 39  21  0  21 29  21 29  21 43  22  1  22 22  22 52  // //  // //  // //  // //  // //  // //  // //  // //  // //
193   18  7  18 14  18 21  18 28  18 34  18 41  18 54  19  8  19 23  19 42  20  6  20 38  21  0  21 28  21 28  21 42  21 59  22 21  22 49  23 51  // //  // //  // //  // //  // //  // //  // //  // //
194   18  8  18 15  18 22  18 28  18 35  18 41  18 54  19  8  19 24  19 42  20  6  20 38  20 59  21 27  21 27  21 41  21 58  22 19  22 47  23 41  // //  // //  // //  // //  // //  // //  // //  // //
195   18  9  18 16  18 23  18 29  18 35  18 41  18 54  19  8  19 24  19 42  20  5  20 37  20 58  21 26  21 26  21 40  21 57  22 17  22 44  23 33  // //  // //  // //  // //  // //  // //  // //  // //
196   18 10  18 17  18 23  18 30  18 36  18 42  18 54  19  8  19 24  19 42  20  5  20 37  20 58  21 25  21 25  21 39  21 55  22 15  22 42  23 27  // //  // //  // //  // //  // //  // //  // //  // //
197   18 11  18 18  18 24  18 30  18 36  18 42  18 55  19  8  19 24  19 42  20  5  20 36  20 57  21 24  21 24  21 38  21 54  22 14  22 39  23 22  // //  // //  // //  // //  // //  // //  // //  // //
198   18 12  18 18  18 25  18 31  18 37  18 43  18 55  19  8  19 24  19 42  20  4  20 35  20 56  21 23  21 23  21 37  21 52  22 12  22 37  23 17  // //  // //  // //  // //  // //  // //  // //  // //
199   18 13  18 19  18 25  18 31  18 37  18 43  18 55  19  9  19 24  19 42  20  4  20 35  20 55  21 22  21 22  21 35  21 51  22 10  22 34  23 12  // //  // //  // //  // //  // //  // //  // //  // //
200   18 14  18 20  18 26  18 32  18 38  18 44  18 56  19  9  19 24  19 41  20  4  20 34  20 55  21 21  21 21  21 34  21 49  22  8  22 32  23  7  // //  // //  // //  // //  // //  // //  // //  // //
201   18 15  18 21  18 27  18 33  18 38  18 44  18 56  19  9  19 23  19 41  20  3  20 33  20 54  21 20  21 20  21 33  21 48  22  6  22 29  23  3  // //  // //  // //  // //  // //  // //  // //  // //
202   18 16  18 22  18 28  18 33  18 39  18 45  18 56  19  9  19 23  19 41  20  3  20 33  20 53  21 18  21 18  21 31  21 46  22  4  22 27  22 59  // //  // //  // //  // //  // //  // //  // //  // //
203   18 17  18 23  18 29  18 34  18 39  18 45  18 56  19  9  19 23  19 41  20  2  20 32  20 52  21 17  21 17  21 30  21 44  22  2  22 24  22 55  // //  // //  // //  // //  // //  // //  // //  // //
204   18 18  18 24  18 29  18 35  18 40  18 45  18 57  19  9  19 23  19 40  20  2  20 31  20 51  21 16  21 16  21 28  21 43  22  0  22 21  22 51  // //  // //  // //  // //  // //  // //  // //  // //
205   18 20  18 25  18 30  18 35  18 41  18 46  18 57  19  9  19 23  19 40  20  2  20 30  20 50  21 15  21 15  21 27  21 41  21 58  22 19  22 47  23 43  // //  // //  // //  // //  // //  // //  // //
206   18 21  18 26  18 31  18 36  18 41  18 46  18 57  19  9  19 23  19 40  20  1  20 30  20 49  21 13  21 13  21 25  21 39  21 56  22 16  22 43  23 32  // //  // //  // //  // //  // //  // //  // //
207   18 22  18 27  18 32  18 37  18 42  18 47  18 57  19  9  19 23  19 40  20  0  20 29  20 48  21 12  21 12  21 24  21 37  21 53  22 13  22 40  23 23  // //  // //  // //  // //  // //  // //  // //
208   18 23  18 28  18 33  18 38  18 42  18 47  18 58  19  9  19 23  19 39  20  0  20 28  20 47  21 10  21 10  21 22  21 36  21 51  22 11  22 36  23 16  // //  // //  // //  // //  // //  // //  // //
209   18 25  18 29  18 34  18 38  18 43  18 48  18 58  19  9  19 23  19 39  19 59  20 27  20 45  21  9  21  9  21 20  21 34  21 49  22  8  22 33  23 10  // //  // //  // //  // //  // //  // //  // //
210   18 26  18 30  18 35  18 39  18 44  18 48  18 58  19 10  19 23  19 39  19 59  20 26  20 44  21  7  21  7  21 19  21 32  21 47  22  5  22 29  23  4  // //  // //  // //  // //  // //  // //  // //
211   18 27  18 31  18 35  18 40  18 44  18 49  18 58  19 10  19 23  19 38  19 58  20 25  20 43  21  6  21  6  21 17  21 30  21 45  22  3  22 26  22 58  // //  // //  // //  // //  // //  // //  // //
212   18 29  18 32  18 36  18 40  18 45  18 49  18 59  19 10  19 22  19 38  19 58  20 24  20 42  21  4  21  4  21 15  21 28  21 43  22  0  22 22  22 53  // //  // //  // //  // //  // //  // //  // //
213   18 30  18 34  18 37  18 41  18 45  18 50  18 59  19 10  19 22  19 37  19 57  20 23  20 41  21  3  21  3  21 14  21 26  21 40  21 57  22 19  22 48  23 54  // //  // //  // //  // //  // //  // //
214   18 31  18 35  18 38  18 42  18 46  18 50  18 59  19 10  19 22  19 37  19 56  20 22  20 40  21  1  21  1  21 12  21 24  21 38  21 55  22 15  22 44  23 36  // //  // //  // //  // //  // //  // //
215   18 33  18 36  18 39  18 43  18 47  18 51  18 59  19 10  19 22  19 37  19 56  20 21  20 38  21  0  21  0  21 10  21 22  21 36  21 52  22 12  22 39  23 24  // //  // //  // //  // //  // //  // //
216   18 34  18 37  18 40  18 43  18 47  18 51  19  0  19 10  19 22  19 36  19 55  20 20  20 37  20 58  20 58  21  8  21 20  21 33  21 49  22  9  22 35  23 16  // //  // //  // //  // //  // //  // //
217   18 35  18 38  18 41  18 44  18 48  18 51  19  0  19 10  19 21  19 36  19 54  20 19  20 36  20 57  20 57  21  7  21 18  21 31  21 47  22  6  22 30  23  8  // //  // //  // //  // //  // //  // //
218   18 37  18 39  18 42  18 45  18 48  18 52  19  0  19 10  19 21  19 35  19 53  20 18  20 34  20 55  20 55  21  5  21 16  21 29  21 44  22  2  22 26  23  1  // //  // //  // //  // //  // //  // //
219   18 38  18 40  18 43  18 46  18 49  18 52  19  0  19 10  19 21  19 35  19 53  20 17  20 33  20 53  20 53  21  3  21 14  21 26  21 41  21 59  22 22  22 54  // //  // //  // //  // //  // //  // //
220   18 40  18 42  18 44  18 47  18 50  18 53  19  1  19 10  19 21  19 34  19 52  20 16  20 32  20 52  20 52  21  1  21 12  21 24  21 39  21 56  22 18  22 48  // //  // //  // //  // //  // //  // //
221   18 41  18 43  18 45  18 47  18 50  18 53  19  1  19 10  19 20  19 34  19 51  20 15  20 30  20 50  20 50  20 59  21 10  21 22  21 36  21 53  22 14  22 43  23 39  // //  // //  // //  // //  // //
222   18 43  18 44  18 46  18 48  18 51  18 54  19  1  19 10  19 20  19 33  19 50  20 14  20 29  20 48  20 48  20 57  21  8  21 19  21 33  21 50  22 10  22 37  23 25  // //  // //  // //  // //  // //
223   18 44  18 45  18 47  18 49  18 51  18 54  19  1  19 10  19 20  19 33  19 50  20 12  20 28  20 46  20 46  20 55  21  6  21 17  21 31  21 47  22  6  22 32  23 14  // //  // //  // //  // //  // //
224   18 46  18 46  18 48  18 50  18 52  18 55  19  1  19 10  19 20  19 32  19 49  20 11  20 26  20 45  20 45  20 53  21  3  21 15  21 28  21 43  22  2  22 27  23  5  // //  // //  // //  // //  // //
225   18 47  18 48  18 49  18 50  18 53  18 55  19  2  19 10  19 19  19 32  19 48  20 10  20 25  20 43  20 43  20 52  21  1  21 12  21 25  21 40  21 59  22 23  22 58  // //  // //  // //  // //  // //
226   18 49  18 49  18 50  18 51  18 53  18 56  19  2  19  9  19 19  19 31  19 47  20  9  20 23  20 41  20 41  20 50  20 59  21 10  21 23  21 37  21 55  22 18  22 50  // //  // //  // //  // //  // //
227   18 50  18 50  18 51  18 52  18 54  18 56  19  2  19  9  19 19  19 31  19 46  20  8  20 22  20 39  20 39  20 48  20 57  21  8  21 20  21 34  21 52  22 13  22 44  23 54  // //  // //  // //  // //
228   18 52  18 51  18 52  18 53  18 55  18 57  19  2  19  9  19 19  19 30  19 46  20  6  20 20  20 38  20 38  20 46  20 55  21  5  21 17  21 31  21 48  22  9  22 38  23 30  // //  // //  // //  // //
229   18 53  18 53  18 53  18 54  18 55  18 57  19  2  19  9  19 18  19 30  19 45  20  5  20 19  20 36  20 36  20 44  20 53  21  3  21 15  21 28  21 44  22  5  22 32  23 17  // //  // //  // //  // //
230   18 55  18 54  18 54  18 55  18 56  18 58  19  3  19  9  19 18  19 29  19 44  20  4  20 17  20 34  20 34  20 42  20 51  21  1  21 12  21 25  21 41  22  0  22 26  23  6  // //  // //  // //  // //
231   18 57  18 55  18 55  18 55  18 56  18 58  19  3  19  9  19 18  19 28  19 43  20  3  20 16  20 32  20 32  20 40  20 48  20 58  21  9  21 22  21 38  21 56  22 21  22 57  // //  // //  // //  // //
232   18 58  18 57  18 56  18 56  18 57  18 59  19  3  19  9  19 17  19 28  19 42  20  1  20 14  20 30  20 30  20 38  20 46  20 56  21  7  21 19  21 34  21 52  22 16  22 49  // //  // //  // //  // //
233   19  0  18 58  18 57  18 57  18 58  18 59  19  3  19  9  19 17  19 27  19 41  20  0  20 13  20 28  20 28  20 36  20 44  20 53  21  4  21 16  21 31  21 48  22 11  22 42  // //  // //  // //  // //
234   19  2  18 59  18 58  18 58  18 58  19  0  19  3  19  9  19 17  19 27  19 40  19 59  20 11  20 27  20 27  20 34  20 42  20 51  21  1  21 13  21 27  21 44  22  6  22 35  23 30  // //  // //  // //
235   19  3  19  1  18 59  18 59  18 59  19  0  19  3  19  9  19 16  19 26  19 39  19 58  20 10  20 25  20 25  20 32  20 40  20 49  20 59  21 10  21 24  21 40  22  1  22 29  23 15  // //  // //  // //
236   19  5  19  2  19  0  19  0  19  0  19  0  19  4  19  9  19 16  19 25  19 38  19 56  20  8  20 23  20 23  20 30  20 38  20 46  20 56  21  8  21 21  21 37  21 56  22 22  23  3  // //  // //  // //
237   19  7  19  3  19  1  19  0  19  0  19  1  19  4  19  9  19 15  19 25  19 37  19 55  20  7  20 21  20 21  20 28  20 35  20 44  20 54  21  5  21 17  21 33  21 52  22 16  22 54  // //  // //  // //
238   19  8  19  5  19  2  19  1  19  1  19  1  19  4  19  9  19 15  19 24  19 36  19 54  20  5  20 19  20 19  20 26  20 33  20 42  20 51  21  2  21 14  21 29  21 47  22 11  22 45  // //  // //  // //
239   19 10  19  6  19  3  19  2  19  2  19  2  19  4  19  8  19 15  19 24  19 35  19 52  20  3  20 17  20 17  20 24  20 31  20 39  20 48  20 59  21 11  21 25  21 43  22  5  22 37  23 52  // //  // //
240   19 12  19  7  19  5  19  3  19  2  19  2  19  4  19  8  19 14  19 23  19 35  19 51  20  2  20 15  20 15  20 22  20 29  20 37  20 46  20 56  21  8  21 22  21 39  22  0  22 30  23 24  // //  // //
241   19 14  19  9  19  6  19  4  19  3  19  3  19  4  19  8  19 14  19 22  19 34  19 50  20  0  20 14  20 14  20 20  20 27  20 34  20 43  20 53  21  5  21 18  21 35  21 55  22 23  23  9  // //  // //
242   19 15  19 10  19  7  19  5  19  4  19  3  19  5  19  8  19 14  19 22  19 33  19 48  19 59  20 12  20 12  20 18  20 25  20 32  20 41  20 50  21  2  21 15  21 30  21 50  22 16  22 57  // //  // //
243   19 17  19 12  19  8  19  6  19  4  19  4  19  5  19  8  19 13  19 21  19 32  19 47  19 57  20 10  20 10  20 16  20 22  20 30  20 38  20 48  20 58  21 11  21 26  21 45  22 10  22 47  // //  // //
244   19 19  19 13  19  9  19  6  19  5  19  4  19  5  19  8  19 13  19 20  19 31  19 46  19 56  20  8  20  8  20 14  20 20  20 27  20 35  20 45  20 55  21  8  21 22  21 41  22  4  22 38  // //  // //
245   19 21  19 14  19 10  19  7  19  6  19  5  19  5  19  8  19 12  19 20  19 30  19 44  19 54  20  6  20  6  20 12  20 18  20 25  20 33  20 42  20 52  21  4  21 19  21 36  21 58  22 30  23 33  // //
246   19 23  19 16  19 11  19  8  19  6  19  5  19  5  19  8  19 12  19 19  19 29  19 43  19 52  20  4  20  4  20 10  20 16  20 23  20 30  20 39  20 49  21  1  21 15  21 31  21 53  22 22  23 13  // //
247   19 24  19 17  19 12  19  9  19  7  19  6  19  5  19  8  19 12  19 18  19 28  19 41  19 51  20  2  20  2  20  8  20 14  20 20  20 28  20 36  20 46  20 57  21 11  21 27  21 47  22 15  22 59  // //
248   19 26  19 19  19 14  19 10  19  8  19  6  19  6  19  7  19 11  19 18  19 27  19 40  19 49  20  0  20  0  20  6  20 11  20 18  20 25  20 34  20 43  20 54  21  7  21 23  21 42  22  8  22 47  // //
249   19 28  19 20  19 15  19 11  19  8  19  7  19  6  19  7  19 11  19 17  19 26  19 39  19 48  19 58  19 58  20  4  20  9  20 16  20 23  20 31  20 40  20 51  21  3  21 18  21 37  22  1  22 37  // //
250   19 30  19 22  19 16  19 12  19  9  19  7  19  6  19  7  19 10  19 16  19 25  19 37  19 46  19 57  19 57  20  2  20  7  20 13  20 20  20 28  20 37  20 48  21  0  21 14  21 32  21 55  22 28  23 48
251   19 32  19 23  19 17  19 13  19 10  19  8  19  6  19  7  19 10  19 16  19 24  19 36  19 44  19 55  19 55  20  0  20  5  20 11  20 18  20 26  20 34  20 44  20 56  21 10  21 27  21 49  22 20  23 17
252   19 34  19 25  19 18  19 14  19 11  19  8  19  6  19  7  19 10  19 15  19 23  19 35  19 43  19 53  19 53  19 58  20  3  20  9  20 15  20 23  20 31  20 41  20 52  21  6  21 22  21 43  22 12  23  0
253   19 36  19 26  19 20  19 15  19 11  19  9  19  7  19  7  19  9  19 14  19 22  19 33  19 41  19 51  19 51  19 56  20  1  20  6  20 13  20 20  20 28  20 38  20 49  21  2  21 18  21 38  22  5  22 47
254   19 38  19 28  19 21  19 16  19 12  19  9  19  7  19  7  19  9  19 13  19 21  19 32  19 40  19 49  19 49  19 54  19 59  20  4  20 10  20 17  20 25  20 35  20 45  20 58  21 13  21 32  21 58  22 36
255   19 40  19 30  19 22  19 17  19 13  19 10  19  7  19  7  19  9  19 13  19 20  19 31  19 38  19 47  19 47  19 52  19 57  20  2  20  8  20 15  20 23  20 32  20 42  20 54  21  9  21 27  21 51  22 26
256   19 42  19 31  19 23  19 18  19 14  19 11  19  7  19  6  19  8  19 12  19 19  19 29  19 36  19 45  19 45  19 50  19 54  20  0  20  6  20 12  20 20  20 28  20 38  20 50  21  4  21 22  21 45  22 17
257   19 44  19 33  19 25  19 19  19 14  19 11  19  7  19  6  19  8  19 11  19 18  19 28  19 35  19 44  19 44  19 48  19 52  19 57  20  3  20 10  20 17  20 25  20 35  20 46  21  0  21 17  21 38  22  8
258   19 46  19 34  19 26  19 20  19 15  19 12  19  8  19  6  19  7  19 11  19 17  19 26  19 33  19 42  19 42  19 46  19 50  19 55  20  1  20  7  20 14  20 22  20 32  20 43  20 56  21 12  21 33  22  0
259   19 48  19 36  19 27  19 21  19 16  19 12  19  8  19  6  19  7  19 10  19 16  19 25  19 32  19 40  19 40  19 44  19 48  19 53  19 58  20  4  20 11  20 19  20 28  20 39  20 52  21  7  21 27  21 53
260   19 50  19 38  19 28  19 22  19 17  19 13  19  8  19  6  19  7  19  9  19 15  19 24  19 30  19 38  19 38  19 42  19 46  19 51  19 56  20  2  20  9  20 16  20 25  20 35  20 48  21  2  21 21  21 46
261   19 52  19 39  19 30  19 23  19 17  19 13  19  8  19  6  19  6  19  9  19 14  19 22  19 29  19 36  19 36  19 40  19 44  19 49  19 54  19 59  20  6  20 13  20 22  20 32  20 44  20 58  21 16  21 39
262   19 55  19 41  19 31  19 24  19 18  19 14  19  8  19  6  19  6  19  8  19 13  19 21  19 27  19 34  19 34  19 38  19 42  19 46  19 51  19 57  20  3  20 10  20 19  20 28  20 40  20 53  21 10  21 33
263   19 57  19 43  19 32  19 25  19 19  19 14  19  9  19  6  19  6  19  7  19 12  19 20  19 25  19 33  19 33  19 36  19 40  19 44  19 49  19 54  20  0  20  7  20 15  20 25  20 36  20 49  21  5  21 26
264   19 59  19 44  19 34  19 26  19 20  19 15  19  9  19  6  19  5  19  7  19 11  19 18  19 24  19 31  19 31  19 34  19 38  19 42  19 47  19 52  19 58  20  4  20 12  20 21  20 32  20 44  21  0  21 20
265   20  1  19 46  19 35  19 27  19 21  19 16  19  9  19  6  19  5  19  6  19 10  19 17  19 22  19 29  19 29  19 32  19 36  19 40  19 44  19 49  19 55  20  1  20  9  20 18  20 28  20 40  20 55  21 14
266   20  4  19 48  19 37  19 28  19 21  19 16  19  9  19  6  19  4  19  6  19  9  19 16  19 21  19 27  19 27  19 30  19 34  19 38  19 42  19 47  19 52  19 59  20  6  20 14  20 24  20 36  20 50  21  8
267   20  6  19 50  19 38  19 29  19 22  19 17  19 10  19  6  19  4  19  5  19  8  19 15  19 19  19 25  19 25  19 28  19 32  19 35  19 40  19 44  19 50  19 56  20  3  20 11  20 20  20 32  20 46  21  3
268   20  8  19 52  19 39  19 30  19 23  19 18  19 10  19  6  19  4  19  4  19  7  19 13  19 18  19 24  19 24  19 27  19 30  19 33  19 37  19 42  19 47  19 53  20  0  20  8  20 17  20 28  20 41  20 57
269   20 11  19 53  19 41  19 31  19 24  19 18  19 10  19  6  19  3  19  4  19  6  19 12  19 16  19 22  19 22  19 25  19 28  19 31  19 35  19 40  19 44  19 50  19 57  20  4  20 13  20 24  20 36  20 52
270   20 13  19 55  19 42  19 32  19 25  19 19  19 10  19  5  19  3  19  3  19  5  19 11  19 15  19 20  19 20  19 23  19 26  19 29  19 33  19 37  19 42  19 47  19 54  20  1  20  9  20 20  20 32  20 47
271   20 15  19 57  19 44  19 33  19 26  19 19  19 11  19  5  19  3  19  2  19  4  19  9  19 13  19 19  19 19  19 21  19 24  19 27  19 31  19 35  19 39  19 45  19 51  19 58  20  6  20 16  20 27  20 42
272   20 18  19 59  19 45  19 35  19 27  19 20  19 11  19  5  19  2  19  2  19  4  19  8  19 12  19 17  19 17  19 19  19 22  19 25  19 28  19 32  19 37  19 42  19 48  19 54  20  2  20 12  20 23  20 37
273   20 20  20  1  19 47  19 36  19 27  19 21  19 11  19  5  19  2  19  1  19  3  19  7  19 10  19 15  19 15  19 17  19 20  19 23  19 26  19 30  19 34  19 39  19 45  19 51  19 59  20  8  20 19  20 32
274   20 23  20  3  19 48  19 37  19 28  19 21  19 12  19  5  19  2  19  1  19  2  19  6  19  9  19 13  19 13  19 16  19 18  19 21  19 24  19 28  19 32  19 37  19 42  19 48  19 55  20  4  20 15  20 27
275   20 26  20  5  19 50  19 38  19 29  19 22  19 12  19  5  19  2  19  0  19  1  19  4  19  7  19 12  19 12  19 14  19 16  19 19  19 22  19 25  19 29  19 34  19 39  19 45  19 52  20  0  20 10  20 23
276   20 28  20  7  19 51  19 39  19 30  19 23  19 12  19  5  19  1  18 59  19  0  19  3  19  6  19 10  19 10  19 12  19 14  19 17  19 20  19 23  19 27  19 31  19 36  19 42  19 49  19 57  20  6  20 18
277   20 31  20  9  19 53  19 41  19 31  19 24  19 13  19  5  19  1  18 59  18 59  19  2  19  5  19  8  19  8  19 10  19 12  19 15  19 18  19 21  19 24  19 29  19 33  19 39  19 45  19 53  20  2  20 13
278   20 34  20 11  19 54  19 42  19 32  19 24  19 13  19  5  19  1  18 58  18 58  19  1  19  3  19  7  19  7  19  9  19 11  19 13  19 16  19 19  19 22  19 26  19 31  19 36  19 42  19 50  19 58  20  9
279   20 36  20 13  19 56  19 43  19 33  19 25  19 13  19  5  19  0  18 58  18 57  19  0  19  2  19  5  19  5  19  7  19  9  19 11  19 14  19 16  19 20  19 24  19 28  19 33  19 39  19 46  19 54  20  5
280   20 39  20 15  19 57  19 44  19 34  19 26  19 14  19  5  19  0  18 57  18 57  18 58  19  0  19  4  19  4  19  5  19  7  19  9  19 11  19 14  19 17  19 21  19 25  19 30  19 36  19 42  19 50  20  0
281   20 42  20 17  19 59  19 46  19 35  19 27  19 14  19  6  19  0  18 57  18 56  18 57  18 59  19  2  19  2  19  3  19  5  19  7  19  9  19 12  19 15  19 18  19 22  19 27  19 33  19 39  19 47  19 56
282   20 45  20 19  20  1  19 47  19 36  19 27  19 14  19  6  19  0  18 56  18 55  18 56  18 58  19  0  19  0  19  2  19  3  19  5  19  7  19 10  19 13  19 16  19 20  19 24  19 29  19 36  19 43  19 52
283   20 48  20 21  20  2  19 48  19 37  19 28  19 15  19  6  19  0  18 56  18 54  18 55  18 56  18 59  18 59  19  0  19  2  19  3  19  5  19  8  19 10  19 14  19 17  19 21  19 26  19 32  19 39  19 48
284   20 51  20 24  20  4  19 49  19 38  19 29  19 15  19  6  18 59  18 55  18 53  18 54  18 55  18 57  18 57  18 59  19  0  19  2  19  3  19  6  19  8  19 11  19 15  19 19  19 23  19 29  19 36  19 44
285   20 54  20 26  20  6  19 51  19 39  19 30  19 16  19  6  18 59  18 55  18 53  18 53  18 54  18 56  18 56  18 57  18 58  19  0  19  1  19  4  19  6  19  9  19 12  19 16  19 20  19 26  19 32  19 40
286   20 57  20 28  20  8  19 52  19 40  19 30  19 16  19  6  18 59  18 54  18 52  18 52  18 53  18 54  18 54  18 55  18 56  18 58  19  0  19  1  19  4  19  6  19  9  19 13  19 17  19 22  19 28  19 36
287   21  0  20 30  20  9  19 54  19 41  19 31  19 16  19  6  18 59  18 54  18 51  18 51  18 51  18 53  18 53  18 54  18 55  18 56  18 58  18 59  19  2  19  4  19  7  19 10  19 14  19 19  19 25  19 32
288   21  4  20 33  20 11  19 55  19 42  19 32  19 17  19  6  18 59  18 53  18 50  18 49  18 50  18 51  18 51  18 52  18 53  18 54  18 56  18 57  18 59  19  2  19  4  19  8  19 11  19 16  19 21  19 28
289   21  7  20 35  20 13  19 56  19 43  19 33  19 17  19  6  18 59  18 53  18 50  18 48  18 49  18 50  18 50  18 51  18 52  18 53  18 54  18 55  18 57  18 59  19  2  19  5  19  9  19 13  19 18  19 24
290   21 10  20 37  20 15  19 58  19 44  19 34  19 18  19  7  18 58  18 53  18 49  18 47  18 48  18 49  18 49  18 49  18 50  18 51  18 52  18 53  18 55  18 57  19  0  19  2  19  6  19 10  19 15  19 21
291   21 14  20 40  20 16  19 59  19 46  19 35  19 18  19  7  18 58  18 52  18 48  18 46  18 46  18 47  18 47  18 48  18 48  18 49  18 50  18 52  18 53  18 55  18 57  19  0  19  3  19  7  19 11  19 17
292   21 17  20 42  20 18  20  1  19 47  19 36  19 19  19  7  18 58  18 52  18 48  18 45  18 45  18 46  18 46  18 46  18 47  18 48  18 48  18 50  18 51  18 53  18 55  18 57  19  0  19  4  19  8  19 13
293   21 21  20 45  20 20  20  2  19 48  19 37  19 19  19  7  18 58  18 51  18 47  18 44  18 44  18 44  18 44  18 45  18 45  18 46  18 47  18 48  18 49  18 51  18 53  18 55  18 58  19  1  19  5  19 10
294   21 25  20 47  20 22  20  3  19 49  19 37  19 20  19  7  18 58  18 51  18 46  18 44  18 43  18 43  18 43  18 43  18 44  18 44  18 45  18 46  18 47  18 48  18 50  18 52  18 55  18 58  19  2  19  6
295   21 29  20 50  20 24  20  5  19 50  19 38  19 20  19  7  18 58  18 51  18 46  18 43  18 42  18 42  18 42  18 42  18 42  18 43  18 43  18 44  18 45  18 46  18 48  18 50  18 52  18 55  18 59  19  3
296   21 32  20 52  20 26  20  6  19 51  19 39  19 21  19  8  18 58  18 50  18 45  18 42  18 41  18 40  18 40  18 40  18 41  18 41  18 42  18 42  18 43  18 44  18 46  18 47  18 50  18 52  18 55  18 59
297   21 36  20 55  20 28  20  8  19 53  19 40  19 21  19  8  18 58  18 50  18 45  18 41  18 40  18 39  18 39  18 39  18 39  18 39  18 40  18 40  18 41  18 42  18 44  18 45  18 47  18 49  18 52  18 56
298   21 41  20 58  20 30  20 10  19 54  19 41  19 22  19  8  18 58  18 50  18 44  18 40  18 39  18 38  18 38  18 38  18 38  18 38  18 38  18 39  18 39  18 40  18 41  18 43  18 45  18 47  18 49  18 53
299   21 45  21  0  20 32  20 11  19 55  19 42  19 23  19  8  18 58  18 50  18 43  18 39  18 38  18 37  18 37  18 36  18 36  18 36  18 37  18 37  18 38  18 38  18 39  18 40  18 42  18 44  18 46  18 50
300   21 49  21  3  20 34  20 13  19 56  19 43  19 23  19  9  18 58  18 49  18 43  18 38  18 37  18 35  18 35  18 35  18 35  18 35  18 35  18 35  18 36  18 36  18 37  18 38  18 40  18 41  18 44  18 46
301   21 54  21  6  20 36  20 14  19 57  19 44  19 24  19  9  18 58  18 49  18 42  18 37  18 36  18 34  18 34  18 34  18 34  18 34  18 34  18 34  18 34  18 34  18 35  18 36  18 37  18 39  18 41  18 43
302   21 59  21  9  20 38  20 16  19 59  19 45  19 24  19  9  18 58  18 49  18 42  18 37  18 35  18 33  18 33  18 33  18 32  18 32  18 32  18 32  18 32  18 33  18 33  18 34  18 35  18 36  18 38  18 40
303   22  4  21 12  20 40  20 17  20  0  19 46  19 25  19 10  18 58  18 49  18 41  18 36  18 34  18 32  18 32  18 32  18 31  18 31  18 31  18 30  18 30  18 31  18 31  18 32  18 33  18 34  18 35  18 37
304   22  9  21 15  20 42  20 19  20  1  19 47  19 26  19 10  18 58  18 48  18 41  18 35  18 33  18 31  18 31  18 30  18 30  18 29  18 29  18 29  18 29  18 29  18 29  18 30  18 30  18 31  18 32  18 34
305   22 14  21 18  20 44  20 21  20  3  19 48  19 26  19 10  18 58  18 48  18 41  18 34  18 32  18 30  18 30  18 29  18 29  18 28  18 28  18 27  18 27  18 27  18 27  18 27  18 28  18 29  18 30  18 31
306   22 20  21 21  20 46  20 22  20  4  19 49  19 27  19 11  18 58  18 48  18 40  18 34  18 31  18 29  18 29  18 28  18 27  18 27  18 26  18 26  18 26  18 25  18 25  18 25  18 26  18 26  18 27  18 28
307   22 26  21 24  20 49  20 24  20  5  19 50  19 28  19 11  18 58  18 48  18 40  18 33  18 30  18 28  18 28  18 27  18 26  18 25  18 25  18 24  18 24  18 24  18 23  18 23  18 24  18 24  18 25  18 26
308   22 33  21 27  20 51  20 26  20  6  19 51  19 28  19 11  18 58  18 48  18 39  18 32  18 29  18 27  18 27  18 26  18 25  18 24  18 24  18 23  18 22  18 22  18 22  18 22  18 22  18 22  18 22  18 23
309   22 40  21 30  20 53  20 27  20  8  19 52  19 29  19 12  18 58  18 48  18 39  18 32  18 29  18 26  18 26  18 25  18 24  18 23  18 22  18 22  18 21  18 20  18 20  18 20  18 19  18 19  18 20  18 20
310   22 48  21 33  20 55  20 29  20  9  19 53  19 30  19 12  18 59  18 48  18 39  18 31  18 28  18 25  18 25  18 24  18 23  18 22  18 21  18 20  18 19  18 19  18 18  18 18  18 17  18 17  18 17  18 17
311   22 58  21 36  20 57  20 31  20 10  19 55  19 30  19 13  18 59  18 48  18 38  18 31  18 27  18 24  18 24  18 23  18 22  18 21  18 20  18 19  18 18  18 17  18 17  18 16  18 15  18 15  18 15  18 15
312   23  9  21 40  21  0  20 32  20 12  19 56  19 31  19 13  18 59  18 48  18 38  18 30  18 26  18 23  18 23  18 22  18 21  18 20  18 19  18 18  18 17  18 16  18 15  18 14  18 13  18 13  18 13  18 12
313   23 27  21 43  21  2  20 34  20 13  19 57  19 32  19 13  18 59  18 47  18 38  18 29  18 26  18 22  18 22  18 21  18 20  18 19  18 17  18 16  18 15  18 14  18 13  18 12  18 12  18 11  18 10  18 10
314   ** **  21 46  21  4  20 36  20 15  19 58  19 33  19 14  18 59  18 47  18 37  18 29  18 25  18 21  18 21  18 20  18 19  18 17  18 16  18 15  18 14  18 13  18 12  18 11  18 10  18  9  18  8  18  7
315   // //  21 50  21  6  20 37  20 16  19 59  19 33  19 14  19  0  18 47  18 37  18 28  18 24  18 21  18 21  18 19  18 18  18 16  18 15  18 14  18 13  18 11  18 10  18  9  18  8  18  7  18  6  18  5
316   // //  21 53  21  9  20 39  20 17  20  0  19 34  19 15  19  0  18 47  18 37  18 28  18 24  18 20  18 20  18 18  18 17  18 16  18 14  18 13  18 11  18 10  18  9  18  7  18  6  18  5  18  4  18  3
317   // //  21 57  21 11  20 41  20 19  20  1  19 35  19 15  19  0  18 48  18 37  18 28  18 23  18 19  18 19  18 18  18 16  18 15  18 13  18 12  18 10  18  9  18  7  18  6  18  5  18  3  18  2  18  0
318   // //  22  1  21 13  20 43  20 20  20  2  19 36  19 16  19  0  18 48  18 37  18 27  18 23  18 19  18 19  18 17  18 15  18 14  18 12  18 11  18  9  18  7  18  6  18  4  18  3  18  1  18  0  17 58
319   // //  22  5  21 15  20 44  20 21  20  3  19 36  19 16  19  1  18 48  18 37  18 27  18 22  18 18  18 18  18 16  18 14  18 13  18 11  18  9  18  8  18  6  18  5  18  3  18  1  18  0  17 58  17 56
320   // //  22  8  21 18  20 46  20 23  20  5  19 37  19 17  19  1  18 48  18 36  18 26  18 22  18 17  18 17  18 15  18 14  18 12  18 10  18  8  18  7  18  5  18  3  18  1  18  0  17 58  17 56  17 54
321   // //  22 12  21 20  20 48  20 24  20  6  19 38  19 17  19  1  18 48  18 36  18 26  18 21  18 17  18 17  18 15  18 13  18 11  18  9  18  8  18  6  18  4  18  2  18  0  17 58  17 56  17 54  17 52
322   // //  22 16  21 22  20 49  20 25  20  7  19 39  19 18  19  2  18 48  18 36  18 26  18 21  18 16  18 16  18 14  18 12  18 10  18  8  18  7  18  5  18  3  18  1  17 59  17 57  17 55  17 52  17 50
323   // //  22 20  21 25  20 51  20 27  20  8  19 39  19 18  19  2  18 48  18 36  18 26  18 20  18 16  18 16  18 14  18 12  18 10  18  8  18  6  18  4  18  2  18  0  17 58  17 55  17 53  17 51  17 48
324   // //  22 24  21 27  20 53  20 28  20  9  19 40  19 19  19  2  18 48  18 36  18 25  18 20  18 15  18 15  18 13  18 11  18  9  18  7  18  5  18  3  18  1  17 59  17 56  17 54  17 52  17 49  17 46
325   // //  22 29  21 29  20 55  20 30  20 10  19 41  19 20  19  3  18 48  18 36  18 25  18 20  18 15  18 15  18 12  18 10  18  8  18  6  18  4  18  2  18  0  17 57  17 55  17 53  17 50  17 47  17 45
326   // //  22 33  21 32  20 56  20 31  20 11  19 42  19 20  19  3  18 49  18 36  18 25  18 19  18 14  18 14  18 12  18 10  18  8  18  6  18  3  18  1  17 59  17 56  17 54  17 51  17 49  17 46  17 43
327   // //  22 38  21 34  20 58  20 32  20 12  19 43  19 21  19  3  18 49  18 36  18 25  18 19  18 14  18 14  18 12  18  9  18  7  18  5  18  3  18  0  17 58  17 55  17 53  17 50  17 47  17 44  17 41
328   // //  22 42  21 36  21  0  20 34  20 13  19 43  19 21  19  4  18 49  18 36  18 25  18 19  18 13  18 13  18 11  18  9  18  7  18  4  18  2  18  0  17 57  17 55  17 52  17 49  17 46  17 43  17 40
329   // //  22 47  21 38  21  1  20 35  20 15  19 44  19 22  19  4  18 49  18 36  18 24  18 19  18 13  18 13  18 11  18  8  18  6  18  4  18  1  17 59  17 56  17 54  17 51  17 48  17 45  17 42  17 38
330   // //  22 53  21 41  21  3  20 36  20 16  19 45  19 22  19  4  18 50  18 36  18 24  18 18  18 13  18 13  18 10  18  8  18  6  18  3  18  1  17 58  17 56  17 53  17 50  17 47  17 44  17 40  17 37
331   // //  22 58  21 43  21  4  20 37  20 17  19 46  19 23  19  5  18 50  18 36  18 24  18 18  18 12  18 12  18 10  18  8  18  5  18  3  18  0  17 58  17 55  17 52  17 49  17 46  17 43  17 39  17 35
332   // //  23  4  21 45  21  6  20 39  20 18  19 47  19 24  19  5  18 50  18 37  18 24  18 18  18 12  18 12  18 10  18  7  18  5  18  2  18  0  17 57  17 54  17 51  17 48  17 45  17 42  17 38  17 34
333   // //  23 10  21 47  21  7  20 40  20 19  19 47  19 24  19  6  18 50  18 37  18 24  18 18  18 12  18 12  18  9  18  7  18  4  18  2  17 59  17 56  17 54  17 51  17 48  17 44  17 41  17 37  17 33
334   // //  23 18  21 49  21  9  20 41  20 20  19 48  19 25  19  6  18 51  18 37  18 24  18 18  18 12  18 12  18  9  18  7  18  4  18  1  17 59  17 56  17 53  17 50  17 47  17 43  17 40  17 36  17 32
335   // //  23 27  21 51  21 11  20 42  20 21  19 49  19 25  19  7  18 51  18 37  18 24  18 18  18 12  18 12  18  9  18  6  18  4  18  1  17 58  17 55  17 53  17 49  17 46  17 43  17 39  17 35  17 31
336   // //  23 42  21 53  21 12  20 44  20 22  19 50  19 26  19  7  18 51  18 37  18 24  18 18  18 11  18 11  18  9  18  6  18  4  18  1  17 58  17 55  17 52  17 49  17 46  17 42  17 38  17 34  17 30
337   // //  ** **  21 55  21 13  20 45  20 23  19 50  19 27  19  8  18 52  18 37  18 24  18 18  18 11  18 11  18  9  18  6  18  3  18  1  17 58  17 55  17 52  17 48  17 45  17 41  17 38  17 33  17 29
338   // //  // //  21 57  21 15  20 46  20 24  19 51  19 27  19  8  18 52  18 38  18 24  18 18  18 11  18 11  18  9  18  6  18  3  18  0  17 57  17 54  17 51  17 48  17 45  17 41  17 37  17 33  17 28
339   // //  // //  21 59  21 16  20 47  20 25  19 52  19 28  19  9  18 52  18 38  18 25  18 18  18 11  18 11  18  9  18  6  18  3  18  0  17 57  17 54  17 51  17 48  17 44  17 40  17 36  17 32  17 27
340   // //  // //  22  1  21 18  20 48  20 26  19 53  19 28  19  9  18 53  18 38  18 25  18 18  18 11  18 11  18  9  18  6  18  3  18  0  17 57  17 54  17 51  17 47  17 44  17 40  17 36  17 31  17 26
341   // //  // //  22  3  21 19  20 49  20 27  19 53  19 29  19 10  18 53  18 39  18 25  18 18  18 11  18 11  18  9  18  6  18  3  18  0  17 57  17 54  17 51  17 47  17 43  17 39  17 35  17 31  17 26
342   // //  // //  22  5  21 20  20 50  20 28  19 54  19 30  19 10  18 54  18 39  18 25  18 18  18 11  18 11  18  9  18  6  18  3  18  0  17 57  17 54  17 50  17 47  17 43  17 39  17 35  17 30  17 25
343   // //  // //  22  6  21 21  20 51  20 28  19 55  19 30  19 11  18 54  18 39  18 25  18 19  18 12  18 12  18  9  18  6  18  3  18  0  17 57  17 54  17 50  17 47  17 43  17 39  17 35  17 30  17 25
344   // //  // //  22  8  21 22  20 52  20 29  19 56  19 31  19 11  18 54  18 40  18 26  18 19  18 12  18 12  18  9  18  6  18  3  18  0  17 57  17 54  17 50  17 47  17 43  17 39  17 34  17 29  17 24
345   // //  // //  22  9  21 24  20 53  20 30  19 56  19 31  19 12  18 55  18 40  18 26  18 19  18 12  18 12  18  9  18  6  18  3  18  0  17 57  17 54  17 50  17 46  17 43  17 39  17 34  17 29  17 24
346   // //  // //  22 11  21 25  20 54  20 31  19 57  19 32  19 12  18 55  18 40  18 26  18 19  18 12  18 12  18  9  18  6  18  3  18  0  17 57  17 54  17 50  17 46  17 43  17 38  17 34  17 29  17 23
347   // //  // //  22 12  21 26  20 55  20 32  19 58  19 33  19 13  18 56  18 41  18 27  18 20  18 12  18 12  18  9  18  6  18  3  18  0  17 57  17 54  17 50  17 47  17 43  17 38  17 34  17 29  17 23
348   // //  // //  22 14  21 27  20 56  20 32  19 58  19 33  19 13  18 56  18 41  18 27  18 20  18 13  18 13  18 10  18  7  18  4  18  1  17 57  17 54  17 50  17 47  17 43  17 38  17 34  17 29  17 23
349   // //  // //  22 15  21 28  20 57  20 33  19 59  19 34  19 14  18 57  18 41  18 27  18 20  18 13  18 13  18 10  18  7  18  4  18  1  17 57  17 54  17 51  17 47  17 43  17 38  17 34  17 29  17 23
350   // //  // //  22 16  21 28  20 57  20 34  19 59  19 34  19 14  18 57  18 42  18 28  18 21  18 13  18 13  18 10  18  7  18  4  18  1  17 58  17 54  17 51  17 47  17 43  17 39  17 34  17 29  17 23
351   // //  // //  22 17  21 29  20 58  20 35  20  0  19 35  19 15  18 58  18 42  18 28  18 21  18 14  18 14  18 11  18  8  18  5  18  1  17 58  17 55  17 51  17 47  17 43  17 39  17 34  17 29  17 23
352   // //  // //  22 18  21 30  20 59  20 35  20  1  19 35  19 15  18 58  18 43  18 28  18 21  18 14  18 14  18 11  18  8  18  5  18  2  17 58  17 55  17 51  17 47  17 43  17 39  17 34  17 29  17 23
353   // //  // //  22 19  21 31  20 59  20 36  20  1  19 36  19 16  18 59  18 43  18 29  18 22  18 14  18 14  18 11  18  8  18  5  18  2  17 59  17 55  17 52  17 48  17 44  17 39  17 35  17 29  17 24
354   // //  // //  22 19  21 31  21  0  20 36  20  2  19 36  19 16  18 59  18 44  18 29  18 22  18 15  18 15  18 12  18  9  18  6  18  2  17 59  17 56  17 52  17 48  17 44  17 40  17 35  17 30  17 24
355   // //  // //  22 20  21 32  21  0  20 37  20  2  19 37  19 17  19  0  18 44  18 30  18 23  18 15  18 15  18 12  18  9  18  6  18  3  18  0  17 56  17 53  17 49  17 45  17 40  17 35  17 30  17 24
356   // //  // //  22 20  21 32  21  1  20 37  20  3  19 37  19 17  19  0  18 45  18 30  18 23  18 16  18 16  18 13  18 10  18  7  18  3  18  0  17 57  17 53  17 49  17 45  17 41  17 36  17 31  17 25
357   // //  // //  22 21  21 33  21  1  20 38  20  3  19 38  19 18  19  1  18 45  18 31  18 24  18 16  18 16  18 13  18 10  18  7  18  4  18  1  17 57  17 54  17 50  17 46  17 41  17 36  17 31  17 25
358   // //  // //  22 21  21 33  21  2  20 38  20  4  19 38  19 18  19  1  18 46  18 31  18 24  18 17  18 17  18 14  18 11  18  8  18  5  18  1  17 58  17 54  17 50  17 46  17 42  17 37  17 32  17 26
359   // //  // //  22 21  21 33  21  2  20 39  20  4  19 39  19 19  19  2  18 46  18 32  18 25  18 17  18 17  18 14  18 11  18  8  18  5  18  2  17 58  17 55  17 51  17 47  17 42  17 38  17 33  17 27
360   // //  // //  22 21  21 34  21  2  20 39  20  5  19 39  19 19  19  2  18 47  18 32  18 25  18 18  18 18  18 15  18 12  18  9  18  6  18  2  17 59  17 55  17 52  17 48  17 43  17 38  17 33  17 28
361   // //  // //  22 21  21 34  21  3  20 39  20  5  19 40  19 20  19  3  18 47  18 33  18 26  18 19  18 19  18 16  18 13  18 10  18  6  18  3  18  0  17 56  17 52  17 48  17 44  17 39  17 34  17 28
362   // //  // //  22 21  21 34  21  3  20 40  20  5  19 40  19 20  19  3  18 48  18 34  18 27  18 19  18 19  18 16  18 13  18 10  18  7  18  4  18  0  17 57  17 53  17 49  17 45  17 40  17 35  17 29
363   // //  // //  22 21  21 34  21  3  20 40  20  6  19 41  19 21  19  4  18 48  18 34  18 27  18 20  18 20  18 17  18 14  18 11  18  8  18  5  18  1  17 58  17 54  17 50  17 46  17 41  17 36  17 30
364   // //  // //  22 21  21 34  21  3  20 40  20  6  19 41  19 21  19  4  18 49  18 35  18 28  18 21  18 21  18 18  18 15  18 12  18  9  18  5  18  2  17 58  17 55  17 51  17 47  17 42  17 37  17 31
365   // //  // //  22 20  21 34  21  3  20 40  20  6  19 41  19 21  19  5  18 50  18 35  18 28  18 21  18 21  18 18  18 16  18 12  18  9  18  6  18  3  17 59  17 56  17 52  17 48  17 43  17 38  17 33
366   // //  // //  22 20  21 34  21  3  20 40  20  7  19 42  19 22  19  5  18 50  18 36  18 29  18 22  18 22  18 19  18 16  18 13  18 10  18  7  18  4  18  0  17 57  17 53  17 49  17 44  17 39  17 34
367   // //  // //  22 19  21 34  21  3  20 41  20  7  19 42  19 22  19  6  18 51  18 37  18 30  18 23  18 23  18 20  18 17  18 14  18 11  18  8  18  5  18  1  17 58  17 54  17 50  17 45  17 40  17 35
368   // //  // //  22 18  21 33  21  3  20 41  20  7  19 42  19 23  19  6  18 51  18 37  18 31  18 24  18 24  18 21  18 18  18 15  18 12  18  9  18  6  18  2  17 59  17 55  17 51  17 46  17 42  17 36
369   // //  // //  22 18  21 33  21  3  20 41  20  7  19 43  19 23  19  7  18 52  18 38  18 31  18 24  18 24  18 22  18 19  18 16  18 13  18 10  18  6  18  3  18  0  17 56  17 52  17 48  17 43  17 38
370   // //  // //  22 17  21 33  21  3  20 41  20  7  19 43  19 23  19  7  18 52  18 39  18 32  18 25  18 25  18 22  18 20  18 17  18 14  18 11  18  7  18  4  18  1  17 57  17 53  17 49  17 44  17 39
