 2456629.51631   2456636.13393   2456643.89527   2456652.07555
 2456658.96895   2456665.65306   2456673.70369   2456681.72228
 2456688.40254   2456695.30776   2456703.49593   2456711.21970
 2456717.83388   2456725.06102   2456733.21490   2456740.57445
 2456747.28181   2456754.85538   2456762.82182   2456769.82835
 2456776.76074   2456784.63611   2456792.30349   2456799.04187
 2456806.27871   2456814.36105   2456821.67542   2456828.27766
 2456835.84000   2456843.99996   2456850.97641   2456857.58992
 2456865.44645   2456873.53528   2456880.25729   2456887.01868
 2456895.09298   2456902.96687   2456909.56896   2456916.58752
 2456924.76034   2456932.31507   2456938.95259   2456946.30081
 2456954.41513   2456961.61767   2456968.43329   2456976.13655
 2456984.02318   2456990.92183   2456998.01936   2457006.03616
 2457013.56734   2457020.27257   2457027.70444   2457035.90804
 2457043.05196   2457049.70105   2457057.46532         0.00000
       0.00000         0.00000         0.00000         0.00000
