 24.913479683887
 25.164164175799
 25.414848665092
 25.665533157022
 25.916217648963
 26.166902138287
 26.417586630248
 26.668271122219
 26.918955614197
 27.169640103561
 27.420324595561
 27.671009087572
 27.921693576965
 28.172378068992
 28.423062561032
 28.673747050456
 28.924431542516
 29.175116034585
 29.425800524037
 29.676485016125
 29.927169508224
 30.177853997707
 30.428538489826
 30.679222981955
 30.929907474091
 31.180591963613
 31.431276455772
 31.681960947941
 31.932645437491
 32.183329929679
 32.434014421876
 32.684698911458
 32.935383403676
 33.186067895904
 33.436752385514
 33.687436877760
 33.938121370017
 34.188805859658
 34.439490351934
 34.690174844222
 34.940859336517
 35.191543826198
 35.442228318515
 35.692912810842
 35.943597300550
 36.194281792897
 36.444966285252
 36.695650774992
 36.946335267368
 37.197019759755
 37.447704249523
 37.698388741929
 37.949073234343
 38.199757726769
 38.450442216576
 38.701126709022
 38.951811201478
 39.202495691315
 39.453180183790
 39.703864676275
 39.954549166142
 40.205233658647
 40.455918151160
 40.706602641059
 40.957287133592
 41.207971626136
 41.458656116064
 41.709340608629
 41.960025101201
 42.210709593785
 42.461394083751
 42.712078576355
 42.962763068969
 43.213447558966
 43.464132051598
 43.714816544242
 43.965501034267
 44.216185526930
 44.466870019603
 44.717554509660
 44.968239002349
 45.218923495052
 45.469607985138
 45.720292477861
 45.970976970592
 46.221661463335
 46.472345953459
 46.723030446221
 46.973714938993
 47.224399429148
 47.475083921937
 47.725768414739
 47.976452904924
 48.227137397746
 48.477821890577
 48.728506380792
 48.979190873640
 49.229875366501
 49.480559859372
 49.731244349627
 49.981928842518
 50.232613335417
 50.483297825699
 50.733982318620
 50.984666811550
 51.235351301864
 51.486035794814
 51.736720287771
 51.987404778114
 52.238089271094
 52.488773764084
 52.739458254457
 52.990142747463
 53.240827240483
 53.491511733512
 53.742196223925
 53.992880716974
 54.243565210030
 54.494249700472
 54.744934193551
 54.995618686640
 55.246303177112
 55.496987670221
 55.747672163336
 55.998356653837
 56.249041146976
 56.499725640124
 56.750410130655
 57.001094623823
 57.251779116998
 57.502463610185
 57.753148100756
 58.003832593964
 58.254517087181
 58.505201577778
 58.755886071016
 59.006570564263
 59.257255054893
 59.507939548160
 59.758624041433
 60.009308532093
 60.259993025390
 60.510677518696
 60.761362012012
 61.012046502712
 61.262730996045
 61.513415489391
 61.764099980120
 62.014784473486
 62.265468966861
 62.516153457620
 62.766837951012
 63.017522444418
 63.268206935206
 63.518891428631
 63.769575922066
 64.020260412881
 64.270944906336
 64.521629399801
 64.772313893275
 65.022998384133
 65.273682877624
 65.524367371129
 65.775051862016
 66.025736355540
 66.276420849074
 66.527105339991
 66.777789833541
 67.028474327105
 67.279158818052
 67.529843311635
 67.780527805228
 68.031212296205
 68.281896789815
 68.532581283438
 68.783265777070
 69.033950268086
 69.284634761739
 69.535319255398
 69.786003746444
 70.036688240126
 70.287372733818
 70.538057224894
 70.788741718602
 71.039426212324
 71.290110703429
 71.540795197171
 71.791479690922
 72.042164184680
 72.292848675825
 72.543533169606
 72.794217663397
 73.044902154571
 73.295586648382
 73.546271142199
 73.796955633403
 74.047640127243
 74.298324621094
 74.549009112327
 74.799693606197
 75.050378100074
 75.301062591337
 75.551747085237
 75.802431579147
 76.053116073066
 76.303800564366
 76.554485058305
 76.805169552254
 77.055854043586
 77.306538537555
 77.557223031531
 77.807907522893
 78.058592016892
 78.309276510900
 78.559961002290
 78.810645496318
 79.061329990355
 79.312014481776
 79.562698975834
 79.813383469902
 80.064067963979
 80.314752455439
 80.565436949534
 80.816121443642
 81.066805935132
 81.317490429258
 81.568174923394
 81.818859414915
 82.069543909070
 82.320228403236
 82.570912894784
 82.821597388971
 83.072281883165
 83.322966377371
 83.573650868961
 83.824335363186
 84.075019857422
 84.325704349039
 84.576388843293
 84.827073337559
 85.077757829205
 85.328442323492
 85.579126817787
 85.829811309463
 86.080495803778
 86.331180298103
 86.581864789809
 86.832549284153
 87.083233778507
 87.333918272870
 87.584602764617
 87.835287259001
 88.085971753393
 88.336656245168
 88.587340739582
 88.838025234005
 89.088709725810
 89.339394220253
 89.590078714706
 89.840763206541
 90.091447701013
 90.342132195496
 90.592816687360
 90.843501181862
 91.094185676375
 91.344870170895
 91.595554662799
 91.846239157340
 92.096923651892
 92.347608143825
 92.598292638397
 92.848977132978
 93.099661624941
 93.350346119542
 93.601030614153
 93.851715106145
 94.102399600776
 94.353084095416
 94.603768590065
 94.854453082097
 95.105137576767
 95.355822071447
 95.606506563508
 95.857191058208
 96.107875552918
 96.358560045009
 96.609244539738
 96.859929034477
 97.110613526598
 97.361298021357
 97.611982516125
 97.862667008276
 98.113351503064
 98.364035997861
 98.614720492669
 98.865404984860
 99.116089479687
 99.366773974525
 99.617458466745
 99.868142961601
100.118827456469
100.369511948719
100.620196443605
100.870880938502
101.121565430780
101.372249925697
101.622934420622
101.873618912931
102.124303407877
102.374987902832
102.625672397798
102.876356890147
103.127041385131
103.377725880126
103.628410372505
103.879094867519
104.129779362544
104.380463854952
104.631148349995
104.881832845050
105.132517337488
105.383201832560
105.633886327644
105.884570822737
106.135255315214
106.385939810328
106.636624305450
106.887308797956
107.137993293098
107.388677788251
107.639362280788
107.890046775959
108.140731271141
108.391415763707
108.642100258908
108.892784754120
109.143469246716
109.394153741946
109.644838237188
109.895522732438
110.146207225073
110.396891720344
110.647576215623
110.898260708288
111.148945203588
111.399629698898
111.650314191591
111.900998686922
112.151683182260
112.402367674984
112.653052170344
112.903736665712
113.154421158465
113.405105653852
113.655790149252
113.906474644659
114.157159137451
114.407843632880
114.658528128317
114.909212621139
115.159897116597
115.410581612064
115.661266104915
115.911950600403
116.162635095899
116.413319588780
116.664004084297
116.914688579822
117.165373075359
117.416057568279
117.666742063834
117.917426559401
118.168111052351
118.418795547935
118.669480043531
118.920164536509
119.170849032124
119.421533527750
119.672218020757
119.922902516402
120.173587012055
120.424271505093
120.674956000768
120.925640496450
121.176324992145
121.427009485222
121.677693980934
121.928378476658
122.179062969765
122.429747465507
122.680431961260
122.931116454396
123.181800950168
123.432485445950
123.683169939116
123.933854434917
124.184538930729
124.435223423924
124.685907919754
124.936592415596
125.187276911446
125.437961404680
125.688645900550
125.939330396430
126.190014889694
126.440699385593
126.691383881504
126.942068374797
127.192752870725
127.443437366665
127.694121859988
127.944806355946
128.195490851915
128.446175347893
128.696859841255
128.947544337253
129.198228833260
129.448913326652
129.699597822680
129.950282318716
130.200966812137
130.451651308195
130.702335804260
130.953020297711
131.203704793798
131.454389289893
131.705073783373
131.955758279487
132.206442775613
132.457127271748
132.707811765267
132.958496261422
133.209180757586
133.459865251135
133.710549747320
133.961234243513
134.211918737091
134.462603233305
134.713287729527
134.963972223135
135.214656719377
135.465341215630
135.716025709265
135.966710205539
136.217394701822
136.468079198114
136.718763691788
136.969448188101
137.220132684423
137.470817178127
137.721501674468
137.972186170820
138.222870664553
138.473555160922
138.724239657303
138.974924151065
139.225608647466
139.476293143876
139.726977640296
139.977662134098
140.228346630537
140.479031126987
140.729715620818
140.980400117287
141.231084613765
141.481769107625
141.732453604122
141.983138100630
142.233822594521
142.484507091047
142.735191587585
142.985876081505
143.236560578061
143.487245074628
143.737929571204
143.988614065162
144.239298561758
144.489983058364
144.740667552352
144.991352048975
145.242036545611
 68.0
 3389.5
