 6335.88940655999 5325.25614015291  512.36315297330 4655.01522580392 5325.66294998371  512.27628696390 4654.51044266110
 6335.88941528000 5321.61112607553  511.45235161661 4659.26323481946 5322.01817289649  511.36546301654 4658.75875273279
 6335.88942400000 5317.96265633480  510.54162839201 4663.50828526508 5318.36993983895  510.45471722542 4663.00410451291
 6335.88955470000 5262.86503325275  496.90123356371 4726.77894560838 5263.27582730414  496.81398707803 4726.27931450122
 6335.88956338000 5259.17863322533  495.99606318015 4730.95706943205 5259.58965794933  495.90879462125 4730.45774265312
 6335.88957206000 5255.48884976640  495.09097079923 4735.13221664482 5255.90010485371  495.00368019052 4734.63319446335
 6335.88970266999 5199.56079482797  481.48397473872 4797.59537653478 5199.97547874384  481.39635535511 4797.10096993497
 6335.88971127999 5195.84722557253  480.58780685766 4801.68911789559 5196.26213303809  480.50016599980 4801.19501766770
 6335.88972009000 5192.04398839179  479.67092582983 4805.87487486681 5192.45912428021  479.58326302405 4805.38108839490
 6335.88991072000 5108.91077957585  459.86125035948 4895.67825991254 5109.33077836216  459.77311913055 4895.19132790690
 6335.88991939999 5105.08749465738  458.96066523413 4899.73213082812 5105.50771121625  458.87251297338 4899.24551386990
 6335.88992811000 5101.24768745081  458.05712091014 4903.79691509070 5101.66812221367  457.96894757306 4903.31061452325
 6335.89005431999 5045.23797539450  444.97986860052 4962.34656977687 5045.66153565995  444.89139285175 4961.86488213063
 6335.89006307000 5041.32932942169  444.07434060808 4966.38136864592 5041.75310384490  443.98584410273 4965.90000275670
 6335.89007175000 5037.44869164800  443.17621428273 4970.38075066854 5037.87267819038  443.08769721484 4969.89970420960
 6335.89008046999 5033.54690283592  442.27409631127 4974.39541404851 5033.97110214834  442.18555861321 4973.91468873961
 6335.89008918000 5029.64632116694  441.37317044425 4978.40231935803 5030.07073267841  441.28461216765 4977.92191507826
 6335.89009781000 5025.77834964171  440.48065638398 4982.36930993105 5026.20297108034  440.39207774384 4981.88922397523
 6335.89022483000 4968.47895922329  427.36199225029 5040.39733334733 4968.90663315697  427.27311703026 5039.92196039519
 6335.89023402000 4964.30661350965  426.41416368737 5044.56945109604 4964.73450557263  426.32526723858 5044.09442113268
 6335.89024296000 4960.24432720282  425.49231274167 5048.62465859428 4960.67243110783  425.40339567304 5048.14996254568
 6335.89025160999 4956.31058990837  424.60052182182 5052.54511197346 4956.73889845099  424.51158482952 5052.07073924810
 6335.89026035000 4952.33270090485  423.69962415889 5056.50314979586 4952.76121588221  423.61066706422 5056.02910399747
 6335.89026961000 4948.11461102004  422.74530701268 5060.69315770994 4948.54334434966  422.65632865027 5060.21945855189
 6335.89039461999 4890.81643253749  409.88130755375 5116.90228248705 4891.24807677311  409.79204523650 5116.43328913635
 6335.89040326000 4886.83205325951  408.99358334585 5120.76255347358 4887.26389613632  408.90430162254 5120.29388714490
 6335.89041199999 4882.79838291737  408.09576480240 5124.66425521891 4883.23042639843  408.00646347716 5124.19591992947
 6335.89056358000 4812.33604880364  392.55503583822 5191.81018905549 4812.77151743999  392.46539925109 5191.34763178150
 6335.89057236000 4808.22551659260  391.65669409775 5195.66909227803 4808.66118048507  391.56703836760 5195.20687178755
 6335.89058107999 4804.13993578646  390.76468201106 5199.49831336808 4804.57579325877  390.67500729775 5199.03642758469
 6335.89059017000 4799.87767029500  389.83503039504 5203.48649798502 4800.31372919812  389.74533592460 5203.02496134920
 6335.89059894999 4795.75753955337  388.93729699369 5207.33526201110 4796.19379266610  388.84758347134 5206.87406284625
 6335.89060763000 4791.68122451070  388.04999577441 5211.13689432486 4792.11766928112  387.96026344755 5210.67602900964
 6335.89073262999 4732.63712253843  375.29501841088 5265.51906119309 4733.07628974289  375.20501862586 5265.06302787664
 6335.89074208999 4728.14279563332  374.33151838199 5269.60682114556 4728.58216599923  374.24149861317 5269.15115534182
 6335.89075064000 4724.07768144276  373.46092119684 5273.29797231035 4724.51723507819  373.37088339771 5272.84263888543
 6335.89116172000 4525.18657211030  331.86844399072 5446.92656474028 4525.63454292767  331.77757544120 5446.48744911234
 6335.89117030000 4520.96453569739  331.00620787123 5450.46945057123 4521.41267389516  330.91532275612 5450.03067822301
 6335.89117969000 4516.34064610246  330.06287052519 5454.34296348872 4516.78896709021  329.97196731852 5453.90456704411
 6335.89118833999 4512.07813133270  329.19415701595 5457.90766113434 4512.52662034262  329.10323717910 5457.46961116902
 6335.89119705000 4507.78312694932  328.31966563144 5461.49363878027 4508.23178479479  328.22872908103 5461.05593789059
 6335.89120571999 4503.50493654057  327.44945488387 5465.05971069499 4503.95376209549  327.35850173022 5464.62235746972
 6335.89133036000 4441.68225282300  314.96890065987 5515.94527592257 4442.13345060091  314.87771254251 5515.51294162876
 6335.89133934999 4437.20015180347  314.07087794622 5519.58794086772 4437.65151787435  313.97967315241 5519.15597007072
 6335.89134800000 4432.88465991403  313.20709702618 5523.08932416137 4433.33618755529  313.11587622116 5522.65770330109
 6335.89135744000 4428.17179041929  312.26474962930 5526.90654812943 4428.62349398664  312.17351139043 5526.47530937444
 6335.89136600999 4423.89033374450  311.40953199685 5530.36841037178 4424.34219666213  311.31827796571 5529.93751869536
 6335.89137542000 4419.18601521654  310.47080194279 5534.16568419125 4419.63805270613  310.37953061005 5533.73517381888
 6335.89152436000 4344.28224175590  295.65743739216 5593.72141672436 4344.73698682502  295.56589766569 5593.29696987140
 6335.89153360000 4339.60795396858  294.74125769228 5597.38212922729 4340.06286356196  294.64970165584 5596.95806027226
 6335.89154296000 4334.86971935963  293.81353071565 5601.08631437766 4335.32479520224  293.72195819938 5600.66262843087
 6335.89166208000 4274.28522775816  282.03729421853 5647.86870229533 4274.74238308432  281.94551560117 5647.44990827113
 6335.89167087999 4269.78881062035  281.16960160720 5651.29827172736 4270.24611689438  281.07780803354 5650.87984036966
 6335.89167957999 4265.34069920963  280.31208500718 5654.68527593129 4265.79815435395  280.22027668428 5654.26720328912
 6335.89168957000 4260.22962364009  279.32779452638 5658.57008198223 4260.68724928382  279.23596931141 5658.15242145260
 6335.89169911000 4255.34537013479  278.38823398975 5662.27549407568 4255.80315815417  278.29639268954 5661.85822730213
 6335.89170841000 4250.58079162909  277.47268092744 5665.88354474248 4251.03873752188  277.38082399000 5665.46666201338
