 2459944.5   5.675327091279   5.680780670641  -0.324114802925  -0.322341486647  3.017727 11.4 2459945.12704369      99.00000000
 2459945.5   5.682909126235   5.688354229283  -0.321379923493  -0.319596930850  3.025015 11.4 2459946.12551486      99.00000000
 2459946.5   5.690504804949   5.695941661318  -0.318625512066  -0.316832836327  3.032205 11.4 2459947.12398817      99.00000000
 2459947.5   5.698113543996   5.703542406233  -0.315851765222  -0.314049422916  3.039296 11.4 2459948.12246351      99.00000000
 2459948.5   5.705735107406   5.711156210651  -0.313058779800  -0.311246819387  3.046289 11.4 2459949.12094087      99.00000000
 2459949.5   5.713368969989   5.718782500900  -0.310246747087  -0.308425252876  3.053182 11.4 2459950.11942014      99.00000000
 2459950.5   5.721014947616   5.726421023550  -0.307415758228  -0.305584848482  3.059977 11.4 2459951.11790133      99.00000000
 2459951.5   5.728672562890   5.734071223721  -0.304566001394  -0.302725822896  3.066671 11.4 2459952.11638432      99.00000000
 2459952.5   5.736341673348   5.741732884760  -0.301697564356  -0.299848282914  3.073266 11.4 2459953.11486913      99.00000000
 2459953.5   5.744021839195   5.749405507323  -0.298810634681  -0.296952424410  3.079761 11.4 2459954.11335566      99.00000000
 2459954.5   5.751712949560   5.757088943246  -0.295905299459  -0.294038330778  3.086156 11.4 2459955.11184392      99.00000000
 2459955.5   5.759414592425   5.764782771020  -0.292981748438  -0.291106177573  3.092449 11.4 2459956.11033382      99.00000000
 2459956.5   5.767126679318   5.772486921809  -0.290040070804  -0.288156030286  3.098642 11.4 2459957.10882536      99.00000000
 2459957.5   5.774848817462   5.780201051491  -0.287080461158  -0.285188053427  3.104733 11.4 2459958.10731847      99.00000000
 2459958.5   5.782580932785   5.787925160210  -0.284103013432  -0.282202306691  3.110722 11.4 2459959.10581316      99.00000000
 2459959.5   5.790322643519   5.795658961225  -0.281107929949  -0.279198958445  3.116609 11.4 2459960.10430934      99.00000000
 2459960.5   5.798073880435   5.803402491185  -0.278095312945  -0.276178081735  3.122393 11.4 2459961.10280704      99.00000000
 2459961.5   5.805834260248   5.811155467709  -0.275065377331  -0.273139874890  3.128073 11.4 2459962.10130615      99.00000000
 2459962.5   5.813603701651   5.818917879711  -0.272018240531  -0.270084459331  3.133648 11.4 2459963.09980671      99.00000000
 2459963.5   5.821381797712   5.826689329101  -0.268954139323  -0.267012104441  3.139119 11.4 2459964.09830862      99.00000000
 2459964.5   5.829168429071   5.834469617804  -0.265873217628  -0.263923015288  3.144485 11.4 2459965.09681188      99.00000000
 2459965.5   5.836963139752   5.842258125302  -0.262775745685  -0.260817539862  3.149744 11.4 2459966.09531640      99.00000000
 2459966.5   5.844765755534   5.850054471533  -0.259661902551  -0.257695924944  3.154896 11.3 2459967.09382217      99.00000000
 2459967.5   5.852575772256   5.857857983681  -0.256531993570  -0.254558506208  3.159941 11.3 2459968.09232907      99.00000000
 2459968.5   5.860392985184   5.865668393191  -0.253386224762  -0.251405469709  3.164878 11.3 2459969.09083710      99.00000000
 2459969.5   5.868216887408   5.873485251099  -0.250224918951  -0.248237080275  3.169707 11.3 2459970.08934616      99.00000000
 2459970.5   5.876047299407   5.881308517775  -0.247048286158  -0.245053478056  3.174428 11.3 2459971.08785624      99.00000000
 2459971.5   5.883883762963   5.889137895143  -0.243856644303  -0.241854924543  3.179041 11.3 2459972.08636724      99.00000000
 2459972.5   5.891726159985   5.896973395794  -0.240650190512  -0.238641585542  3.183546 11.3 2459973.08487920      99.00000000
 2459973.5   5.899574098325   5.904814706936  -0.237429228305  -0.235413759092  3.187943 11.3 2459974.08339201      99.00000000
 2459974.5   5.907427523054   5.912661800281  -0.234193938961  -0.232171640173  3.192233 11.3 2459975.08190570      99.00000000
 2459975.5   5.915286100149   5.920514326018  -0.230944612890  -0.228915545168  3.196415 11.3 2459976.08042020      99.00000000
 2459976.5   5.923149826018   5.928372234438  -0.227681418781  -0.225645674155  3.200490 11.3 2459977.07893554      99.00000000
 2459977.5   5.931018412757   5.936235173346  -0.224404637522  -0.222362340581  3.204457 11.3 2459978.07745163      99.00000000
 2459978.5   5.938891897786   5.944103107559  -0.221114428350  -0.219065733289  3.208318 11.3 2459979.07596853      99.00000000
 2459979.5   5.946770030901   5.951975715917  -0.217811065099  -0.215756150262  3.212072 11.3 2459980.07448616      99.00000000
 2459980.5   5.954652883631   5.959853009241  -0.214494699554  -0.212433758968  3.215719 11.3 2459981.07300456      99.00000000
 2459981.5   5.962540237218   5.967734727079  -0.211165600313  -0.209098833741  3.219260 11.3 2459982.07152367      99.00000000
 2459982.5   5.970432191041   5.975620952438  -0.207823913682  -0.205751515189  3.222694 11.3 2459983.07004353      99.00000000
 2459983.5   5.978328550919   5.983511504441  -0.204469905369  -0.202392052553  3.226022 11.2 2459984.06856409      99.00000000
 2459984.5   5.986229436474   5.991406545553  -0.201103719062  -0.199020563464  3.229243 11.2 2459985.06708539      99.00000000
 2459985.5   5.994134669659   5.999305966833  -0.197725620921  -0.195637281772  3.232358 11.2 2459986.06560738      99.00000000
 2459986.5   6.002044381252   6.007209986524  -0.194335755849  -0.192242317388  3.235367 11.2 2459987.06413011      99.00000000
 2459987.5   6.009958399508   6.015118528172  -0.190934394764  -0.188835908810  3.238268 11.2 2459988.06265351      99.00000000
 2459988.5   6.017876855594   6.023031811462  -0.187521688711  -0.185418182409  3.241063 11.2 2459989.06117765      99.00000000
 2459989.5   6.025799571656   6.030949723031  -0.184097919199  -0.181989409400  3.243751 11.2 2459990.05970247      99.00000000
 2459990.5   6.033726664459   6.038872399660  -0.180663250587  -0.178549764046  3.246331 11.2 2459991.05822801      99.00000000
 2459991.5   6.041657932154   6.046799597254  -0.177217983770  -0.175099581756  3.248804 11.2 2459992.05675422      99.00000000
 2459992.5   6.049593456554   6.054731285501  -0.173762306753  -0.171639107712  3.251169 11.2 2459993.05528112      99.00000000
 2459993.5   6.057532990729   6.062667051801  -0.170296550596  -0.168168742008  3.253425 11.2 2459994.05380866      99.00000000
 2459994.5   6.065476564822   6.070606753253  -0.166820935857  -0.164688764555  3.255573 11.2 2459995.05233686      99.00000000
 2459995.5   6.073423881190   6.078549977188  -0.163335827376  -0.161199566388  3.257613 11.1 2459996.05086565      99.00000000
 2459996.5   6.081374930124   6.086496706062  -0.159841473363  -0.157701375998  3.259543 11.1 2459997.04939504      99.00000000
 2459997.5   6.089329394351   6.094446723512  -0.156338257794  -0.154194520463  3.261365 11.1 2459998.04792496      99.00000000
 2459998.5   6.097287269650   6.102400186616  -0.152826434442  -0.150679183838  3.263078 11.1 2459999.04645544      99.00000000
 2459999.5   6.105248267701   6.110356964057  -0.149306382083  -0.147155688247  3.264682 11.1 2460000.04498641      99.00000000
 2460000.5   6.113212430015   6.118317203670  -0.145778339298  -0.143624242340  3.266179 11.1 2460001.04351790      99.00000000
 2460001.5   6.121179521854   6.126280712735  -0.142242666192  -0.140085203664  3.267568 11.1 2460002.04204986      99.00000000
 2460002.5   6.129149638925   6.134247573984  -0.138699580575  -0.136538807193  3.268850 11.1 2460003.04058233      99.00000000
 2460003.5   6.137122596402   6.142217553433  -0.135149424318  -0.132985422993  3.270026 11.1 2460004.03911526      99.00000000
 2460004.5   6.145098534171   6.150190722925  -0.131592398239  -0.129425283744  3.271096 11.1 2460005.03764870      99.00000000
 2460005.5   6.153077305610   6.158166862270  -0.128028830739  -0.125858748934  3.272060 11.0 2460006.03618259      99.00000000
 2460006.5   6.161059084375   6.166146074868  -0.124458909978  -0.122286033927  3.272919 11.0 2460007.03471700      99.00000000
 2460007.5   6.169043753991   6.174128184487  -0.120882954150  -0.118707478362  3.273673 11.0 2460008.03325188      99.00000000
 2460008.5   6.177031516238   6.182113349560  -0.117301140961  -0.115123273609  3.274323 11.0 2460009.03178728      99.00000000
 2460009.5   6.185022280728   6.190101458847  -0.113713779862  -0.111533733425  3.274869 11.0 2460010.03032318      99.00000000
 2460010.5   6.193016273973   6.198092745248  -0.110121039366  -0.107939019719  3.275312 11.0 2460011.02885963      99.00000000
 2460011.5   6.201013427764   6.206087176933  -0.106523221751  -0.104339416990  3.275651 11.0 2460012.02739659      99.00000000
 2460012.5   6.209013988106   6.214085064363  -0.102920488725  -0.100735059088  3.275888 11.0 2460013.02593413      99.00000000
 2460013.5   6.217017901678   6.222086439797  -0.099313138890  -0.097126210035  3.276022 10.9 2460014.02447222      99.00000000
 2460014.5   6.225025424479   6.230091653126  -0.095701331936  -0.093512993274  3.276054 10.9 2460015.02301092      99.00000000
 2460015.5   6.233036506353   6.238100739875  -0.092085368779  -0.089895678401  3.275984 10.9 2460016.02155020      99.00000000
 2460016.5   6.241051399795   6.246114011697  -0.088465414146  -0.086274410413  3.275811 10.9 2460017.02009012      99.00000000
 2460017.5   6.249070042796   6.254131422949  -0.084841779152  -0.082649498239  3.275536 10.9 2460018.01863066      99.00000000
 2460018.5   6.257092668211   6.262153168628  -0.081214642138  -0.079021139209  3.275159 10.9 2460019.01717187      99.00000000
 2460019.5   6.265119185090   6.270179063990  -0.077584333480  -0.075389703851  3.274680 10.9 2460020.01571370      99.00000000
 2460020.5   6.273149789245   6.278209167374  -0.073951054397  -0.071755448965  3.274099 10.9 2460021.01425622      99.00000000
 2460021.5   6.281184344288   0.003057883919  -0.070315163215  -0.068118791580  3.273416 10.9 2460022.01279938      99.00000000
 2460022.5   0.006037688951   0.011095852854  -0.066676890722  -0.064480006686  3.272630 10.8 2460023.01134321      99.00000000
 2460023.5   0.014080250351   0.019137534062  -0.063036625738  -0.060839495740  3.271741 10.8 2460024.00988766      99.00000000
 2460024.5   0.022126823675   0.027183082697  -0.059394624809  -0.057197488855  3.270751 10.8 2460025.00843278      99.00000000
 2460025.5   0.030177191295   0.035232416433  -0.055751295756  -0.053554336756  3.269658 10.8 2460026.00697850      99.00000000
 2460026.5   0.038231445292   0.043285794183  -0.052106902572  -0.049910237055  3.268464 10.8 2460027.00552487      99.00000000
 2460027.5   0.046289377629   0.051343147613  -0.048461850159  -0.046265541814  3.267169 10.8 2460028.00407182      99.00000000
 2460028.5   0.054351108334   0.059404671784  -0.044816389089  -0.042620475608  3.265772 10.8 2460029.00261941      99.00000000
 2460029.5   0.062416467778   0.067470201948  -0.041170905541  -0.038975426098  3.264276 10.9 2460030.00116759      99.00000000
 2460030.5   0.070485619784   0.075539853924  -0.037525627897  -0.035330643086  3.262681 10.9 2460030.99971641      99.00000000
 2460031.5   0.078558436695   0.083613423663  -0.033880921380  -0.031686523440  3.260986 10.9 2460031.99826582      99.00000000
 2460032.5   0.086635121248   0.091691029910  -0.030236994516  -0.028043309820  3.259194 10.9 2460032.99681588      99.00000000
 2460033.5   0.094715578748   0.099772500053  -0.026594196065  -0.024401382629  3.257304 10.9 2460033.99536656      99.00000000
 2460034.5   0.102800041369   0.107858002120  -0.022952719489  -0.020760961963  3.255317 10.9 2460034.99391791      99.00000000
 2460035.5   0.110888439473   0.115947420535  -0.019312901008  -0.017122404108  3.253234 10.9 2460035.99246990      99.00000000
 2460036.5   0.118981029280   0.124040987246  -0.015674921696  -0.013485902526  3.251056 10.9 2460036.99102260      99.00000000
 2460037.5   0.127077763068   0.132138655291  -0.012039106725  -0.009851785541  3.248783 10.9 2460037.98957598      99.00000000
 2460038.5   0.135178919540   0.140240732155  -0.008405625570  -0.006220215157  3.246415 10.9 2460038.98813010      99.00000000
 2460039.5   0.143284471587   0.148347248244  -0.004774793062  -0.002591486933  3.243954 10.9 2460039.98668493      99.00000000
 2460040.5   0.151394718041   0.156458584725  -0.001146768521   0.001034270137  3.241399 10.9 2460040.98524055      99.00000000
 2460041.5   0.159509647453   0.164574826390   0.002478140680   0.004656787061  3.238751 11.0 2460041.98379694      99.00000000
 2460042.5   0.167629570202   0.172696375933   0.006099780425   0.008275949723  3.236011 11.0 2460042.98235416      99.00000000
 2460043.5   0.175754477589   0.180823290891   0.009717843578   0.011891484234  3.233179 11.0 2460043.98091219      99.00000000
 2460044.5   0.183884674684   0.188955896318   0.013332171910   0.015503249768  3.230254 11.0 2460044.97947110      99.00000000
 2460045.5   0.192020135686   0.197094128534   0.016942447799   0.019110924052  3.227238 11.0 2460045.97803087      99.00000000
 2460046.5   0.200161139318   0.205238173017   0.020548497721   0.022714304951  3.224130 11.0 2460046.97659155      99.00000000
 2460047.5   0.208307622208   0.213387835242   0.024149983028   0.026313005805  3.220930 11.0 2460047.97515312      99.00000000
 2460048.5   0.216459818731   0.221543210636   0.027746705928   0.029906771038  3.217639 11.0 2460048.97371563      99.00000000
 2460049.5   0.224617613838   0.229704073150   0.031338300232   0.033495180911  3.214256 11.0 2460049.97227904      99.00000000
 2460050.5   0.232781188973   0.237870553822   0.034924540580   0.037077974873  3.210782 11.0 2460050.97084339      99.00000000
 2460051.5   0.240950375819   0.246042512395   0.038505033996   0.040654754220  3.207216 11.0 2460051.96940864      99.00000000
 2460052.5   0.249125310004   0.254220185723   0.042079533065   0.044225297690  3.203560 11.0 2460052.96797484      99.00000000
 2460053.5   0.257305786531   0.262403512478   0.045647628654   0.047789246877  3.199812 11.0 2460053.96654191      99.00000000
 2460054.5   0.265491920678   0.270592748895   0.049209066381   0.051346406467  3.195975 11.0 2460054.96510992      99.00000000
 2460055.5   0.273683501998   0.278787780976   0.052763438751   0.054896418998  3.192047 11.0 2460055.96367879      99.00000000
 2460056.5   0.281880657673   0.286988766626   0.056310502139   0.058439069122  3.188030 11.0 2460056.96224858      99.00000000
 2460057.5   0.290083199621   0.295195485828   0.059849865541   0.061973969463  3.183924 11.1 2460057.96081922      99.00000000
 2460058.5   0.298291286504   0.303408023200   0.063381306068   0.065500880260  3.179731 11.1 2460058.95939078      99.00000000
 2460059.5   0.306504762462   0.311626131379   0.066904453853   0.069019402859  3.175450 11.1 2460059.95796320      99.00000000
 2460060.5   0.314723819124   0.319849913616   0.070419106862   0.072529302031  3.171083 11.1 2460060.95653654      99.00000000
 2460061.5   0.322948328614   0.328079169080   0.073924913609   0.076030194840  3.166631 11.1 2460061.95511076      99.00000000
 2460062.5   0.331178508820   0.336314064433   0.077421688936   0.079521869322  3.162093 11.1 2460062.95368590      99.00000000
 2460063.5   0.339414253096   0.344554465486   0.080909095935   0.083003968628  3.157471 11.1 2460063.95226194      99.00000000
 2460064.5   0.347655800540   0.352800608823   0.084386963439   0.086476309218  3.152765 11.1 2460064.95083894      99.00000000
 2460065.5   0.355903062923   0.361052429489   0.087854967459   0.089938564060  3.147977 11.1 2460065.94941685      99.00000000
 2460066.5   0.364156299985   0.369310237420   0.091312950178   0.093390582718  3.143107 11.1 2460066.94799575      99.00000000
 2460067.5   0.372415442594   0.377574038981   0.094760600434   0.096832073776  3.138154 11.1 2460067.94657560      99.00000000
 2460068.5   0.380680771717   0.385844209936   0.098197773353   0.100262924118  3.133121 11.1 2460068.94515647      99.00000000
 2460069.5   0.388952235698   0.394120798083   0.101624168892   0.103682875298  3.128008 11.1 2460069.94373832      99.00000000
 2460070.5   0.397230130814   0.402404181520   0.105039650993   0.107091835263  3.122814 11.1 2460070.94232124      99.00000000
 2460071.5   0.405514410591   0.410694351059   0.108443923417   0.110489543985  3.117541 11.1 2460071.94090519      99.00000000
 2460072.5   0.413805367200   0.418991571539   0.111836848153   0.113875879475  3.112189 11.1 2460072.93949023      99.00000000
 2460073.5   0.422102933520   0.427295680315   0.115218119330   0.117250524161  3.106757 11.1 2460073.93807632      99.00000000
 2460074.5   0.430407368350   0.435606792797   0.118587582512   0.120613283579  3.101247 11.1 2460074.93666354      99.00000000
 2460075.5   0.438718555256   0.443924639134   0.121944908988   0.123963770572  3.095658 11.1 2460075.93525183      99.00000000
 2460076.5   0.447036696088   0.452249301146   0.125289918059   0.127301742546  3.089990 11.1 2460076.93384125      99.00000000
 2460077.5   0.455361609682   0.460580543117   0.128622253166   0.130626794668  3.084243 11.1 2460077.93243175      99.00000000
 2460078.5   0.463693435230   0.468918527973   0.131941707534   0.133938696951  3.078418 11.1 2460078.93102336      99.00000000
 2460079.5   0.472031930469   0.477263105182   0.135247901784   0.137237077272  3.072514 11.1 2460079.92961604      99.00000000
 2460080.5   0.480377183855   0.485614495799   0.138540612003   0.140521745441  3.066533 11.1 2460080.92820980      99.00000000
 2460081.5   0.488728910497   0.493972551124   0.141819447880   0.143792362060  3.060473 11.1 2460081.92680460      99.00000000
 2460082.5   0.497087171550   0.502337437392   0.145084182081   0.147048753587  3.054336 11.1 2460082.92540045      99.00000000
 2460083.5   0.505451665686   0.510708903140   0.148334427802   0.150290577478  3.048123 11.1 2460083.92399728      99.00000000
 2460084.5   0.513822453375   0.519086997848   0.151569968079   0.153517641778  3.041833 11.1 2460084.92259513      99.00000000
 2460085.5   0.522199240986   0.527471366149   0.154790431468   0.156729578787  3.035467 11.1 2460085.92119393      99.00000000
 2460086.5   0.530582107663   0.535861996293   0.157995620166   0.159926175391  3.029026 11.1 2460086.91979371      99.00000000
 2460087.5   0.538970780382   0.544258517585   0.161185183364   0.163107053649  3.022511 11.1 2460087.91839441      99.00000000
 2460088.5   0.547365363396   0.552660948599   0.164358944283   0.166272004115  3.015923 11.1 2460088.91699606      99.00000000
 2460089.5   0.555765605164   0.561068974505   0.167516572002   0.169420664340  3.009261 11.1 2460089.91559860      99.00000000
 2460090.5   0.564171632405   0.569482686218   0.170657908421   0.172552848885  3.002528 11.1 2460090.91420208      99.00000000
 2460091.5   0.572583210844   0.577901841103   0.173782639689   0.175668223857  2.995724 11.1 2460091.91280644      99.00000000
 2460092.5   0.581000485879   0.586326603192   0.176890623867   0.178766635041  2.988849 11.1 2460092.91141172      99.00000000
 2460093.5   0.589423238243   0.594756796958   0.179981562531   0.181847781593  2.981904 11.1 2460093.91001787      99.00000000
 2460094.5   0.597851632045   0.603192654324   0.183055329216   0.184911545009  2.974890 11.1 2460094.90862494      99.00000000
 2460095.5   0.606285465004   0.611634060582   0.186111641019   0.187957663163  2.967807 11.1 2460095.90723287      99.00000000
 2460096.5   0.614724922996   0.620081300861   0.189150387154   0.190986058550  2.960657 11.1 2460096.90584172      99.00000000
 2460097.5   0.623169822712   0.628534285226   0.192171299623   0.193996507829  2.953439 11.1 2460097.90445144      99.00000000
 2460098.5   0.631620369972   0.636993281982   0.195174280526   0.196988961335  2.946154 11.1 2460098.90306207      99.00000000
 2460099.5   0.640076391180   0.645458119688   0.198159070530   0.199963200266  2.938804 11.1 2460099.90167358      99.00000000
 2460100.5   0.648538092634   0.653928928521   0.201125573990   0.202919145848  2.931387 11.1 2460100.90028601      99.00000000
 2460101.5   0.657005279729   0.662405366011   0.204073525518   0.205856515963  2.923904 11.1 2460101.89889930      99.00000000
 2460102.5   0.665478120048   0.670887419761   0.207002814662   0.208775149260  2.916356 11.1 2460102.89751350      99.00000000
 2460103.5   0.673956356455   0.679374677415   0.209913153843   0.211674688380  2.908742 11.1 2460103.89612854      99.00000000
 2460104.5   0.682440082418   0.687867152332   0.212804406136   0.214554928959  2.901063 11.1 2460104.89474446      99.00000000
 2460105.5   0.690928955875   0.696364516308   0.215676257196   0.217415512754  2.893318 11.1 2460105.89336118      99.00000000
 2460106.5   0.699422990155   0.704866876771   0.218528546593   0.220256268006  2.885508 11.1 2460106.89197873      99.00000000
 2460107.5   0.707921767104   0.713373952999   0.221360942396   0.223076883839  2.877633 11.1 2460107.89059701      99.00000000
 2460108.5   0.716425239466   0.721885838235   0.224173273540   0.225877232136  2.869693 11.1 2460108.88921605      99.00000000
 2460109.5   0.724932938078   0.730402172670   0.226965204700   0.228657030856  2.861688 11.1 2460109.88783573      99.00000000
 2460110.5   0.733444781895   0.738922934114   0.229736567906   0.231416162193  2.853619 11.1 2460110.88645608      99.00000000
 2460111.5   0.741960276574   0.747447629989   0.232487036816   0.234154338578  2.845486 11.1 2460111.88507699      99.00000000
 2460112.5   0.750479331024   0.755976121239   0.235216457077   0.236871426297  2.837290 11.1 2460112.88369846      99.00000000
 2460113.5   0.759001446438   0.764507826025   0.237924519902   0.239567119012  2.829032 11.1 2460113.88232039      99.00000000
 2460114.5   0.767526538980   0.773042562841   0.240611090998   0.242241267896  2.820712 11.1 2460114.88094279      99.00000000
 2460115.5   0.776054118558   0.781579747503   0.243275883464   0.244893560755  2.812330 11.1 2460115.87956556      99.00000000
 2460116.5   0.784584117600   0.790119237436   0.245918785308   0.247523854166  2.803888 11.1 2460116.87818871      99.00000000
 2460117.5   0.793116059573   0.798660508092   0.248539532011   0.250131852811  2.795386 11.1 2460117.87681214      99.00000000
 2460118.5   0.801649894772   0.807203492627   0.251138033025   0.252717438870  2.786825 11.1 2460118.87543586      99.00000000
 2460119.5   0.810185159560   0.815747739439   0.253714044662   0.255280349054  2.778206 11.1 2460119.87405979      99.00000000
 2460120.5   0.818721820768   0.824293254557   0.256267496086   0.257820501002  2.769529 11.1 2460120.87268394      99.00000000
 2460121.5   0.827259426799   0.832839648250   0.258798163079   0.260337669716  2.760796 11.1 2460121.87130822      99.00000000
 2460122.5   0.835797961868   0.841386985689   0.261305993716   0.262831813061  2.752006 11.1 2460122.86993265      99.00000000
 2460123.5   0.844336989243   0.849934922960   0.263790783110   0.265302749121  2.743161 11.1 2460123.86855714      99.00000000
 2460124.5   0.852876515175   0.858483560945   0.266252498350   0.267750480236  2.734261 11.1 2460124.86718171      99.00000000
 2460125.5   0.861416122623   0.867032559959   0.268690953572   0.270174867698  2.725307 11.1 2460125.86580628      99.00000000
 2460126.5   0.869955842177   0.875581985775   0.271106132957   0.272575946827  2.716299 11.1 2460126.86443087      99.00000000
 2460127.5   0.878495271756   0.884131401231   0.273497864786   0.274953589937  2.707238 11.1 2460127.86305540      99.00000000
 2460128.5   0.887034449772   0.892680726300   0.275866141124   0.277307807660  2.698125 11.1 2460128.86167988      99.00000000
 2460129.5   0.895572956877   0.901229356388   0.278210790530   0.279638409324  2.688959 11.1 2460129.86030422      99.00000000
 2460130.5   0.904110791898   0.909777093981   0.280531795629   0.281945318387  2.679740 11.1 2460130.85892845      99.00000000
 2460131.5   0.912647461937   0.918323309496   0.282828967855   0.284228266434  2.670470 11.1 2460131.85755246      99.00000000
 2460132.5   0.921182873287   0.926867882837   0.285102267333   0.286487140370  2.661147 11.1 2460132.85617626      99.00000000
 2460133.5   0.929716422652   0.935410294350   0.287351483518   0.288721689447  2.651772 11.1 2460133.85479972      99.00000000
 2460134.5   0.938247911348   0.943950497067   0.289576558535   0.290931855978  2.642346 11.1 2460134.85342284      99.00000000
 2460135.5   0.946776637189   0.952487950232   0.291777272007   0.293117454736  2.632867 11.1 2460135.85204548      99.00000000
 2460136.5   0.955302325066   0.961022505662   0.293953564109   0.295278478932  2.623337 11.1 2460136.85066763      99.00000000
 2460137.5   0.963824209659   0.969553467118   0.296105220977   0.297414771738  2.613755 11.1 2460137.84928913      99.00000000
 2460138.5   0.972341974786   0.978080527950   0.298232194965   0.299526333372  2.604123 11.1 2460138.84790997      99.00000000
 2460139.5   0.980854822391   0.986602848799   0.300334289794   0.301613001483  2.594441 11.1 2460139.84652997      99.00000000
 2460140.5   0.989362419796   0.995120021188   0.302411478072   0.303674764486  2.584708 11.0 2460140.84514912      99.00000000
 2460141.5   0.997863955394   1.003631139479   0.304463586859   0.305711449426  2.574927 11.0 2460141.84376726      99.00000000
 2460142.5   1.006359095253   1.012135775040   0.306490612979   0.307723038136  2.565097 11.0 2460142.84238436      99.00000000
 2460143.5   1.014847026262   1.020633032772   0.308492409527   0.309709359645  2.555219 11.0 2460143.84100026      99.00000000
 2460144.5   1.023327422898   1.029122529493   0.310468999138   0.311670406431  2.545294 11.0 2460144.83961494      99.00000000
 2460145.5   1.031799477789   1.037603429778   0.312420261667   0.313606028792  2.535323 11.0 2460145.83822824      99.00000000
 2460146.5   1.040262879072   1.046075425965   0.314346245470   0.315516248532  2.525306 11.0 2460146.83684015      99.00000000
 2460147.5   1.048716828416   1.054537753111   0.316246856520   0.317400953288  2.515245 11.0 2460147.83545050      99.00000000
 2460148.5   1.057161029833   1.062990174133   0.318122167857   0.319260206339  2.505140 11.0 2460148.83405929      99.00000000
 2460149.5   1.065594695754   1.071431978783   0.319972110491   0.321093940960  2.494991 11.0 2460149.83266636      99.00000000
 2460150.5   1.074017548496   1.079862978614   0.321796781152   0.322902267194  2.484801 11.0 2460150.83127170      99.00000000
 2460151.5   1.082428814866   1.088282491312   0.323596135146   0.324685167263  2.474568 11.0 2460151.82987515      99.00000000
 2460152.5   1.090828240785   1.096690343555   0.325370292181   0.326442799091  2.464295 11.0 2460152.82847672      99.00000000
 2460153.5   1.099215073347   1.105085834200   0.327119230845   0.328175190450  2.453982 11.0 2460153.82707624      99.00000000
 2460154.5   1.107589086577   1.113468738561   0.328843091630   0.329882533501  2.443629 11.0 2460154.82567372      99.00000000
 2460155.5   1.115949546457   1.121838251731   0.330541872040   0.331564869933  2.433238 11.0 2460155.82426900      99.00000000
 2460156.5   1.124296242224   1.130194015257   0.332215725614   0.333222371312  2.422808 11.0 2460156.82286207      99.00000000
 2460157.5   1.132628428021   1.138535084152   0.333864657145   0.334855021723  2.412340 11.0 2460157.82145279      99.00000000
 2460158.5   1.140945857037   1.146861024847   0.335488818322   0.336462909384  2.401835 10.9 2460158.82004114      99.00000000
 2460159.5   1.149247703498   1.155170911753   0.337088205787   0.338045945388  2.391292 10.9 2460159.81862696      99.00000000
 2460160.5   1.157533612819   1.163464421747   0.338662957468   0.339604190805  2.380712 10.9 2460160.81721021      99.00000000
 2460161.5   1.165802621930   1.171740735305   0.340213057662   0.341137593126  2.370095 10.9 2460161.81579072      99.00000000
 2460162.5   1.174054241240   1.179999553225   0.341738635810   0.342646292143  2.359441 10.9 2460162.81436844      99.00000000
 2460163.5   1.182287377829   1.188239947681   0.343239677179   0.344130321383  2.348750 10.9 2460163.81294318      99.00000000
 2460164.5   1.190501442213   1.196461427756   0.344716320017   0.345589881994  2.338023 10.9 2460164.81151485      99.00000000
 2460165.5   1.198695259940   1.204662842598   0.346168567597   0.347025038512  2.327259 10.9 2460165.81008325      99.00000000
 2460166.5   1.206868190070   1.212843515163   0.347596580749   0.348435997990  2.316461 10.9 2460166.80864829      99.00000000
 2460167.5   1.215019016718   1.221002154515   0.349000390416   0.349822820818  2.305627 10.9 2460167.80720977      99.00000000
 2460168.5   1.223147077232   1.229138005427   0.350380185931   0.351185706909  2.294760 10.9 2460168.80576759      99.00000000
 2460169.5   1.231251134705   1.237249736370   0.351736029234   0.352524714707  2.283859 10.9 2460169.80432152      99.00000000
 2460170.5   1.239330519038   1.245336594064   0.353068139852   0.353840046959  2.272926 10.9 2460170.80287151      99.00000000
 2460171.5   1.247383982782   1.253397267976   0.354376611623   0.355131773602  2.261961 10.9 2460171.80141730      99.00000000
 2460172.5   1.255410857363   1.261431054221   0.355661694676   0.356400115301  2.250966 10.8 2460172.79995883      99.00000000
 2460173.5   1.263409892876   1.269436698223   0.356923514904   0.357645169633  2.239940 10.8 2460173.79849588      99.00000000
 2460174.5   1.271380430143   1.277413568059   0.358162352861   0.358867191616  2.228886 10.8 2460174.79702836      99.00000000
 2460175.5   1.279321223930   1.285360473567   0.359378366019   0.360066322248  2.217804 10.8 2460175.79555605      99.00000000
 2460176.5   1.287231631025   1.293276848840   0.360571864455   0.361242864486  2.206695 10.8 2460176.79407889      99.00000000
 2460177.5   1.295110416451   1.301161548650   0.361743036008   0.362397012829  2.195560 10.8 2460177.79259664      99.00000000
 2460178.5   1.302956958195   1.309014043259   0.362892218724   0.363529123864  2.184400 10.8 2460178.79110925      99.00000000
 2460179.5   1.310770036389   1.316833194439   0.364019629048   0.364639446713  2.173217 10.8 2460179.78961649      99.00000000
 2460180.5   1.318549055373   1.324618464455   0.365125630876   0.365728387600  2.162010 10.8 2460180.78811830      99.00000000
 2460181.5   1.326292815056   1.332368670953   0.366210466687   0.366796239811  2.150782 10.8 2460181.78661447      99.00000000
 2460182.5   1.334000749142   1.340083210444   0.367274522700   0.367843438927  2.139533 10.8 2460182.78510492      99.00000000
 2460183.5   1.341671674793   1.347760797428   0.368318062467   0.368870287821  2.128264 10.7 2460183.78358943      99.00000000
 2460184.5   1.349305042031   1.355400721065   0.369341487465   0.369877200092  2.116975 10.7 2460184.78206796      99.00000000
 2460185.5   1.356899654670   1.363001598943   0.370345073010   0.370864426554  2.105668 10.7 2460185.78054027      99.00000000
 2460186.5   1.364454926322   1.370562695267   0.371329224822   0.371832307973  2.094343 10.7 2460186.77900630      99.00000000
 2460187.5   1.371969572941   1.378082678628   0.372294219274   0.372781035895  2.083000 10.7 2460187.77746582      99.00000000
 2460188.5   1.379442886361   1.385560926104   0.373240458850   0.373710937783  2.071641 10.7 2460188.77591873      99.00000000
 2460189.5   1.386873417439   1.392996172926   0.374168219901   0.374622258051  2.060265 10.7 2460189.77436479      99.00000000
 2460190.5   1.394260288921   1.400387748097   0.375077908345   0.375515421050  2.048873 10.7 2460190.77280388      99.00000000
 2460191.5   1.401601881127   1.407734184002   0.375969813751   0.376390774859  2.037465 10.7 2460191.77123572      99.00000000
 2460192.5   1.408897181858   1.415034531571   0.376844361662   0.377248815905  2.026043 10.6 2460192.76966017      99.00000000
 2460193.5   1.416144458731   1.422287038475   0.377701870108   0.378089927113  2.014607 10.6 2460193.76807694      99.00000000
 2460194.5   1.423342627888   1.429490546857   0.378542795743   0.378914609695  2.003157 10.6 2460194.76648587      99.00000000
 2460195.5   1.430489898540   1.436643167431   0.379367492089   0.379723242127  1.991695 10.6 2460195.76488665      99.00000000
 2460196.5   1.437585155143   1.443743685170   0.380176450065   0.380516320139  1.980223 10.6 2460196.76327914      99.00000000
 2460197.5   1.444626574131   1.450790189552   0.380970059331   0.381294225407  1.968740 10.6 2460197.76166300      99.00000000
 2460198.5   1.451613023979   1.457781483435   0.381748844331   0.382057462513  1.957249 10.6 2460198.76003810      99.00000000
 2460199.5   1.458542657991   1.464715680155   0.382513229668   0.382806431210  1.945750 10.6 2460199.75840410      99.00000000
 2460200.5   1.465414336559   1.471591629650   0.383263771995   0.383541658596  1.934246 10.6 2460200.75676086      99.00000000
 2460201.5   1.472226197786   1.478407489963   0.384000929638   0.384263575706  1.922736 10.5 2460201.75510806      99.00000000
 2460202.5   1.478977103727   1.485162173227   0.384725290145   0.384972745725  1.911224 10.5 2460202.75344555      99.00000000
 2460203.5   1.485665188261   1.491853888654   0.385437344061   0.385669645128  1.899709 10.5 2460203.75177300      99.00000000
 2460204.5   1.492289327325   1.498481605039   0.386137707855   0.386354886735  1.888194 10.5 2460204.75009027      99.00000000
 2460205.5   1.498847662284   1.505043561588   0.386826901779   0.387029003203  1.876681 10.5 2460205.74839704      99.00000000
 2460206.5   1.505339093746   1.511538747837   0.387505568005   0.387692662188  1.865170 10.5 2460206.74669317      99.00000000
 2460207.5   1.511761778831   1.517965385149   0.388174252641   0.388346450088  1.853664 10.5 2460207.74497834      99.00000000
 2460208.5   1.518114648605   1.524322430617   0.388833619031   0.388991077799  1.842164 10.4 2460208.74325241      99.00000000
 2460209.5   1.524395877857   1.530608035365   0.389484234022   0.389627164115  1.830671 10.4 2460209.74151507      99.00000000
 2460210.5   1.530604425680   1.536821080436   0.390126776296   0.390255431787  1.819188 10.4 2460210.73976617      99.00000000
 2460211.5   1.536738474651   1.542959620177   0.390761826931   0.390876490966  1.807715 10.4 2460211.73800540      99.00000000
 2460212.5   1.542796991408   1.549022463281   0.391390072674   0.391491028041  1.796255 10.4 2460212.73623262      99.00000000
 2460213.5   1.548778129453   1.555007613587   0.392012101150   0.392099597659  1.784807 10.4 2460213.73444752      99.00000000
 2460214.5   1.554680806149   1.560913899101   0.392628599780   0.392702821149  1.773375 10.4 2460214.73264993      99.00000000
 2460215.5   1.560503068121   1.566739381813   0.393240157081   0.393301209076  1.761958 10.3 2460215.73083952      99.00000000
 2460216.5   1.566243693081   1.572482969155   0.393847458926   0.393895382305  1.750559 10.3 2460216.72901614      99.00000000
 2460217.5   1.571900533792   1.578142715278   0.394451097479   0.394485911061  1.739178 10.3 2460217.72717941      99.00000000
 2460218.5   1.577472167195   1.583717394250   0.395051764936   0.395073513778  1.727816 10.3 2460218.72532914      99.00000000
 2460219.5   1.582956233350   1.589204770549   0.395650068595   0.395658863033  1.716476 10.3 2460219.72346493      99.00000000
 2460220.5   1.588351136521   1.594603273991   0.396246719078   0.396242744738  1.705157 10.3 2460220.72158656      99.00000000
 2460221.5   1.593654366701   1.599910337242   0.396842348574   0.396825857687  1.693863 10.2 2460221.71969359      99.00000000
 2460222.5   1.598864233345   1.605124166930   0.397437691625   0.397408978582  1.682595 10.2 2460222.71778579      99.00000000
 2460223.5   1.603978149557   1.610242062972   0.398033406354   0.397992785786  1.671353 10.2 2460223.71586271      99.00000000
 2460224.5   1.608994388143   1.615262198467   0.398630248729   0.398578033858  1.660142 10.2 2460224.71392411      99.00000000
 2460225.5   1.613910324917   1.620181874409   0.399228898186   0.399165389082  1.648962 10.2 2460225.71196955      99.00000000
 2460226.5   1.618724221280   1.624999306554   0.399830126542   0.399755599435  1.637815 10.2 2460226.70999878      99.00000000
 2460227.5   1.623433431307   1.629711833009   0.400434628787   0.400349333514  1.626705 10.1 2460227.70801136      99.00000000
 2460228.5   1.628036217419   1.634317729987   0.401043186941   0.400947343497  1.615632 10.1 2460228.70600704      99.00000000
 2460229.5   1.632529924608   1.638814385212   0.401656506019   0.401550308616  1.604601 10.1 2460229.70398537      99.00000000
 2460230.5   1.636912832983   1.643200148534   0.402275372605   0.402158993186  1.593612 10.1 2460230.70194612      99.00000000
 2460231.5   1.641182299260   1.647472467971   0.402900495697   0.402774095955  1.582669 10.1 2460231.69988884      99.00000000
 2460232.5   1.645336646784   1.651629769806   0.403532659688   0.403396402750  1.571775 10.1 2460232.69781331      99.00000000
 2460233.5   1.649373271431   1.655669549251   0.404172569840   0.404026639031  1.560931 10.0 2460233.69571908      99.00000000
 2460234.5   1.653290567242   1.659590277774   0.404820999581   0.404665612819  1.550142 10.0 2460234.69360594      99.00000000
 2460235.5   1.657085992255   1.663389450782   0.405478640631   0.405314065768  1.539408 10.0 2460235.69147347      99.00000000
 2460236.5   1.660758027506   1.667065533810   0.406146244893   0.405972803339  1.528734 10.0 2460236.68932144      99.00000000
 2460237.5   1.664304199159   1.670615981213   0.406824479513   0.406642544521  1.518122 10.0 2460237.68714945      99.00000000
 2460238.5   1.667723070245   1.674039236656   0.407514063822   0.407324043374  1.507575  9.9 2460238.68495730      99.00000000
 2460239.5   1.671012217000   1.677332730719   0.408215629664   0.408017944532  1.497095  9.9 2460239.68274457      99.00000000
 2460240.5   1.674170253494   1.680494937685   0.408929853853   0.408724905310  1.486686  9.9 2460240.68051108      99.00000000
 2460241.5   1.677194760198   1.683523342266   0.409657324089   0.409445467326  1.476349  9.9 2460241.67825640      99.00000000
 2460242.5   1.680084342269   1.686416532498   0.410398667561   0.410180190093  1.466088  9.9 2460242.67598036      99.00000000
 2460243.5   1.682836511564   1.689172098796   0.411154422916   0.410929546390  1.455905  9.8 2460243.67368252      99.00000000
 2460244.5   1.685449786722   1.691788719760   0.411925165619   0.411694065484  1.445802  9.8 2460244.67136270      99.00000000
 2460245.5   1.687921540835   1.694263962119   0.412711385820   0.412474233734  1.435783  9.8 2460245.66902045      99.00000000
 2460246.5   1.690250161617   1.696596376555   0.413513609835   0.413270614519  1.425849  9.8 2460246.66665555      99.00000000
 2460247.5   1.692432879239   1.698783274885   0.414332282056   0.414083721911  1.416005  9.7 2460247.66426754      99.00000000
 2460248.5   1.694467993989   1.700822943038   0.415167880644   0.414914108428  1.406252  9.7 2460248.66185617      99.00000000
 2460249.5   1.696352676769   1.702712463311   0.416020801503   0.415762233286  1.396593  9.7 2460249.65942099      99.00000000
 2460250.5   1.698085248176   1.704450032679   0.416891467703   0.416628555485  1.387033  9.7 2460250.65696174      99.00000000
 2460251.5   1.699662930811   1.706032751828   0.417780215694   0.417513424414  1.377574  9.7 2460251.65447797      99.00000000
 2460252.5   1.701084165371   1.707458964225   0.418687400001   0.418417184633  1.368220  9.6 2460252.65196945      99.00000000
 2460253.5   1.702346306970   1.708725962132   0.419613282772   0.419340077933  1.358974  9.6 2460253.64943575      99.00000000
 2460254.5   1.703447979704   1.709832341767   0.420558135188   0.420282345564  1.349840  9.6 2460254.64687668      99.00000000
 2460255.5   1.704386721470   1.710775645473   0.421522130632   0.421244131414  1.340822  9.6 2460255.64429183      99.00000000
 2460256.5   1.705161384497   1.711554758745   0.422505443414   0.422225578548  1.331924  9.5 2460256.64168105      99.00000000
 2460257.5   1.705769734246   1.712167506423   0.423508145047   0.423226734051  1.323150  9.5 2460257.63904397      99.00000000
 2460258.5   1.706210901277   1.712613100824   0.424530300517   0.424247643019  1.314504  9.5 2460258.63638048      99.00000000
 2460259.5   1.706482936444   1.712889690847   0.425571866917   0.425288256913  1.305991  9.5 2460259.63369027      99.00000000
 2460260.5   1.706585315056   1.712996854384   0.426632787526   0.426348525983  1.297613  9.4 2460260.63097327      99.00000000
 2460261.5   1.706516445780   1.712933089645   0.427712892160   0.427428308155  1.289376  9.4 2460261.62822923      99.00000000
 2460262.5   1.706276222402   1.712698344451   0.428811989705   0.428527454910  1.281284  9.4 2460262.62545817      99.00000000
 2460263.5   1.705863478714   1.712291450651   0.429929769926   0.429645712979  1.273341  9.4 2460263.62265987      99.00000000
 2460264.5   1.705278579451   1.711712704250   0.431065895673   0.430782799149  1.265552  9.3 2460264.61983443      99.00000000
 2460265.5   1.704520813554   1.710961266038   0.432219906270   0.431938295446  1.257920  9.3 2460265.61698172      99.00000000
 2460266.5   1.703591020082   1.710037813505   0.433391310878   0.433111723848  1.250449  9.3 2460266.61410189      99.00000000
 2460267.5   1.702488920699   1.708941912806   0.434579493337   0.434302451072  1.243145  9.3 2460267.61119487      99.00000000
 2460268.5   1.701215785532   1.707674724987   0.435783807693   0.435509780559  1.236010  9.2 2460268.60826089      99.00000000
 2460269.5   1.699771713281   1.706236316322   0.437003483644   0.436732875460  1.229049  9.2 2460269.60529995      99.00000000
 2460270.5   1.698158345277   1.704628382468   0.438237724677   0.437970867467  1.222265  9.2 2460270.60231234      99.00000000
 2460271.5   1.696376102221   1.702851472317   0.439485612814   0.439222786369  1.215662  9.2 2460271.59929810      99.00000000
 2460272.5   1.694426953709   1.700907722505   0.440746209703   0.440487669296  1.209244  9.1 2460272.59625757      99.00000000
 2460273.5   1.692311620977   1.698798012614   0.442018459237   0.441764475840  1.203014  9.1 2460273.59319086      99.00000000
 2460274.5   1.690032409335   1.696524751470   0.443301291904   0.443052180497  1.196975  9.1 2460274.59009835      99.00000000
 2460275.5   1.687590384638   1.694089026094   0.444593523772   0.444349663069  1.191133  9.1 2460275.58698020      99.00000000
 2460276.5   1.684988268530   1.691493496760   0.445893964584   0.445655790785  1.185490  9.0 2460276.58383686      99.00000000
 2460277.5   1.682227583794   1.688739567425   0.447201312007   0.446969303287  1.180049  9.0 2460277.58066855      99.00000000
 2460278.5   1.679311597111   1.685830364879   0.448514264764   0.448288911193  1.174816  9.0 2460278.57747581      99.00000000
 2460279.5   1.676242418187   1.682767871234   0.449831411862   0.449613193055  1.169792  9.0 2460279.57425894      99.00000000
 2460280.5   1.673023972831   1.679555917748   0.451151352643   0.450940714952  1.164984  8.9 2460280.57101859      99.00000000
 2460281.5   1.669659048740   1.676197238357   0.452472580794   0.452269929542  1.160393  8.9 2460281.56775517      99.00000000
 2460282.5   1.666152294129   1.672696466663   0.453793612867   0.453599304638  1.156024  8.9 2460282.56446945      99.00000000
 2460283.5   1.662507215921   1.669057128570   0.455112866259   0.454927213297  1.151880  8.8 2460283.56116195      99.00000000
 2460284.5   1.658729207327   1.665284663637   0.456428797147   0.456252068094  1.147966  8.8 2460284.55783355      99.00000000
 2460285.5   1.654822508194   1.661383380001   0.457739771184   0.457572201634  1.144284  8.8 2460285.55448490      99.00000000
 2460286.5   1.650793264208   1.657359508187   0.459044211512   0.458886010135  1.140838  8.8 2460286.55111699      99.00000000
 2460287.5   1.646646456564   1.653218123157   0.460340460861   0.460191825929  1.137632  8.7 2460287.54773059      99.00000000
 2460288.5   1.642388990498   1.648966220449   0.461626940278   0.461488072078  1.134667  8.7 2460288.54432680      99.00000000
 2460289.5   1.638026595599   1.644609597189   0.462902001415   0.462773123488  1.131948  8.7 2460289.54090652      99.00000000
 2460290.5   1.633566933206   1.640155935385   0.464164096590   0.464045466971  1.129478  8.6 2460290.53747096      99.00000000
 2460291.5   1.629016460269   1.635611643721   0.465411620144   0.465303540728  1.127257  8.6 2460291.53402113      99.00000000
 2460292.5   1.624383537417   1.630984958927   0.466643090339   0.466545893173  1.125290  8.6 2460292.53055835      99.00000000
 2460293.5   1.619675247637   1.626282783679   0.467856978649   0.467771001979  1.123578  8.6 2460293.52708371      99.00000000
 2460294.5   1.614900494357   1.621513831158   0.469051903725   0.468977449086  1.122122  8.5 2460294.52359862      99.00000000
 2460295.5   1.610066785214   1.616685465477   0.470226447390   0.470163745713  1.120924  8.5 2460295.52010424      99.00000000
 2460296.5   1.605183333738   1.611806847094   0.471379360604   0.471328546292  1.119986  8.5 2460296.51660202      99.00000000
 2460297.5   1.600257838670   1.606885723359   0.472509365020   0.472470480311  1.119307  8.4 2460297.51309317      99.00000000
 2460298.5   1.595299608694   1.601931532280   0.473615370907   0.473588383718  1.118889  8.4 2460298.50957915      99.00000000
 2460299.5   1.590316358097   1.596952155225   0.474696263582   0.474681105227  1.118731  8.4 2460299.50606118      99.00000000
 2460300.5   1.585317354547   1.591957018157   0.475751133466   0.475747730539  1.118834  8.4 2460300.50254072 2460301.49901896
 2460301.5   1.580310233255   1.586953866447   0.476779047245   0.476787353453  1.119198  8.4 2460302.49549722      99.00000000
 2460302.5   1.575304156012   1.581951902134   0.477779290349   0.477799297424  1.119822  8.4 2460303.49197706      99.00000000
 2460303.5   1.570306641918   1.576958610649   0.478751123018   0.478782863762  1.120706  8.4 2460304.48845939      99.00000000
 2460304.5   1.565326725779   1.571982934443   0.479694035376   0.479737565833  1.121849  8.4 2460305.48494587      99.00000000
 2460305.5   1.560371803566   1.567032144236   0.480607488662   0.480662869341  1.123251  8.4 2460306.48143739      99.00000000
 2460306.5   1.555450777183   1.562115015110   0.481491182743   0.481558450501  1.124911  8.5 2460307.47793559      99.00000000
 2460307.5   1.550570911316   1.557238708207   0.482344782718   0.482423933999  1.126828  8.5 2460308.47444133      99.00000000
 2460308.5   1.545740952224   1.552411906183   0.483168198359   0.483259172510  1.129001  8.5 2460309.47095624      99.00000000
 2460309.5   1.540967996322   1.547641685530   0.483961296343   0.484063974561  1.131429  8.6 2460310.46748115      99.00000000
 2460310.5   1.536260577579   1.542936601447   0.484724190980   0.484838394910  1.134111  8.6 2460311.46401764      99.00000000
 2460311.5   1.531625555709   1.538303567047   0.485456942644   0.485582445151  1.137045  8.6 2460312.46056652      99.00000000
