 2459895.5   6.184907541639  -0.020784848854 29.9137010
 2459896.5   6.185014019030  -0.020787258530 29.9136787
 2459897.5   6.185120496536  -0.020789667976 29.9136564
 2459898.5   6.185226974156  -0.020792077190 29.9136341
 2459899.5   6.185333451890  -0.020794486173 29.9136117
 2459900.5   6.185439929736  -0.020796894924 29.9135894
 2459901.5   6.185546407696  -0.020799303445 29.9135670
 2459902.5   6.185652885767  -0.020801711733 29.9135447
 2459903.5   6.185759363951  -0.020804119790 29.9135223
 2459904.5   6.185865842246  -0.020806527615 29.9135000
 2459905.5   6.185972320652  -0.020808935208 29.9134776
 2459906.5   6.186078799168  -0.020811342568 29.9134552
 2459907.5   6.186185277794  -0.020813749697 29.9134328
 2459908.5   6.186291756529  -0.020816156593 29.9134104
 2459909.5   6.186398235372  -0.020818563257 29.9133880
 2459910.5   6.186504714323  -0.020820969688 29.9133655
 2459911.5   6.186611193381  -0.020823375886 29.9133431
 2459912.5   6.186717672545  -0.020825781852 29.9133207
 2459913.5   6.186824151815  -0.020828187585 29.9132982
 2459914.5   6.186930631189  -0.020830593084 29.9132758
 2459915.5   6.187037110667  -0.020832998351 29.9132533
 2459916.5   6.187143590247  -0.020835403384 29.9132308
 2459917.5   6.187250069930  -0.020837808184 29.9132083
 2459918.5   6.187356549713  -0.020840212750 29.9131858
 2459919.5   6.187463029595  -0.020842617083 29.9131633
 2459920.5   6.187569509577  -0.020845021182 29.9131408
 2459921.5   6.187675989655  -0.020847425047 29.9131183
 2459922.5   6.187782469830  -0.020849828679 29.9130958
 2459923.5   6.187888950100  -0.020852232076 29.9130732
 2459924.5   6.187995430463  -0.020854635239 29.9130507
 2459925.5   6.188101910918  -0.020857038168 29.9130281
 2459926.5   6.188208391464  -0.020859440863 29.9130056
 2459927.5   6.188314872100  -0.020861843323 29.9129830
 2459928.5   6.188421352822  -0.020864245548 29.9129604
 2459929.5   6.188527833631  -0.020866647539 29.9129378
 2459930.5   6.188634314523  -0.020869049296 29.9129152
 2459931.5   6.188740795497  -0.020871450818 29.9128926
 2459932.5   6.188847276551  -0.020873852105 29.9128700
 2459933.5   6.188953757683  -0.020876253157 29.9128473
 2459934.5   6.189060238891  -0.020878653974 29.9128247
 2459935.5   6.189166720172  -0.020881054557 29.9128020
 2459936.5   6.189273201523  -0.020883454905 29.9127794
 2459937.5   6.189379682943  -0.020885855018 29.9127567
 2459938.5   6.189486164428  -0.020888254896 29.9127340
 2459939.5   6.189592645975  -0.020890654539 29.9127113
 2459940.5   6.189699127583  -0.020893053948 29.9126886
 2459941.5   6.189805609248  -0.020895453122 29.9126659
 2459942.5   6.189912090967  -0.020897852062 29.9126432
 2459943.5   6.190018572738  -0.020900250768 29.9126205
 2459944.5   6.190125054559  -0.020902649239 29.9125978
 2459945.5   6.190231536425  -0.020905047476 29.9125750
 2459946.5   6.190338018337  -0.020907445480 29.9125523
 2459947.5   6.190444500291  -0.020909843249 29.9125295
 2459948.5   6.190550982286  -0.020912240785 29.9125067
 2459949.5   6.190657464320  -0.020914638087 29.9124839
 2459950.5   6.190763946392  -0.020917035156 29.9124611
 2459951.5   6.190870428502  -0.020919431992 29.9124383
 2459952.5   6.190976910648  -0.020921828593 29.9124155
 2459953.5   6.191083392831  -0.020924224962 29.9123927
 2459954.5   6.191189875049  -0.020926621097 29.9123699
 2459955.5   6.191296357303  -0.020929016999 29.9123471
 2459956.5   6.191402839592  -0.020931412667 29.9123242
 2459957.5   6.191509321917  -0.020933808101 29.9123014
 2459958.5   6.191615804277  -0.020936203302 29.9122785
 2459959.5   6.191722286671  -0.020938598268 29.9122556
 2459960.5   6.191828769101  -0.020940993001 29.9122328
 2459961.5   6.191935251566  -0.020943387500 29.9122099
 2459962.5   6.192041734065  -0.020945781764 29.9121870
 2459963.5   6.192148216598  -0.020948175795 29.9121641
 2459964.5   6.192254699165  -0.020950569590 29.9121412
 2459965.5   6.192361181765  -0.020952963152 29.9121182
 2459966.5   6.192467664397  -0.020955356478 29.9120953
 2459967.5   6.192574147061  -0.020957749570 29.9120724
 2459968.5   6.192680629757  -0.020960142426 29.9120494
 2459969.5   6.192787112482  -0.020962535048 29.9120265
 2459970.5   6.192893595238  -0.020964927435 29.9120035
 2459971.5   6.193000078022  -0.020967319586 29.9119805
 2459972.5   6.193106560833  -0.020969711502 29.9119576
 2459973.5   6.193213043672  -0.020972103183 29.9119346
 2459974.5   6.193319526536  -0.020974494628 29.9119116
 2459975.5   6.193426009425  -0.020976885838 29.9118886
 2459976.5   6.193532492338  -0.020979276812 29.9118655
 2459977.5   6.193638975274  -0.020981667551 29.9118425
 2459978.5   6.193745458232  -0.020984058054 29.9118195
 2459979.5   6.193851941210  -0.020986448320 29.9117964
 2459980.5   6.193958424208  -0.020988838352 29.9117734
 2459981.5   6.194064907224  -0.020991228147 29.9117503
 2459982.5   6.194171390258  -0.020993617706 29.9117273
 2459983.5   6.194277873308  -0.020996007029 29.9117042
 2459984.5   6.194384356373  -0.020998396116 29.9116811
 2459985.5   6.194490839453  -0.021000784967 29.9116580
 2459986.5   6.194597322545  -0.021003173582 29.9116349
 2459987.5   6.194703805650  -0.021005561961 29.9116118
 2459988.5   6.194810288766  -0.021007950103 29.9115887
 2459989.5   6.194916771893  -0.021010338010 29.9115656
 2459990.5   6.195023255028  -0.021012725680 29.9115425
 2459991.5   6.195129738171  -0.021015113113 29.9115193
 2459992.5   6.195236221322  -0.021017500311 29.9114962
 2459993.5   6.195342704478  -0.021019887272 29.9114730
 2459994.5   6.195449187640  -0.021022273996 29.9114498
 2459995.5   6.195555670807  -0.021024660485 29.9114267
 2459996.5   6.195662153976  -0.021027046737 29.9114035
 2459997.5   6.195768637149  -0.021029432752 29.9113803
 2459998.5   6.195875120323  -0.021031818531 29.9113571
 2459999.5   6.195981603498  -0.021034204073 29.9113339
 2460000.5   6.196088086672  -0.021036589379 29.9113107
 2460001.5   6.196194569847  -0.021038974449 29.9112875
 2460002.5   6.196301053019  -0.021041359282 29.9112642
 2460003.5   6.196407536189  -0.021043743879 29.9112410
 2460004.5   6.196514019357  -0.021046128238 29.9112178
 2460005.5   6.196620502520  -0.021048512362 29.9111945
 2460006.5   6.196726985679  -0.021050896249 29.9111713
 2460007.5   6.196833468833  -0.021053279899 29.9111480
 2460008.5   6.196939951980  -0.021055663313 29.9111247
 2460009.5   6.197046435121  -0.021058046490 29.9111014
 2460010.5   6.197152918255  -0.021060429430 29.9110781
 2460011.5   6.197259401380  -0.021062812134 29.9110548
 2460012.5   6.197365884497  -0.021065194602 29.9110315
 2460013.5   6.197472367604  -0.021067576832 29.9110082
 2460014.5   6.197578850701  -0.021069958827 29.9109849
 2460015.5   6.197685333786  -0.021072340584 29.9109616
 2460016.5   6.197791816860  -0.021074722105 29.9109382
 2460017.5   6.197898299922  -0.021077103390 29.9109149
 2460018.5   6.198004782969  -0.021079484438 29.9108915
 2460019.5   6.198111266002  -0.021081865250 29.9108682
 2460020.5   6.198217749020  -0.021084245825 29.9108448
 2460021.5   6.198324232022  -0.021086626164 29.9108214
 2460022.5   6.198430715005  -0.021089006267 29.9107981
 2460023.5   6.198537197971  -0.021091386133 29.9107747
 2460024.5   6.198643680916  -0.021093765763 29.9107513
 2460025.5   6.198750163840  -0.021096145158 29.9107279
 2460026.5   6.198856646741  -0.021098524316 29.9107045
 2460027.5   6.198963129619  -0.021100903239 29.9106811
 2460028.5   6.199069612472  -0.021103281926 29.9106576
 2460029.5   6.199176095299  -0.021105660378 29.9106342
 2460030.5   6.199282578098  -0.021108038595 29.9106108
 2460031.5   6.199389060868  -0.021110416577 29.9105873
 2460032.5   6.199495543609  -0.021112794324 29.9105639
 2460033.5   6.199602026320  -0.021115171836 29.9105404
 2460034.5   6.199708509000  -0.021117549114 29.9105170
 2460035.5   6.199814991649  -0.021119926158 29.9104935
 2460036.5   6.199921474268  -0.021122302968 29.9104700
 2460037.5   6.200027956856  -0.021124679545 29.9104465
 2460038.5   6.200134439414  -0.021127055887 29.9104230
 2460039.5   6.200240921944  -0.021129431996 29.9103995
 2460040.5   6.200347404447  -0.021131807872 29.9103760
 2460041.5   6.200453886924  -0.021134183515 29.9103525
 2460042.5   6.200560369377  -0.021136558924 29.9103290
 2460043.5   6.200666851808  -0.021138934099 29.9103055
 2460044.5   6.200773334218  -0.021141309042 29.9102820
 2460045.5   6.200879816611  -0.021143683751 29.9102584
 2460046.5   6.200986298987  -0.021146058227 29.9102349
 2460047.5   6.201092781349  -0.021148432469 29.9102114
 2460048.5   6.201199263700  -0.021150806478 29.9101878
 2460049.5   6.201305746040  -0.021153180253 29.9101643
 2460050.5   6.201412228373  -0.021155553795 29.9101407
 2460051.5   6.201518710700  -0.021157927102 29.9101171
 2460052.5   6.201625193023  -0.021160300176 29.9100936
 2460053.5   6.201731675343  -0.021162673016 29.9100700
 2460054.5   6.201838157663  -0.021165045622 29.9100464
 2460055.5   6.201944639984  -0.021167417994 29.9100228
 2460056.5   6.202051122308  -0.021169790132 29.9099992
 2460057.5   6.202157604636  -0.021172162036 29.9099757
 2460058.5   6.202264086971  -0.021174533705 29.9099521
 2460059.5   6.202370569313  -0.021176905140 29.9099284
 2460060.5   6.202477051664  -0.021179276340 29.9099048
 2460061.5   6.202583534026  -0.021181647306 29.9098812
 2460062.5   6.202690016400  -0.021184018037 29.9098576
 2460063.5   6.202796498788  -0.021186388534 29.9098340
 2460064.5   6.202902981190  -0.021188758796 29.9098103
 2460065.5   6.203009463608  -0.021191128823 29.9097867
 2460066.5   6.203115946044  -0.021193498615 29.9097630
 2460067.5   6.203222428499  -0.021195868172 29.9097394
 2460068.5   6.203328910974  -0.021198237494 29.9097157
 2460069.5   6.203435393471  -0.021200606581 29.9096921
 2460070.5   6.203541875990  -0.021202975433 29.9096684
 2460071.5   6.203648358534  -0.021205344050 29.9096448
 2460072.5   6.203754841103  -0.021207712432 29.9096211
 2460073.5   6.203861323698  -0.021210080578 29.9095974
 2460074.5   6.203967806321  -0.021212448489 29.9095737
 2460075.5   6.204074288974  -0.021214816165 29.9095500
 2460076.5   6.204180771656  -0.021217183605 29.9095263
 2460077.5   6.204287254371  -0.021219550810 29.9095026
 2460078.5   6.204393737118  -0.021221917779 29.9094789
 2460079.5   6.204500219898  -0.021224284512 29.9094552
 2460080.5   6.204606702714  -0.021226651009 29.9094315
 2460081.5   6.204713185566  -0.021229017271 29.9094077
 2460082.5   6.204819668455  -0.021231383297 29.9093840
 2460083.5   6.204926151383  -0.021233749087 29.9093603
 2460084.5   6.205032634350  -0.021236114641 29.9093365
 2460085.5   6.205139117357  -0.021238479960 29.9093128
 2460086.5   6.205245600406  -0.021240845041 29.9092890
 2460087.5   6.205352083498  -0.021243209887 29.9092653
 2460088.5   6.205458566634  -0.021245574497 29.9092415
 2460089.5   6.205565049814  -0.021247938870 29.9092177
 2460090.5   6.205671533039  -0.021250303007 29.9091940
 2460091.5   6.205778016311  -0.021252666907 29.9091702
 2460092.5   6.205884499630  -0.021255030571 29.9091464
 2460093.5   6.205990982997  -0.021257393998 29.9091226
 2460094.5   6.206097466413  -0.021259757188 29.9090988
 2460095.5   6.206203949878  -0.021262120142 29.9090750
 2460096.5   6.206310433394  -0.021264482859 29.9090512
 2460097.5   6.206416916960  -0.021266845339 29.9090274
 2460098.5   6.206523400579  -0.021269207582 29.9090036
 2460099.5   6.206629884249  -0.021271569588 29.9089797
 2460100.5   6.206736367971  -0.021273931356 29.9089559
 2460101.5   6.206842851746  -0.021276292888 29.9089321
 2460102.5   6.206949335575  -0.021278654182 29.9089082
 2460103.5   6.207055819456  -0.021281015239 29.9088844
 2460104.5   6.207162303391  -0.021283376059 29.9088605
 2460105.5   6.207268787379  -0.021285736641 29.9088366
 2460106.5   6.207375271421  -0.021288096985 29.9088128
 2460107.5   6.207481755515  -0.021290457092 29.9087889
 2460108.5   6.207588239663  -0.021292816961 29.9087650
 2460109.5   6.207694723862  -0.021295176593 29.9087411
 2460110.5   6.207801208113  -0.021297535987 29.9087172
 2460111.5   6.207907692415  -0.021299895143 29.9086933
 2460112.5   6.208014176767  -0.021302254062 29.9086694
 2460113.5   6.208120661168  -0.021304612743 29.9086455
 2460114.5   6.208227145617  -0.021306971187 29.9086216
 2460115.5   6.208333630113  -0.021309329393 29.9085976
 2460116.5   6.208440114654  -0.021311687362 29.9085737
 2460117.5   6.208546599239  -0.021314045093 29.9085498
 2460118.5   6.208653083868  -0.021316402587 29.9085258
 2460119.5   6.208759568538  -0.021318759845 29.9085019
 2460120.5   6.208866053248  -0.021321116865 29.9084779
 2460121.5   6.208972537998  -0.021323473648 29.9084539
 2460122.5   6.209079022787  -0.021325830194 29.9084299
 2460123.5   6.209185507613  -0.021328186504 29.9084060
 2460124.5   6.209291992477  -0.021330542578 29.9083820
 2460125.5   6.209398477378  -0.021332898415 29.9083580
 2460126.5   6.209504962317  -0.021335254015 29.9083340
 2460127.5   6.209611447293  -0.021337609380 29.9083100
 2460128.5   6.209717932307  -0.021339964508 29.9082859
 2460129.5   6.209824417360  -0.021342319399 29.9082619
 2460130.5   6.209930902453  -0.021344674055 29.9082379
 2460131.5   6.210037387585  -0.021347028473 29.9082138
 2460132.5   6.210143872759  -0.021349382656 29.9081898
 2460133.5   6.210250357975  -0.021351736601 29.9081657
 2460134.5   6.210356843234  -0.021354090310 29.9081417
 2460135.5   6.210463328536  -0.021356443782 29.9081176
 2460136.5   6.210569813882  -0.021358797017 29.9080936
 2460137.5   6.210676299273  -0.021361150015 29.9080695
 2460138.5   6.210782784710  -0.021363502775 29.9080454
 2460139.5   6.210889270192  -0.021365855298 29.9080213
 2460140.5   6.210995755720  -0.021368207583 29.9079972
 2460141.5   6.211102241294  -0.021370559630 29.9079731
 2460142.5   6.211208726914  -0.021372911440 29.9079490
 2460143.5   6.211315212581  -0.021375263011 29.9079249
 2460144.5   6.211421698292  -0.021377614344 29.9079007
 2460145.5   6.211528184049  -0.021379965439 29.9078766
 2460146.5   6.211634669852  -0.021382316295 29.9078525
 2460147.5   6.211741155698  -0.021384666912 29.9078283
 2460148.5   6.211847641589  -0.021387017291 29.9078041
 2460149.5   6.211954127523  -0.021389367431 29.9077800
 2460150.5   6.212060613499  -0.021391717332 29.9077558
 2460151.5   6.212167099517  -0.021394066993 29.9077316
 2460152.5   6.212273585575  -0.021396416416 29.9077074
 2460153.5   6.212380071673  -0.021398765599 29.9076833
 2460154.5   6.212486557810  -0.021401114542 29.9076590
 2460155.5   6.212593043985  -0.021403463246 29.9076348
 2460156.5   6.212699530196  -0.021405811710 29.9076106
 2460157.5   6.212806016442  -0.021408159935 29.9075864
 2460158.5   6.212912502722  -0.021410507920 29.9075622
 2460159.5   6.213018989035  -0.021412855664 29.9075379
 2460160.5   6.213125475380  -0.021415203169 29.9075137
 2460161.5   6.213231961754  -0.021417550434 29.9074894
 2460162.5   6.213338448157  -0.021419897458 29.9074651
 2460163.5   6.213444934586  -0.021422244242 29.9074409
 2460164.5   6.213551421042  -0.021424590786 29.9074166
 2460165.5   6.213657907521  -0.021426937089 29.9073923
 2460166.5   6.213764394022  -0.021429283152 29.9073680
 2460167.5   6.213870880545  -0.021431628974 29.9073437
 2460168.5   6.213977367086  -0.021433974555 29.9073194
 2460169.5   6.214083853645  -0.021436319896 29.9072951
 2460170.5   6.214190340219  -0.021438664996 29.9072707
 2460171.5   6.214296826807  -0.021441009855 29.9072464
 2460172.5   6.214403313407  -0.021443354473 29.9072220
 2460173.5   6.214509800017  -0.021445698850 29.9071977
 2460174.5   6.214616286636  -0.021448042986 29.9071733
 2460175.5   6.214722773261  -0.021450386881 29.9071489
 2460176.5   6.214829259891  -0.021452730534 29.9071246
 2460177.5   6.214935746523  -0.021455073947 29.9071002
 2460178.5   6.215042233156  -0.021457417118 29.9070758
 2460179.5   6.215148719787  -0.021459760047 29.9070514
 2460180.5   6.215255206415  -0.021462102735 29.9070269
 2460181.5   6.215361693037  -0.021464445182 29.9070025
 2460182.5   6.215468179651  -0.021466787387 29.9069781
 2460183.5   6.215574666256  -0.021469129351 29.9069536
 2460184.5   6.215681152848  -0.021471471073 29.9069292
 2460185.5   6.215787639426  -0.021473812553 29.9069047
 2460186.5   6.215894125988  -0.021476153792 29.9068803
 2460187.5   6.216000612530  -0.021478494789 29.9068558
 2460188.5   6.216107099051  -0.021480835544 29.9068313
 2460189.5   6.216213585549  -0.021483176057 29.9068068
 2460190.5   6.216320072020  -0.021485516328 29.9067823
 2460191.5   6.216426558462  -0.021487856358 29.9067578
 2460192.5   6.216533044873  -0.021490196145 29.9067333
 2460193.5   6.216639531250  -0.021492535691 29.9067087
 2460194.5   6.216746017589  -0.021494874994 29.9066842
 2460195.5   6.216852503889  -0.021497214056 29.9066597
 2460196.5   6.216958990146  -0.021499552876 29.9066351
 2460197.5   6.217065476357  -0.021501891454 29.9066105
 2460198.5   6.217171962520  -0.021504229790 29.9065860
 2460199.5   6.217278448629  -0.021506567884 29.9065614
 2460200.5   6.217384934684  -0.021508905737 29.9065368
 2460201.5   6.217491420679  -0.021511243348 29.9065122
 2460202.5   6.217597906612  -0.021513580718 29.9064876
 2460203.5   6.217704392479  -0.021515917846 29.9064630
 2460204.5   6.217810878276  -0.021518254733 29.9064383
 2460205.5   6.217917364000  -0.021520591379 29.9064137
 2460206.5   6.218023849647  -0.021522927784 29.9063891
 2460207.5   6.218130335214  -0.021525263948 29.9063644
 2460208.5   6.218236820698  -0.021527599872 29.9063397
 2460209.5   6.218343306095  -0.021529935555 29.9063151
 2460210.5   6.218449791403  -0.021532270999 29.9062904
 2460211.5   6.218556276619  -0.021534606202 29.9062657
 2460212.5   6.218662761741  -0.021536941166 29.9062410
 2460213.5   6.218769246766  -0.021539275890 29.9062163
 2460214.5   6.218875731693  -0.021541610374 29.9061916
 2460215.5   6.218982216521  -0.021543944619 29.9061669
 2460216.5   6.219088701247  -0.021546278625 29.9061421
 2460217.5   6.219195185872  -0.021548612392 29.9061174
 2460218.5   6.219301670395  -0.021550945919 29.9060927
 2460219.5   6.219408154814  -0.021553279207 29.9060679
 2460220.5   6.219514639129  -0.021555612256 29.9060432
 2460221.5   6.219621123341  -0.021557945066 29.9060184
 2460222.5   6.219727607447  -0.021560277637 29.9059936
 2460223.5   6.219834091448  -0.021562609968 29.9059688
 2460224.5   6.219940575344  -0.021564942060 29.9059440
 2460225.5   6.220047059134  -0.021567273912 29.9059193
 2460226.5   6.220153542817  -0.021569605525 29.9058944
 2460227.5   6.220260026392  -0.021571936898 29.9058696
 2460228.5   6.220366509860  -0.021574268032 29.9058448
 2460229.5   6.220472993219  -0.021576598926 29.9058200
 2460230.5   6.220579476470  -0.021578929580 29.9057952
 2460231.5   6.220685959610  -0.021581259994 29.9057703
 2460232.5   6.220792442639  -0.021583590168 29.9057455
 2460233.5   6.220898925557  -0.021585920103 29.9057206
 2460234.5   6.221005408363  -0.021588249797 29.9056958
 2460235.5   6.221111891055  -0.021590579251 29.9056709
 2460236.5   6.221218373634  -0.021592908465 29.9056460
 2460237.5   6.221324856097  -0.021595237439 29.9056211
 2460238.5   6.221431338445  -0.021597566172 29.9055963
 2460239.5   6.221537820676  -0.021599894665 29.9055714
 2460240.5   6.221644302789  -0.021602222918 29.9055465
 2460241.5   6.221750784784  -0.021604550931 29.9055216
 2460242.5   6.221857266660  -0.021606878703 29.9054966
 2460243.5   6.221963748415  -0.021609206234 29.9054717
 2460244.5   6.222070230050  -0.021611533526 29.9054468
 2460245.5   6.222176711563  -0.021613860576 29.9054219
 2460246.5   6.222283192954  -0.021616187387 29.9053969
 2460247.5   6.222389674221  -0.021618513956 29.9053720
 2460248.5   6.222496155365  -0.021620840286 29.9053470
 2460249.5   6.222602636384  -0.021623166374 29.9053221
 2460250.5   6.222709117278  -0.021625492222 29.9052971
 2460251.5   6.222815598045  -0.021627817830 29.9052721
 2460252.5   6.222922078687  -0.021630143196 29.9052471
 2460253.5   6.223028559201  -0.021632468323 29.9052222
 2460254.5   6.223135039588  -0.021634793208 29.9051972
 2460255.5   6.223241519847  -0.021637117853 29.9051722
 2460256.5   6.223347999978  -0.021639442257 29.9051472
 2460257.5   6.223454479980  -0.021641766420 29.9051222
 2460258.5   6.223560959852  -0.021644090343 29.9050971
 2460259.5   6.223667439595  -0.021646414025 29.9050721
 2460260.5   6.223773919208  -0.021648737466 29.9050471
 2460261.5   6.223880398691  -0.021651060666 29.9050221
 2460262.5   6.223986878044  -0.021653383625 29.9049970
 2460263.5   6.224093357266  -0.021655706344 29.9049720
 2460264.5   6.224199836357  -0.021658028821 29.9049469
 2460265.5   6.224306315317  -0.021660351058 29.9049219
 2460266.5   6.224412794146  -0.021662673054 29.9048968
 2460267.5   6.224519272845  -0.021664994809 29.9048717
 2460268.5   6.224625751412  -0.021667316323 29.9048467
 2460269.5   6.224732229848  -0.021669637595 29.9048216
 2460270.5   6.224838708152  -0.021671958627 29.9047965
 2460271.5   6.224945186326  -0.021674279418 29.9047714
 2460272.5   6.225051664368  -0.021676599968 29.9047463
 2460273.5   6.225158142279  -0.021678920276 29.9047212
 2460274.5   6.225264620060  -0.021681240343 29.9046961
 2460275.5   6.225371097709  -0.021683560170 29.9046710
 2460276.5   6.225477575226  -0.021685879755 29.9046459
 2460277.5   6.225584052613  -0.021688199098 29.9046208
 2460278.5   6.225690529869  -0.021690518201 29.9045957
 2460279.5   6.225797006994  -0.021692837062 29.9045705
 2460280.5   6.225903483988  -0.021695155682 29.9045454
 2460281.5   6.226009960850  -0.021697474060 29.9045203
 2460282.5   6.226116437581  -0.021699792197 29.9044951
 2460283.5   6.226222914181  -0.021702110093 29.9044700
 2460284.5   6.226329390649  -0.021704427748 29.9044448
 2460285.5   6.226435866985  -0.021706745161 29.9044197
 2460286.5   6.226542343189  -0.021709062333 29.9043945
 2460287.5   6.226648819259  -0.021711379263 29.9043693
 2460288.5   6.226755295196  -0.021713695953 29.9043442
 2460289.5   6.226861771000  -0.021716012401 29.9043190
 2460290.5   6.226968246669  -0.021718328608 29.9042938
 2460291.5   6.227074722202  -0.021720644575 29.9042686
 2460292.5   6.227181197600  -0.021722960300 29.9042434
 2460293.5   6.227287672861  -0.021725275785 29.9042183
 2460294.5   6.227394147985  -0.021727591029 29.9041931
 2460295.5   6.227500622972  -0.021729906033 29.9041679
 2460296.5   6.227607097821  -0.021732220796 29.9041426
 2460297.5   6.227713572532  -0.021734535319 29.9041174
 2460298.5   6.227820047104  -0.021736849602 29.9040922
 2460299.5   6.227926521539  -0.021739163646 29.9040670
 2460300.5   6.228032995838  -0.021741477450 29.9040418
 2460301.5   6.228139470000  -0.021743791014 29.9040166
 2460302.5   6.228245944027  -0.021746104338 29.9039913
 2460303.5   6.228352417921  -0.021748417423 29.9039661
 2460304.5   6.228458891683  -0.021750730269 29.9039409
 2460305.5   6.228565365316  -0.021753042875 29.9039156
 2460306.5   6.228671838821  -0.021755355241 29.9038904
 2460307.5   6.228778312200  -0.021757667368 29.9038651
 2460308.5   6.228884785457  -0.021759979256 29.9038399
 2460309.5   6.228991258593  -0.021762290903 29.9038146
 2460310.5   6.229097731611  -0.021764602311 29.9037894
 2460311.5   6.229204204513  -0.021766913479 29.9037641
 2460312.5   6.229310677302  -0.021769224406 29.9037388
 2460313.5   6.229417149980  -0.021771535094 29.9037136
 2460314.5   6.229523622548  -0.021773845540 29.9036883
 2460315.5   6.229630095010  -0.021776155747 29.9036630
 2460316.5   6.229736567367  -0.021778465712 29.9036378
 2460317.5   6.229843039622  -0.021780775437 29.9036125
 2460318.5   6.229949511775  -0.021783084921 29.9035872
 2460319.5   6.230055983830  -0.021785394163 29.9035619
 2460320.5   6.230162455788  -0.021787703164 29.9035366
 2460321.5   6.230268927650  -0.021790011923 29.9035113
 2460322.5   6.230375399418  -0.021792320441 29.9034860
 2460323.5   6.230481871094  -0.021794628717 29.9034607
 2460324.5   6.230588342679  -0.021796936752 29.9034354
 2460325.5   6.230694814175  -0.021799244544 29.9034101
 2460326.5   6.230801285583  -0.021801552094 29.9033848
 2460327.5   6.230907756905  -0.021803859401 29.9033595
 2460328.5   6.231014228141  -0.021806166466 29.9033342
 2460329.5   6.231120699294  -0.021808473289 29.9033089
 2460330.5   6.231227170364  -0.021810779868 29.9032836
 2460331.5   6.231333641352  -0.021813086205 29.9032583
 2460332.5   6.231440112260  -0.021815392299 29.9032329
 2460333.5   6.231546583088  -0.021817698150 29.9032076
 2460334.5   6.231653053839  -0.021820003758 29.9031823
 2460335.5   6.231759524512  -0.021822309122 29.9031569
 2460336.5   6.231865995109  -0.021824614243 29.9031316
 2460337.5   6.231972465631  -0.021826919120 29.9031063
 2460338.5   6.232078936079  -0.021829223753 29.9030809
 2460339.5   6.232185406453  -0.021831528143 29.9030556
 2460340.5   6.232291876755  -0.021833832289 29.9030302
 2460341.5   6.232398346985  -0.021836136191 29.9030049
 2460342.5   6.232504817145  -0.021838439848 29.9029795
 2460343.5   6.232611287234  -0.021840743262 29.9029541
 2460344.5   6.232717757254  -0.021843046430 29.9029288
 2460345.5   6.232824227206  -0.021845349355 29.9029034
 2460346.5   6.232930697089  -0.021847652035 29.9028780
 2460347.5   6.233037166906  -0.021849954470 29.9028527
 2460348.5   6.233143636655  -0.021852256660 29.9028273
 2460349.5   6.233250106339  -0.021854558605 29.9028019
 2460350.5   6.233356575957  -0.021856860306 29.9027765
 2460351.5   6.233463045510  -0.021859161761 29.9027511
 2460352.5   6.233569514999  -0.021861462971 29.9027257
 2460353.5   6.233675984423  -0.021863763935 29.9027004
 2460354.5   6.233782453784  -0.021866064654 29.9026750
 2460355.5   6.233888923081  -0.021868365127 29.9026496
 2460356.5   6.233995392315  -0.021870665355 29.9026241
 2460357.5   6.234101861486  -0.021872965337 29.9025987
 2460358.5   6.234208330595  -0.021875265073 29.9025733
 2460359.5   6.234314799641  -0.021877564563 29.9025479
 2460360.5   6.234421268624  -0.021879863806 29.9025225
