 2459944.5   7.571   0.128586001974   0.040397446553   0.000110661299  -0.000602896814  -0.000009091522   0.075759982715  -0.023076559262   5.924925333045   4.322351340750 0.60089
 2459945.5   8.571   0.122749700060   0.015102373356   0.000100787499  -0.000622916379  -0.000014086530   0.287819219237  -0.023500135070   5.964437225369   4.361560066063 0.69931
 2459946.5   9.571   0.111880329067  -0.010389082691   0.000086887183  -0.000642034548  -0.000014449064   0.499778084390  -0.023918022438   6.017933187105   4.425296489871 0.78714
 2459947.5  10.571   0.097174923932  -0.034934738170   0.000069053967  -0.000659461079  -0.000010342761   0.711650154529  -0.024321367338   6.084381056907   4.515031495351 0.86184
 2459948.5  11.571   0.079690294078  -0.057525272964   0.000047541953  -0.000674558244  -0.000002100811   0.923451185439  -0.024700492356   6.162031130867   4.635525305497 0.92147
 2459949.5  12.571   0.060279943319  -0.077278840423   0.000022786514  -0.000686846047   0.000009819984   1.135198454016  -0.025045688334   6.247727289120   4.804063927196 0.96463
 2459950.5  13.571   0.039582203130  -0.093446937027  -0.000004591115  -0.000695996861   0.000024866686   1.346910205703  -0.025348171100   0.053492679405   5.113915588143 0.99041
 2459951.5  14.571   0.018050342422  -0.105428930144  -0.000033794724  -0.000701818002   0.000042395578   1.558605164898  -0.025601055488   0.139831713018   0.213152931605 0.99840
 2459952.5  15.571  -0.003984777295  -0.112788195733  -0.000063878606  -0.000704224654   0.000061660868   1.770302088995  -0.025800185087   0.217838660880   1.377254102567 0.98865
 2459953.5  16.571  -0.026231007414  -0.115262314442  -0.000093787595  -0.000703209220   0.000081798682   1.982019365996  -0.025944674657   0.283152972918   1.642049108173 0.96166
 2459954.5  17.571  -0.048343927444  -0.112762660244  -0.000122412001  -0.000698816496   0.000101822444   2.193774663604  -0.026037068698   0.333321958516   1.778691745776 0.91835
 2459955.5  18.571  -0.069843082535  -0.105363625326  -0.000148655992  -0.000691132344   0.000120642637   2.405584631937  -0.026083084881   0.367568202321   1.866493774138 0.85996
 2459956.5  19.571  -0.090048143367  -0.093286766015  -0.000171514678  -0.000680291893   0.000137118171   2.617464644321  -0.026090982434   0.386123120365   1.923161973547 0.78801
 2459957.5  20.571  -0.108044631754  -0.076888639737  -0.000190151883  -0.000666505917   0.000150137222   2.829428536501  -0.026070659545   0.389514983513   1.954601657209 0.70430
 2459958.5  21.571  -0.122686329700  -0.056662082479  -0.000203968855  -0.000650101475   0.000158718695   3.041488280477  -0.026032628536   0.378012760867   1.962773382251 0.61100
 2459959.5  22.571  -0.132641694435  -0.033258815019  -0.000212654734  -0.000631569196   0.000162120417   3.253653512326  -0.025987033771   0.351275799386   1.947500726826 0.51071
 2459960.5  23.571  -0.136494589826  -0.007535991122  -0.000216211623  -0.000611610759   0.000159936205   3.465930833743  -0.025942860987   0.308238595925   1.906991520606 0.40676
 2459961.5  24.571  -0.132913101530   0.019380811358  -0.000214950772  -0.000591176855   0.000152161958   3.678322838541  -0.025907439559   0.247362184143   1.838142206687 0.30339
 2459962.5  25.571  -0.120897188482   0.046042301876  -0.000209460467  -0.000571484439   0.000139201567   3.890826900085  -0.025886269725   0.167551560520   1.736936245969 0.20591
 2459963.5  26.571  -0.100095394375   0.070673404636  -0.000200554330  -0.000553969270   0.000121811474   4.103433908053  -0.025883131076   0.070033523779   1.598227822799 0.12067
 2459964.5  27.571  -0.071132606794   0.091283876026  -0.000189207731  -0.000540155274   0.000100970157   4.316127346691  -0.025900368543   6.243910276665   1.408778385788 0.05445
 2459965.5  28.571  -0.035823322564   0.105932046627  -0.000176489812  -0.000531402099   0.000077749893   4.528883264518  -0.025939229859   6.134132650533   1.079952872388 0.01351
 2459966.5   0.129   0.002892089107   0.113108544189  -0.000163486240  -0.000528603948   0.000053244945   4.741671625190  -0.026000153120   6.037357454668   5.683074519168 0.00215
 2459967.5   1.129   0.041381188396   0.112104190397  -0.000151217118  -0.000531975905   0.000028607196   4.954459119307  -0.026082957058   5.963663888444   4.676403306720 0.02167
 2459968.5   2.129   0.076027099822   0.103183266458  -0.000140577698  -0.000541043737   0.000005092814   5.167212875709  -0.026186930789   5.916807452956   4.469446109181 0.06990
 2459969.5   3.129   0.103934678632   0.087471253034  -0.000132330348  -0.000554837800  -0.000015969327   5.379904044093  -0.026310826828   5.895508968855   4.376998775788 0.14189
 2459970.5   4.129   0.123359692062   0.066629157936  -0.000127133495  -0.000572134152  -0.000033330285   5.592510293255  -0.026452746702   5.896372363763   4.336820164222 0.23112
 2459971.5   5.129   0.133765084752   0.042484115101  -0.000125562124  -0.000591649055  -0.000045989789   5.805016820173  -0.026609913692   5.916024793233   4.332344517316 0.33083
 2459972.5   6.129   0.135599110284   0.016755538193  -0.000128091474  -0.000612149005  -0.000053315168   6.017416077365  -0.026778369616   5.951966701963   4.356486698789 0.43491
 2459973.5   7.129   0.129960124419  -0.009078798628  -0.000135051814  -0.000632510343  -0.000055075269   6.229706747557  -0.026952687707   6.002528884888   4.405508809104 0.53831
 2459974.5   8.129   0.118274771654  -0.033805735435  -0.000146578117  -0.000651758047  -0.000051415160   0.158707176902  -0.027125823931   6.066359559942   4.477069165344 0.63706
 2459975.5   9.129   0.102047203741  -0.056441230819  -0.000162573044  -0.000669094669  -0.000042795403   0.370795446353  -0.027289215521   6.141703715696   4.569208565669 0.72803
 2459976.5  10.129   0.082687864102  -0.076179891954  -0.000182691107  -0.000683914035  -0.000029919510   0.582796615511  -0.027433183923   6.225702995836   4.679880757436 0.80875
 2459977.5  11.129   0.061409860083  -0.092354927499  -0.000206345721  -0.000695800061  -0.000013657935   0.794723292120  -0.027547628873   0.030847967785   4.807568873421 0.87717
 2459978.5  12.129   0.039178609513  -0.104418622773  -0.000232737026  -0.000704503838   0.000005020441   1.006589862882  -0.027622931853   0.118016387311   4.954853756028 0.93157
 2459979.5  13.129   0.016704858957  -0.111943352145  -0.000260897824  -0.000709908874   0.000025105884   1.218412153058  -0.027650936675   0.198333742114   5.143180759359 0.97050
 2459980.5  14.129  -0.005524956705  -0.114637165219  -0.000289753065  -0.000711987861   0.000045589193   1.430207138908  -0.027625852105   0.267089770087   5.511564634305 0.99282
 2459981.5  15.129  -0.027186422533  -0.112365066443  -0.000318188005  -0.000710762777   0.000065488007   1.641992663056  -0.027544929026   0.321290894126   0.800644919930 0.99772
 2459982.5  16.129  -0.048031151543  -0.105166993517  -0.000345119522  -0.000706277753   0.000083862780   1.853787124264  -0.027408799914   0.359679430354   1.619534545530 0.98483
 2459983.5  17.129  -0.067789547158  -0.093266177849  -0.000369564843  -0.000698593237   0.000099830106   2.065609131473  -0.027221423919   0.382226858911   1.814762256746 0.95422
 2459984.5  18.129  -0.086077808966  -0.077066371383  -0.000390701729  -0.000687804511   0.000112581717   2.277477121820  -0.026989646599   0.389461552299   1.899005103105 0.90645
 2459985.5  19.129  -0.102325031898  -0.057141749157  -0.000407914231  -0.000674082489   0.000121413839   2.489408941375  -0.026722447324   0.381882655447   1.935726940769 0.84255
 2459986.5  20.129  -0.115734129516  -0.034227090546  -0.000420819179  -0.000657727663   0.000125768314   2.701421375119  -0.026429998121   0.359558080697   1.940316951483 0.76406
 2459987.5  21.129  -0.125287770762  -0.009216394477  -0.000429270419  -0.000639228478   0.000125278891   2.913529592998  -0.026122685031   0.321938285825   1.917296731274 0.67308
 2459988.5  22.129  -0.129809659303   0.016825556382  -0.000433341467  -0.000619307259   0.000119815047   3.125746460731  -0.025810240986   0.267954671580   1.867406148858 0.57232
 2459989.5  23.129  -0.128092052960   0.042642436542  -0.000433291005  -0.000598944337   0.000109508430   3.338081658173  -0.025501106942   0.196578462039   1.790075388005 0.46533
 2459990.5  24.129  -0.119098795819   0.066772974418  -0.000429520331  -0.000579361132   0.000094751172   3.550540575208  -0.025202081885   0.108078413418   1.685266716242 0.35662
 2459991.5  25.129  -0.102240650288   0.087576708555  -0.000422534387  -0.000561944272   0.000076158206   3.763123034149  -0.024918255396   0.005914295113   1.555322263406 0.25181
 2459992.5  26.129  -0.077686589896   0.103340624429  -0.000412915833  -0.000548092986   0.000054509236   3.975822031621  -0.024653156905   6.181374463440   1.405405185017 0.15746
 2459993.5  27.129  -0.046620595121   0.112496905770  -0.000401313587  -0.000538997374   0.000030700832   4.188622876117  -0.024409022302   6.079829324269   1.238067784747 0.08057
 2459994.5  28.129  -0.011306981748   0.113932712590  -0.000388438494  -0.000535402358   0.000005754236   4.401503222981  -0.024187081713   5.995850732449   1.024716440956 0.02757
 2459995.5  29.129   0.025152241266   0.107295236850  -0.000375061877  -0.000537465539  -0.000019148970   4.614434423076  -0.023987804411   5.936409809751   0.373115437159 0.00305
 2459996.5   0.703   0.059357664381   0.093146118894  -0.000362020148  -0.000544766373  -0.000042646417   4.827384209639  -0.023811071783   5.903110924239   4.705377660910 0.00875
 2459997.5   1.703   0.088268716246   0.072866244288  -0.000350220133  -0.000556460452  -0.000063287592   5.040320181209  -0.023656261183   5.894035651395   4.429238735905 0.04316
 2459998.5   2.703   0.109720791523   0.048344467628  -0.000340618287  -0.000571470696  -0.000079705907   5.253213154141  -0.023522214776   5.906098137837   4.360082464274 0.10213
 2459999.5   3.703   0.122642247713   0.021596112055  -0.000334150518  -0.000588635297  -0.000090809167   5.466039544389  -0.023407070020   5.936496376507   4.353329551268 0.17991
 2460000.5   4.703   0.126980949582  -0.005538887407  -0.000331625411  -0.000606809732  -0.000095898779   5.678782421213  -0.023307966852   5.983113055308   4.383317816179 0.27039
 2460001.5   5.703   0.123459959626  -0.031550197938  -0.000333617229  -0.000624927387  -0.000094722904   5.891431403594  -0.023220708108   6.044214948246   4.440776459208 0.36792
 2460002.5   6.703   0.113289603566  -0.055280453838  -0.000340392121  -0.000642060616  -0.000087467337   6.103981853772  -0.023139496176   6.117809520633   4.520283218690 0.46777
 2460003.5   7.703   0.097914061621  -0.075872945926  -0.000351875271  -0.000657455869  -0.000074719936   0.033248519763  -0.023056872546   6.200965768176   4.617012968907 0.56606
 2460004.5   8.703   0.078820009489  -0.092695867350  -0.000367656754  -0.000670553685  -0.000057407626   0.245605783521  -0.022963946714   0.006242771089   4.725635613221 0.65972
 2460005.5   9.703   0.057405406107  -0.105276115201  -0.000387027857  -0.000680984370  -0.000036715323   0.457875055690  -0.022850934385   0.094638842732   4.840376743057 0.74616
 2460006.5  10.703   0.034896765855  -0.113257478639  -0.000409041639  -0.000688542697  -0.000013991138   0.670065489654  -0.022707954051   0.177317021250   4.956086769428 0.82313
 2460007.5  11.703   0.012304299841  -0.116386184462  -0.000432592304  -0.000693146525   0.000009354512   0.882188368512  -0.022525973221   0.249424058724   5.070271906102 0.88852
 2460008.5  12.703  -0.009591274663  -0.114520096916  -0.000456507453  -0.000694789400   0.000031946814   1.094256939023  -0.022297761054   0.307653695564   5.187245728586 0.94034
 2460009.5  13.703  -0.030222970035  -0.107654079808  -0.000479644877  -0.000693497618   0.000052533097   1.306286306272  -0.022018697251   0.350367806035   5.334407104392 0.97674
 2460010.5  14.703  -0.049194914330  -0.095951857333  -0.000500983150  -0.000689304109   0.000070049637   1.518293312948  -0.021687307165   0.377208163401   5.717642864466 0.99605
 2460011.5  15.703  -0.066217624841  -0.079774186918  -0.000519694306  -0.000682247483   0.000083665928   1.730296337433  -0.021305435942   0.388503280001   1.401603521811 0.99698
 2460012.5  16.703  -0.081030420446  -0.059694899364  -0.000535188416  -0.000672399252   0.000092804555   1.942314964536  -0.020878033103   0.384711664866   1.829435367473 0.97872
 2460013.5  17.703  -0.093324681715  -0.036500472283  -0.000547124701  -0.000659914986   0.000097141128   2.154369506030  -0.020412583329   0.366015540686   1.911841654460 0.94109
 2460014.5  18.703  -0.102684043422  -0.011174141391  -0.000555390226  -0.000645096402   0.000096588902   2.366480370908  -0.019918277943   0.332112381947   1.920715204235 0.88468
 2460015.5  19.703  -0.108557413002   0.015130176196  -0.000560053924  -0.000628448009   0.000091273845   2.578667300134  -0.019405062842   0.282265896014   1.889942950792 0.81083
 2460016.5  20.703  -0.110278055933   0.041118164253  -0.000561308246  -0.000610709253   0.000081503514   2.790948482107  -0.018882713396   0.215742924923   1.828075046921 0.72177
 2460017.5  21.703  -0.107138182856   0.065387799684  -0.000559412349  -0.000592847616   0.000067731720   3.003339557712  -0.018360071221   0.132794003213   1.738882931072 0.62059
 2460018.5  22.703  -0.098522298753   0.086471086413  -0.000554649209  -0.000576003186   0.000050519337   3.215852519560  -0.017844535251   0.036131036839   1.626823489275 0.51131
 2460019.5  23.703  -0.084091317566   0.102900910746  -0.000547304343  -0.000561377530   0.000030502844   3.428494528511  -0.017341840562   6.215381921478   1.499459976682 0.39895
 2460020.5  24.703  -0.063989412344   0.113323398272  -0.000537668603  -0.000550083630   0.000008374791   3.641266729989  -0.016856098286   6.114000882827   1.367403684784 0.28941
 2460021.5  25.703  -0.039018291161   0.116666843255  -0.000526061443  -0.000542975635  -0.000015099212   3.854163255675  -0.016390024577   6.025692401521   1.241290994264 0.18932
 2460022.5  26.703  -0.010702456619   0.112349307450  -0.000512870837  -0.000540511007  -0.000039036619   4.067170710266  -0.015945266672   5.958232008380   1.126647675173 0.10541
 2460023.5  27.703   0.018820724473   0.100465366578  -0.000498604954  -0.000542693134  -0.000062388187   4.280268490173  -0.015522739693   5.915013922405   1.014590182708 0.04368
 2460024.5  28.703   0.047094029848   0.081865961764  -0.000483945256  -0.000549111823  -0.000083942592   4.493430165942  -0.015122906915   5.895821101315   0.817674304137 0.00845
 2460025.5   0.275   0.071739354379   0.058067928652  -0.000469771051  -0.000559056902  -0.000102407024   4.706625854351  -0.014745952687   5.898643732312   4.907782170944 0.00156
 2460026.5   1.275   0.090831389057   0.031003996398  -0.000457119807  -0.000571639761  -0.000116552038   4.919825128008  -0.014391806261   5.921176323087   4.402253675538 0.02213
 2460027.5   2.275   0.103134185528   0.002702190468  -0.000447071667  -0.000585897171  -0.000125352440   5.132999785918  -0.014059989463   5.961487433551   4.367323296253 0.06705
 2460028.5   3.275   0.108163052676  -0.024992509240  -0.000440590773  -0.000600869734  -0.000128101692   5.346125891784  -0.013749298109   6.017936487656   4.399639326339 0.13173
 2460029.5   4.275   0.106106216690  -0.050582107800  -0.000438376144  -0.000615666264  -0.000124483535   5.559184815620  -0.013457383906   6.088608215945   4.465498884844 0.21108
 2460030.5   5.275   0.097671548836  -0.072957624009  -0.000440760705  -0.000629513074  -0.000114614754   5.772163372935  -0.013180355058   6.170601628416   4.553554346770 0.30019
 2460031.5   6.275   0.083916114342  -0.091356132529  -0.000447671232  -0.000641787079  -0.000099053685   5.985053368686  -0.012912532446   6.259577482571   4.655797458282 0.39475
 2460032.5   7.275   0.066092746059  -0.105280654202  -0.000458642501  -0.000652024811  -0.000078773016   6.197850885536  -0.012646474190   0.066754325227   4.764518688843 0.49110
 2460033.5   8.275   0.045526428774  -0.114419975177  -0.000472873853  -0.000659917531  -0.000055092531   0.127370268437  -0.012373324398   0.152531824229   4.872324351294 0.58616
 2460034.5   9.275   0.023520614796  -0.118589176078  -0.000489315498  -0.000665287153  -0.000029577367   0.339984798809  -0.012083471277   0.228538626183   4.973007091669 0.67723
 2460035.5  10.275   0.001288696412  -0.117698778725  -0.000506775134  -0.000668056895  -0.000003912244   0.552514507360  -0.011767433662   0.291180350830   5.062284658216 0.76182
 2460036.5  11.275  -0.020094215003  -0.111752614302  -0.000524035153  -0.000668216183   0.000020235931   0.764967262374  -0.011416846451   0.338586987543   5.138065632895 0.83744
 2460037.5  12.275  -0.039722065495  -0.100870080234  -0.000539969845  -0.000665789607   0.000041352150   0.977353476276  -0.011025391647   0.370212757425   5.200636338566 0.90156
 2460038.5  13.275  -0.056872070045  -0.085325235433  -0.000553649486  -0.000660818827   0.000058191417   1.189686194492  -0.010589525503   0.386235232400   5.254396074664 0.95158
 2460039.5  14.275  -0.071002321088  -0.065592160051  -0.000564415942  -0.000653366297   0.000069867243   1.401981159971  -0.010108882475   0.387000915955   5.321234836917 0.98495
 2460040.5  15.275  -0.081733812054  -0.042383493001  -0.000571915726  -0.000643546295   0.000075900990   1.614256744483  -0.009586288421   0.372621561680   5.793094347683 0.99937
 2460041.5  16.275  -0.088820612940  -0.016668531405  -0.000576082792  -0.000631578960   0.000076225120   1.826533647750  -0.009027380330   0.342758803428   1.869011291053 0.99304
 2460042.5  17.275  -0.092115415472   0.010339765574  -0.000577075286  -0.000617854172   0.000071140231   2.038834297832  -0.008439896575   0.296656509997   1.916641505558 0.96500
 2460043.5  18.275  -0.091540454281   0.037232908864  -0.000575184215  -0.000602978674   0.000061233706   2.251181940568  -0.007832757649   0.233549043257   1.874111796494 0.91534
 2460044.5  19.275  -0.087074192558   0.062486038701  -0.000570740944  -0.000587783283   0.000047273310   2.463599465734  -0.007215091061   0.153598736150   1.794265750562 0.84538
 2460045.5  20.275  -0.078761488539   0.084558006937  -0.000564049073  -0.000573270853   0.000030099286   2.676108065487  -0.006595357655   0.059307105971   1.688853962259 0.75768
 2460046.5  21.275  -0.066749248939   0.102001310206  -0.000555354479  -0.000560508053   0.000010536875   2.888725840788  -0.005980708839   6.239906388846   1.567448274227 0.65598
 2460047.5  22.275  -0.051341394821   0.113574451300  -0.000544851672  -0.000550482215  -0.000010648648   3.101466466748  -0.005376651279   6.138315674182   1.441629595399 0.54507
 2460048.5  23.275  -0.033058342665   0.118353528335  -0.000532714993  -0.000543958469  -0.000032748378   3.314338015441  -0.004787030398   6.047797955641   1.323520630912 0.43059
 2460049.5  24.275  -0.012679341001   0.115839321046  -0.000519143150  -0.000541375094  -0.000055064754   3.527342037686  -0.004214282098   5.976052146284   1.222840044670 0.31874
 2460050.5  25.275   0.008754838981   0.106048313503  -0.000504411537  -0.000542799637  -0.000076851743   3.740473029555  -0.003659856987   5.926815382943   1.145260023422 0.21595
 2460051.5  26.275   0.029993418649   0.089564375984  -0.000488928545  -0.000547954096  -0.000097279123   3.953718435399  -0.003124700273   5.900449494214   1.092724891392 0.12833
 2460052.5  27.275   0.049679761906   0.067521788850  -0.000473281335  -0.000556285353  -0.000115434594   4.167059323839  -0.002609672896   5.895533181251   1.064329708560 0.06109
 2460053.5  28.275   0.066488626752   0.041500179444  -0.000458246690  -0.000567056287  -0.000130374421   4.380471776152  -0.002115819212   5.910253321228   1.054268784804 0.01788
 2460054.5  29.275   0.079266352311   0.013339422945  -0.000444742893  -0.000579433658  -0.000141192653   4.593928852906  -0.001644417256   5.943114346255   0.940920469434 0.00042
 2460055.5   0.824   0.087145326629  -0.015085033149  -0.000433721841  -0.000592563644  -0.000147099043   4.807402822997  -0.001196787244   5.992959945808   4.333917457092 0.00834
 2460056.5   1.824   0.089615512544  -0.042068770344  -0.000426026827  -0.000605640805  -0.000147494707   5.020867250303  -0.000773882687   6.058458897518   4.386049451291 0.03952
 2460057.5   2.824   0.086549589855  -0.066218795092  -0.000422254342  -0.000617958210  -0.000142055056   5.234298593950  -0.000375742115   6.137301881673   4.471185467890 0.09065
 2460058.5   3.824   0.078188448353  -0.086508822716  -0.000422652262  -0.000628942254  -0.000130809540   5.447677156219  -0.000000925023   6.225520433427   4.573240057841 0.15780
 2460059.5   4.824   0.065098511105  -0.102261083988  -0.000427071489  -0.000638156063  -0.000114203189   5.660987411554   0.000353923693   0.034264554832   4.683551453944 0.23700
 2460060.5   5.824   0.048112617646  -0.113083706273  -0.000434974508  -0.000645286252  -0.000093114047   5.874217885965   0.000694250894   0.123419541282   4.793940172253 0.32455
 2460061.5   6.824   0.028264144266  -0.118794525182  -0.000445493980  -0.000650120394  -0.000068815487   6.087360801943   0.001027431453   0.203901181352   4.897203136929 0.41714
 2460062.5   7.824   0.006720754208  -0.119354486694  -0.000457528802  -0.000652526378  -0.000042885685   0.017226372451   0.001362249007   0.271509834533   4.988002004147 0.51181
 2460063.5   8.824  -0.015279008987  -0.114823912844  -0.000469863031  -0.000652436374  -0.000017076921   0.230183722795   0.001708078566   0.324029643436   5.063042343406 0.60583
 2460064.5   9.824  -0.036485759186  -0.105347011800  -0.000481293345  -0.000649836294   0.000006836954   0.443048908344   0.002073889069   0.360799500363   5.120554846803 0.69652
 2460065.5  10.824  -0.055697119961  -0.091164808239  -0.000490751722  -0.000644759853   0.000027218989   0.655826194270   0.002467222140   0.382006872201   5.159472083606 0.78109
 2460066.5  11.824  -0.071815171197  -0.072652831059  -0.000497409681  -0.000637289282   0.000042715786   0.868522964976   0.002893312541   0.388040696785   5.178555154759 0.85648
 2460067.5  12.824  -0.083904744865  -0.050375661091  -0.000500749837  -0.000627570775   0.000052380249   1.081150034755   0.003354495102   0.379029058796   5.175273945469 0.91937
 2460068.5  13.824  -0.091252257426  -0.025144790782  -0.000500590491  -0.000615845631   0.000055752770   1.293721935257   0.003849996316   0.354577907493   5.142612937008 0.96627
 2460069.5  14.824  -0.093422088837   0.001940073213  -0.000497054391  -0.000602501691   0.000052888129   1.506257022200   0.004376144866   0.313743534440   5.041753897012 0.99377
 2460070.5  15.824  -0.090304087301   0.029489997485  -0.000490485532  -0.000588126845   0.000044315858   1.718777230093   0.004926964760   0.255367239758   2.228226108526 0.99902
 2460071.5  16.824  -0.082141991552   0.055886425367  -0.000481336041  -0.000573539683   0.000030932048   1.931307336877   0.005495048969   0.178984777825   1.923513029185 0.98015
 2460072.5  17.824  -0.069530337671   0.079407624022  -0.000470059418  -0.000559759125   0.000013842210   2.143873694888   0.006072561382   0.086377522741   1.787880300233 0.93679
 2460073.5  18.824  -0.053369244042   0.098405798280  -0.000457044022  -0.000547896805  -0.000005808803   2.356502522193   0.006652190660   6.266337656305   1.652984876381 0.87033
 2460074.5  19.824  -0.034774779999   0.111497833152  -0.000442599450  -0.000538987621  -0.000026964499   2.569217978338   0.007227889353   6.161995134382   1.518007509964 0.78389
 2460075.5  20.824  -0.014956561634   0.117725502734  -0.000426983812  -0.000533814238  -0.000048715170   2.782040312237   0.007795277222   6.067385423109   1.392747802575 0.68209
 2460076.5  21.824   0.004911939867   0.116652605064  -0.000410448341  -0.000532785800  -0.000070281503   2.994984339713   0.008351661209   5.990991558569   1.286717184529 0.57062
 2460077.5  22.824   0.023799444166   0.108389674860  -0.000393283410  -0.000535903988  -0.000090964378   3.208058410816   0.008895707926   5.936926724704   1.205743370642 0.45568
 2460078.5  23.824   0.040875910187   0.093557679120  -0.000375859115  -0.000542809116  -0.000110099827   3.421263921231   0.009426876514   5.905546742642   1.152148703800 0.34359
 2460079.5  24.824   0.055518331157   0.073210530461  -0.000358655097  -0.000552868699  -0.000127043871   3.634595351691   0.009944763769   5.895275326808   1.126509887247 0.24036
 2460080.5  25.824   0.067275094673   0.048732641488  -0.000342269251  -0.000565276065  -0.000141180826   3.848040792545   0.010448522268   5.904177062293   1.129594305714 0.15129
 2460081.5  26.824   0.075811749617   0.021720041796  -0.000327394774  -0.000579136658  -0.000151937803   4.061582900488   0.010936488300   5.930769375861   1.164743120328 0.08065
 2460082.5  27.824   0.080862445707  -0.006149958929  -0.000314762946  -0.000593544697  -0.000158795495   4.275200212152   0.011406107687   5.974131446178   1.245527515145 0.03141
 2460083.5  28.824   0.082204958567  -0.033252175403  -0.000305059491  -0.000607651495  -0.000161298545   4.488868693330   0.011854184765   6.033470478223   1.469537996556 0.00510
 2460084.5   0.337   0.079666702490  -0.058134979759  -0.000298829540  -0.000620724288  -0.000159086697   4.702563352558   0.012277413341   6.107307963133   3.956685312212 0.00174
 2460085.5   1.337   0.073158107453  -0.079611497625  -0.000296387349  -0.000632186862  -0.000151955450   4.916259725714   0.012673089015   6.192582559330   4.392404569484 0.02012
 2460086.5   2.337   0.062721542920  -0.096806810430  -0.000297746106  -0.000641628630  -0.000139942511   5.129935067365   0.013039859924   0.001020265716   4.557244699755 0.05805
 2460087.5   3.337   0.048580468248  -0.109158383096  -0.000302581470  -0.000648783812  -0.000123413046   5.343569159281   0.013378356934   0.092415269311   4.691636600377 0.11276
 2460088.5   4.337   0.031175574298  -0.116378933651  -0.000310238690  -0.000653489348  -0.000103111794   5.557144738173   0.013691559727   0.176977650916   4.810391531074 0.18126
 2460089.5   5.337   0.011180095335  -0.118398627306  -0.000319785269  -0.000655643831  -0.000080160184   5.770647621156   0.013984800734   0.249603391227   4.913043274456 0.26057
 2460090.5   6.337  -0.010507223937  -0.115304866393  -0.000330101956  -0.000655178734  -0.000055991492   5.984066648821   0.014265375915   0.307392773531   4.997747204268 0.34786
 2460091.5   7.337  -0.032788867831  -0.107294598127  -0.000339997175  -0.000652051436  -0.000032237494   6.197393572848   0.014541806271   0.349380706077   5.063444866562 0.44042
 2460092.5   8.337  -0.054411308452  -0.094648879053  -0.000348327961  -0.000646255140  -0.000010582871   0.127437691135   0.014822861319   0.375762772960   5.109724374028 0.53561
 2460093.5   9.337  -0.074021754242  -0.077734511699  -0.000354111623  -0.000637839279   0.000007391758   0.340567153492   0.015116502194   0.387106039141   5.136172956290 0.63070
 2460094.5  10.337  -0.090240051990  -0.057033365164  -0.000356615091  -0.000626935845   0.000020362821   0.553597374198   0.015428918803   0.383764551722   5.141701364942 0.72265
 2460095.5  11.337  -0.101749866256  -0.033195382409  -0.000355410725  -0.000613790258   0.000027397838   0.766532695038   0.015763820217   0.365522944798   5.123809243813 0.80797
 2460096.5  12.337  -0.107414071602  -0.007104529562  -0.000350388953  -0.000598800372   0.000028056065   0.979381633759   0.016122094146   0.331458894881   5.077273331622 0.88268
 2460097.5  13.337  -0.106415524943   0.020062988822  -0.000341722403  -0.000582562036   0.000022437859   1.192157430172   0.016501888975   0.280105870659   4.989768392003 0.94234
 2460098.5  14.337  -0.098413343485   0.046820019575  -0.000329786676  -0.000565913684   0.000011161225   1.404878371776   0.016899101316   0.210146552276   4.814631436370 0.98243
 2460099.5  15.337  -0.083685877723   0.071426053843  -0.000315060190  -0.000549937939  -0.000004742134   1.617567633238   0.017308183625   0.121904791726   3.862587584501 0.99893
 2460100.5  16.337  -0.063210157278   0.092045480961  -0.000298037558  -0.000535895660  -0.000024004961   1.830252390369   0.017723128079   0.019415009217   1.946192211512 0.98906
 2460101.5  17.337  -0.038619455414   0.106994147032  -0.000279187213  -0.000525055434  -0.000045320460   2.042962120483   0.018138443381   6.194775032422   1.667960199758 0.95204
 2460102.5  18.337  -0.012005196994   0.115012533180  -0.000258957148  -0.000518465723  -0.000067494347   2.255726257182   0.018549932151   6.093583064916   1.495064574727 0.88942
 2460103.5  19.337   0.014409438608   0.115474505677  -0.000237806065  -0.000516750291  -0.000089498153   2.468571619441   0.018955110426   6.009604855595   1.362391150747 0.80501
 2460104.5  20.337   0.038630112379   0.108460420263  -0.000216234543  -0.000520013732  -0.000110452742   2.681520134341   0.019353189271   5.948594470373   1.263523895856 0.70435
 2460105.5  21.337   0.059169084710   0.094684919910  -0.000194803797  -0.000527879424  -0.000129586625   2.894587258449   0.019744643333   5.911452385908   1.196889418981 0.59386
 2460106.5  22.337   0.075163921245   0.075329919419  -0.000174140570  -0.000539606636  -0.000146230140   3.107781250501   0.020130489553   5.896347726213   1.160616742584 0.48015
 2460107.5  23.337   0.086334563467   0.051853982615  -0.000154923713  -0.000554230665  -0.000159829689   3.321103207324   0.020511461347   5.900807226139   1.152954953421 0.36937
 2460108.5  24.337   0.092832433668   0.025829588174  -0.000137850071  -0.000570682947  -0.000169966226   3.534547649109   0.020887276454   5.922861955698   1.173122487308 0.26695
 2460109.5  25.337   0.095051292941  -0.001174539324  -0.000123582741  -0.000587887130  -0.000176352436   3.748103434568   0.021256165164   5.961322759707   1.222007919744 0.17735
 2460110.5  26.337   0.093455448235  -0.027673814816  -0.000112691191  -0.000604836574  -0.000178808926   3.961754845786   0.021614763326   6.015455821903   1.303488883326 0.10409
 2460111.5  27.337   0.088457390597  -0.052326558368  -0.000105593251  -0.000620658763  -0.000177236693   4.175482745272   0.021958397154   6.084249887180   1.429879224116 0.04959
 2460112.5  28.337   0.080357001384  -0.073982087130  -0.000102504989  -0.000634661542  -0.000171607419   4.389265743924   0.022281708813   6.165480496065   1.656245858954 0.01529
 2460113.5  29.337   0.069340436117  -0.091719957365  -0.000103401263  -0.000646353648  -0.000161987174   4.603081326318   0.022579505899   6.254981416723   2.588679548087 0.00159
 2460114.5   0.807   0.055527146274  -0.104875313580  -0.000107989901  -0.000655432612  -0.000148590887   4.816906875381   0.022847674651   0.063525130438   4.307562316538 0.00803
 2460115.5   1.807   0.039046873888  -0.113043989871  -0.000115705793  -0.000661743398  -0.000131850166   5.030720540053   0.023083982998   0.150703552481   4.630826731190 0.03340
 2460116.5   2.807   0.020125686968  -0.116064990147  -0.000125732639  -0.000665221729  -0.000112466745   5.244501906650   0.023288617964   0.227482940338   4.796967744630 0.07595
 2460117.5   3.807  -0.000838099324  -0.113984412380  -0.000137056970  -0.000665840735  -0.000091426751   5.458232465503   0.023464349227   0.290106452725   4.913723121426 0.13361
 2460118.5   4.807  -0.023221210176  -0.107010323415  -0.000148550919  -0.000663578164  -0.000069965044   5.671895900533   0.023616278479   0.337021199543   4.999893567879 0.20413
 2460119.5   5.807  -0.046151670398  -0.095470393245  -0.000159072294  -0.000658411568  -0.000049482223   5.885478258794   0.023751209961   0.368218300864   5.061343114203 0.28519
 2460120.5   6.807  -0.068513998328  -0.079783149174  -0.000167566033  -0.000650338903  -0.000031428651   6.098968076311   0.023876746750   0.384369267787   5.100626396944 0.37446
 2460121.5   7.807  -0.088981352721  -0.060450723450  -0.000173151925  -0.000639416149  -0.000017171058   0.029171234130   0.024000267028   0.386117639047   5.118750572997 0.46945
 2460122.5   8.807  -0.106074701507  -0.038077100253  -0.000175187006  -0.000625800522  -0.000007857515   0.242452463803   0.024127955396   0.373614708540   5.115425647392 0.56745
 2460123.5   9.807  -0.118253855145  -0.013411195109  -0.000173294800  -0.000609798658  -0.000004293269   0.455623952613   0.024264053189   0.346275285089   5.088954336649 0.66528
 2460124.5  10.807  -0.124049982484   0.012592647960  -0.000167358311  -0.000591910911  -0.000006840449   0.668687214661   0.024410451888   0.302767979785   5.035969997017 0.75911
 2460125.5  11.807  -0.122249637317   0.038714778862  -0.000157477877  -0.000572877724  -0.000015360048   0.881648578870   0.024566693637   0.241393762768   4.950823967579 0.84436
 2460126.5  12.807  -0.112129872650   0.063443467430  -0.000143905530  -0.000553710377  -0.000029215920   1.094519995175   0.024730373642   0.161164500067   4.823014712022 0.91573
 2460127.5  13.807  -0.093715900465   0.085025994735  -0.000126979152  -0.000535680626  -0.000047362084   1.307319582884   0.024897870942   0.063783074086   4.620832004751 0.96766
 2460128.5  14.807  -0.067988139621   0.101637467657  -0.000107087086  -0.000520224100  -0.000068503375   1.520071550749   0.025065273695   6.238978027096   4.098810270056 0.99504
 2460129.5  15.807  -0.036927268748   0.111667557757  -0.000084680573  -0.000508737354  -0.000091288442   1.732805138380   0.025229318820   6.131826855616   2.020179924656 0.99425
 2460130.5  16.807  -0.003300468860   0.114053713416  -0.000060319249  -0.000502308754  -0.000114450228   1.945552457171   0.025388144477   6.038173224826   1.544824099474 0.96417
 2460131.5  17.807   0.029807858982   0.108530405492  -0.000034711023  -0.000501500837  -0.000136863140   2.158345515063   0.025541675360   5.966857418048   1.362673292348 0.90656
 2460132.5  18.807   0.059575318154   0.095679945611  -0.000008715333  -0.000506266723  -0.000157527413   2.371213084587   0.025691537518   5.920876941245   1.256839903043 0.82585
 2460133.5  19.807   0.083913130018   0.076769164751   0.000016693780  -0.000516026631  -0.000175561403   2.584178164264   0.025840518374   5.898983984918   1.196808679260 0.72825
 2460134.5  20.807   0.101678460280   0.053463067397   0.000040493360  -0.000529824541  -0.000190224326   2.797256516160   0.025991707199   5.898332914623   1.172292250462 0.62062
 2460135.5  21.807   0.112618908287   0.027540437531   0.000061691897  -0.000546494481  -0.000200964508   3.010456330824   0.026147526599   5.916274087583   1.178118072365 0.50961
 2460136.5  22.807   0.117146816096   0.000692607716   0.000079411079  -0.000564803483  -0.000207444669   3.223778737813   0.026308877700   5.951001236847   1.211510316424 0.40104
 2460137.5  23.807   0.116061142140  -0.025579603515   0.000092956248  -0.000583560510  -0.000209544257   3.437218773243   0.026474580739   6.001398979427   1.271193840969 0.29972
 2460138.5  24.807   0.110298586622  -0.049997963041   0.000101866734  -0.000601706825  -0.000207328293   3.650766486101   0.026641220812   6.066412398657   1.356902582851 0.20950
 2460139.5  25.807   0.100751039852  -0.071504681863   0.000105945178  -0.000618374740  -0.000201013376   3.864408000913   0.026803425431   6.144169772796   1.469489830943 0.13332
 2460140.5  26.807   0.088157016721  -0.089253171713   0.000105268083  -0.000632917901  -0.000190936597   4.078126471115   0.026954520151   6.231177462353   1.613444973910 0.07338
 2460141.5  27.807   0.073061333312  -0.102604107189   0.000100181396  -0.000644908898  -0.000177541188   4.291902924944   0.027087442114   0.038900137053   1.810640646628 0.03113
 2460142.5  28.807   0.055832126857  -0.111127221176   0.000091282873  -0.000654106847  -0.000161380876   4.505717027918   0.027195747875   0.127236606731   2.200658044160 0.00740
 2460143.5   0.227   0.036721240469  -0.114602700655   0.000079390266  -0.000660404000  -0.000143136587   4.719547780689   0.027274537939   0.206886442164   3.814840098173 0.00238
 2460144.5   1.227   0.015951177859  -0.113015048816   0.000065493065  -0.000663765231  -0.000123632085   4.933374155963   0.027321137759   0.273443928193   4.647930617237 0.01571
 2460145.5   2.227  -0.006189918743  -0.106535541662   0.000050687267  -0.000664176630  -0.000103834257   5.147175666322   0.027335420208   0.324694357287   4.871263774650 0.04652
 2460146.5   3.227  -0.029262522796  -0.095494699212   0.000036097111  -0.000661616342  -0.000084827508   5.360932852848   0.027319719375   0.360213534475   4.985839752436 0.09356
 2460147.5   4.227  -0.052612026057  -0.080350993590   0.000022792969  -0.000656053568  -0.000067760813   5.574627694092   0.027278358420   0.380568360010   5.053970574044 0.15526
 2460148.5   5.227  -0.075334213974  -0.061664559108   0.000011717237  -0.000647474018  -0.000053771388   5.788243952171   0.027216882188   0.386555691604   5.091581092449 0.22984
 2460149.5   6.227  -0.096272535027  -0.040084436546   0.000003629459  -0.000635922782  -0.000043894270   6.001767493355   0.027141136353   0.378658196002   5.104201492565 0.31528
 2460150.5   7.227  -0.114048930656  -0.016355348170  -0.000000921459  -0.000621555243  -0.000038966600   6.215186639573   0.027056360056   0.356724485619   5.093482203871 0.40930
 2460151.5   8.227  -0.127132889969   0.008654380532  -0.000001594785  -0.000604687730  -0.000039536007   0.145307311417   0.026966454023   0.319856352667   5.058937159447 0.50920
 2460152.5   9.227  -0.133958877412   0.033908676493   0.000001772918  -0.000585844301  -0.000045783560   0.358494871703   0.026873552599   0.266570371359   4.998668518690 0.61168
 2460153.5  10.227  -0.133105999190   0.058158207242   0.000009218594  -0.000565794551  -0.000057474697   0.571563099760   0.026777972716   0.195448085821   4.910042027049 0.71261
 2460154.5  11.227  -0.123548580320   0.079922179715   0.000020706359  -0.000545577342  -0.000073960717   0.784516408860   0.026678545905   0.106566451718   4.790535241801 0.80692
 2460155.5  12.227  -0.104961812759   0.097539905892   0.000036156636  -0.000526471628  -0.000094236587   0.997365543361   0.026573271277   0.003616628881   4.637490326107 0.88860
 2460156.5  13.227  -0.078016717973   0.109335196806   0.000055424624  -0.000509903243  -0.000117069098   1.210128277701   0.026460165801   6.178565249861   4.438773436759 0.95124
 2460157.5  14.227  -0.044538977045   0.113903609548   0.000078218997  -0.000497246928  -0.000141143080   1.422829353994   0.026338138781   6.077441209691   4.086884947033 0.98891
 2460158.5  15.227  -0.007389228609   0.110458484052   0.000103991788  -0.000489578133  -0.000165184211   1.635499235160   0.026207689629   5.994835035051   2.254736626402 0.99741
 2460159.5  16.227   0.029989991962   0.099094734388   0.000131859910  -0.000487463644  -0.000188004126   1.848171565108   0.026071240029   5.937093223316   1.446836214938 0.97536
 2460160.5  17.227   0.064238215761   0.080827506201   0.000160610121  -0.000490880323  -0.000208512406   2.060879757917   0.025932982124   5.905133610841   1.273792935253 0.92465
 2460161.5  18.227   0.092694066285   0.057371628749   0.000188799848  -0.000499281844  -0.000225728065   2.273653574142   0.025798248270   5.896748393789   1.204373586676 0.84999
 2460162.5  19.227   0.113740816069   0.030770303930   0.000214923270  -0.000511737315  -0.000238834339   2.486516559015   0.025672541652   5.909002748133   1.185045744432 0.75783
 2460163.5  20.227   0.126824198834   0.003038797501   0.000237590375  -0.000527094466  -0.000247229662   2.699484797246   0.025560453382   5.939502340801   1.201097133230 0.65503
 2460164.5  21.227   0.132239261933  -0.024066117795   0.000255671767  -0.000544130224  -0.000250570454   2.912566896177   0.025464702808   5.986586006222   1.246172478096 0.54798
 2460165.5  22.227   0.130829112900  -0.049134478603   0.000268386747  -0.000561677237  -0.000248787466   3.125764770835   0.025385488122   6.048846177302   1.316511733431 0.44209
 2460166.5  23.227   0.123701041488  -0.071093237937   0.000275337660  -0.000578718188  -0.000242083889   3.339074758208   0.025320255943   6.124323710214   1.408881573763 0.34171
 2460167.5  24.227   0.112008474142  -0.089153788492   0.000276504736  -0.000594441978  -0.000230913718   3.552488725367   0.025263915760   6.209717122139   1.519566055482 0.25025
 2460168.5  25.227   0.096807847224  -0.102756729117   0.000272215808  -0.000608258653  -0.000215948314   3.765995010477   0.025209449659   0.016860647671   1.644384475834 0.17041
 2460169.5  26.227   0.078982370344  -0.111532862301   0.000263098753  -0.000619782896  -0.000198031655   3.979579167580   0.025148806289   0.105964784639   1.780560308833 0.10431
 2460170.5  27.227   0.059220802809  -0.115283788030   0.000250021714  -0.000628789780  -0.000178133910   4.193224557455   0.025073926557   0.187750852587   1.932866758732 0.05363
 2460171.5  28.227   0.038039963186  -0.113976671915   0.000234022794  -0.000635160987  -0.000157303948   4.406912849520   0.024977732461   0.257503099824   2.139060134956 0.01963
 2460172.5  29.227   0.015839788809  -0.107744461138   0.000216232860  -0.000638830765  -0.000136625473   4.620624493369   0.024854922011   0.312529364569   2.710746516881 0.00315
 2460173.5   0.598  -0.007021129305  -0.096883531394   0.000197796152  -0.000639745468  -0.000117175313   4.834339197172   0.024702450273   0.351975596582   4.506819681284 0.00458
 2460174.5   1.598  -0.030142969710  -0.081844133471   0.000179795768  -0.000637844693  -0.000099982821   5.048036425748   0.024519632905   0.376158714314   4.912390112011 0.02389
 2460175.5   2.598  -0.053008229597  -0.063213655478   0.000163192079  -0.000633067601  -0.000085988789   5.261695911773   0.024307874690   0.385837294376   5.032548442022 0.06056
 2460176.5   3.598  -0.074922722718  -0.041696957351   0.000148781456  -0.000625380998  -0.000076003214   5.475298166097   0.024070090606   0.381644353775   5.081111132268 0.11368
 2460177.5   4.598  -0.094982441199  -0.018100434072   0.000137180182  -0.000614822212  -0.000070662250   5.688824978368   0.023809939889   0.363730187556   5.091952209522 0.18191
 2460178.5   5.598  -0.112072668222   0.006673790908   0.000128834692  -0.000601545978  -0.000070384964   5.902259917143   0.023531024890   0.331603888533   5.074176242565 0.26351
 2460179.5   6.598  -0.124905840879   0.031620229491   0.000124055207  -0.000585870491  -0.000075333492   6.115588861785   0.023236210556   0.284200526556   5.030252180809 0.35630
 2460180.5   7.598  -0.132107061717   0.055611525690   0.000123065171  -0.000568312341  -0.000085381065   0.045615313069   0.022927196037   0.220298594080   4.960394391848 0.45752
 2460181.5   8.598  -0.132358589367   0.077380444475   0.000126053586  -0.000549609710  -0.000100098068   0.258702386083   0.022604421942   0.139498140924   4.864731048495 0.56367
 2460182.5   9.598  -0.124611707561   0.095525002658   0.000133210798  -0.000530721460  -0.000118766078   0.471661914933   0.022267333814   0.043833548257   4.745279521002 0.67031
 2460183.5  10.598  -0.108357818261   0.108570023326   0.000144723359  -0.000512788783  -0.000140430466   0.684496776067   0.021914954969   6.222585944945   4.607422760231 0.77191
 2460184.5  11.598  -0.083913453579   0.115119046385   0.000160707248  -0.000497039355  -0.000163984395   0.897216649895   0.021546658670   6.119554581641   4.458735792589 0.86203
 2460185.5  12.598  -0.052622881265   0.114105878404   0.000181077861  -0.000484630776  -0.000188264201   1.109838714926   0.021162977825   6.029351842653   4.300867223847 0.93377
 2460186.5  13.598  -0.016852130878   0.105096413849   0.000205390805  -0.000476459913  -0.000212112984   1.322387490772   0.020766258436   5.960586661988   4.091612587409 0.98084
 2460187.5  14.598   0.020307832716   0.088522267573   0.000232719753  -0.000473017999  -0.000234416378   1.534893424159   0.020360966745   5.916954277427   3.000435049126 0.99878
 2460188.5  15.598   0.055579319876   0.065710951183   0.000261642771  -0.000474323087  -0.000254108371   1.747390182456   0.019953518875   5.898114375331   1.374589828676 0.98609
 2460189.5  16.598   0.086089171481   0.038660614688   0.000290372969  -0.000479961160  -0.000270203026   1.959911172224   0.019551618465   5.901860006002   1.221806222395 0.94456
 2460190.5  17.598   0.109796262185   0.009646632547   0.000317002682  -0.000489185075  -0.000281838461   2.172486189570   0.019163226912   5.925818416832   1.195184124726 0.87870
 2460191.5  18.598   0.125644904459  -0.019171105849   0.000339778076  -0.000501042082  -0.000288343488   2.385139036491   0.018795391096   5.968098112439   1.218357202591 0.79461
 2460192.5  19.598   0.133476206131  -0.046006596610   0.000357316841  -0.000514511108  -0.000289293215   2.597886462510   0.018453174167   6.027056382931   1.274493083650 0.69874
 2460193.5  20.598   0.133806086078  -0.069537983376   0.000368729366  -0.000528613521  -0.000284571917   2.810738262885   0.018138885050   6.100570480679   1.355795464047 0.59701
 2460194.5  21.598   0.127574260197  -0.088874382789   0.000373646574  -0.000542501725  -0.000274406607   3.023698078196   0.017851720396   6.185242846084   1.455888949760 0.49439
 2460195.5  22.598   0.115926212422  -0.103466807216   0.000372185912  -0.000555495478  -0.000259380668   3.236764437299   0.017587850804   6.276031175429   1.567875565989 0.39490
 2460196.5  23.598   0.100050546841  -0.113015265151   0.000364879404  -0.000567085883  -0.000240403478   3.449931735499   0.017340913526   0.083513041536   1.684350486090 0.30175
 2460197.5  24.598   0.081071468551  -0.117398750732   0.000352581789  -0.000576913216  -0.000218645260   3.663191010080   0.017102818490   0.167823019236   1.798570202306 0.21757
 2460198.5  25.598   0.059987919822  -0.116635151994   0.000336368398  -0.000584731531  -0.000195446074   3.876530498461   0.016864734576   0.240832195950   1.906096454095 0.14459
 2460199.5  26.598   0.037650208739  -0.110867071202   0.000317430013  -0.000590369065  -0.000172213002   4.089936031580   0.016618102350   0.299565193889   2.006760801525 0.08479
 2460200.5  27.598   0.014766505151  -0.100364803291   0.000296971812  -0.000593693938  -0.000150318229   4.303391340691   0.016355521258   0.342889977236   2.109661073994 0.03992
 2460201.5  28.598  -0.008067425224  -0.085536632246   0.000276124822  -0.000594591311  -0.000131008295   4.516878354112   0.016071384234   0.370908241610   2.264642989206 0.01149
 2460202.5  29.598  -0.030322045566  -0.066937721510   0.000255878637  -0.000592958580  -0.000115332148   4.730377543836   0.015762178025   0.384260906709   3.289271433162 0.00069
 2460203.5   0.930  -0.051479418738  -0.045271573503   0.000237042746  -0.000588718954  -0.000104090621   4.943868357512   0.015426426462   0.383572728641   4.934730820354 0.00829
 2460204.5   1.930  -0.070979211972  -0.021381803419   0.000220240060  -0.000581851726  -0.000097808378   5.157329744578   0.015064316962   0.369093104514   5.068182722480 0.03455
 2460205.5   2.930  -0.088175128573   0.003764147965   0.000205930786  -0.000572432016  -0.000096725012   5.370740765045   0.014677106645   0.340528414159   5.085900913454 0.07917
 2460206.5   3.930  -0.102311485683   0.029095106631   0.000194459291  -0.000560670920  -0.000100802030   5.584081259435   0.014266443097   0.297084712332   5.059891484117 0.14123
 2460207.5   4.930  -0.112529288028   0.053455753199   0.000186112111  -0.000546947177  -0.000109741830   5.797332562872   0.013833748256   0.237807607240   5.003218091769 0.21915
 2460208.5   5.930  -0.117910560826   0.075624661366   0.000181172696  -0.000531822655  -0.000123017629   6.010478263633   0.013379799350   0.162361415320   4.920199130403 0.31069
 2460209.5   6.930  -0.117568444834   0.094336121151   0.000179957440  -0.000516036151  -0.000139914111   6.223505026772   0.012904600787   0.072295258418   4.814570636668 0.41285
 2460210.5   7.930  -0.110786053305   0.108319131779   0.000182817550  -0.000500472144  -0.000159582418   0.153218206378   0.012407582827   6.255575681395   4.692544240388 0.52175
 2460211.5   8.930  -0.097196163932   0.116373341354   0.000190094919  -0.000486092635  -0.000181099876   0.365984100069   0.011888096754   6.154165515831   4.563682828885 0.63256
 2460212.5   9.930  -0.076973608430   0.117500391110   0.000202026052  -0.000473842398  -0.000203534034   0.578619179664   0.011346112124   6.061382894079   4.439261406986 0.73943
 2460213.5  10.930  -0.050986453951   0.111092136857   0.000218604460  -0.000464525873  -0.000225982340   0.791132261492   0.010782968620   5.985993116653   4.328747472263 0.83570
 2460214.5  11.930  -0.020835690514   0.097140979363   0.000239429962  -0.000458691426  -0.000247584996   1.003539684841   0.010202001995   5.933085298452   4.235882968841 0.91451
 2460215.5  12.930   0.011271320079   0.076394625823   0.000263595938  -0.000456555626  -0.000267504278   1.215864943334   0.009608862718   5.904000761194   4.150475946879 0.96974
 2460216.5  13.930   0.042810980696   0.050362061772   0.000289671506  -0.000457989347  -0.000284905106   1.428137175366   0.009011391160   5.897794153006   3.936021765165 0.99709
 2460217.5  14.930   0.071320822294   0.021122529607   0.000315819538  -0.000462567518  -0.000298949306   1.640388575482   0.008419009536   5.912815340636   1.289135024895 0.99501
 2460218.5  15.930   0.094747751278  -0.009016305890   0.000340037396  -0.000469652873  -0.000308828134   1.852651235439   0.007841716926   5.947582505589   1.191057359058 0.96489
 2460219.5  16.930   0.111673396795  -0.037886412258   0.000360450470  -0.000478501595  -0.000313816953   2.064954188691   0.007288881601   6.000787501223   1.220972210331 0.91057
 2460220.5  17.930   0.121386126349  -0.063727571707   0.000375568313  -0.000488367896  -0.000313370803   2.277321320384   0.006768068805   6.070634948351   1.290631118011 0.83730
 2460221.5  18.930   0.123827151870  -0.085298184328   0.000384443506  -0.000498580758  -0.000307234154   2.489770404258   0.006284113534   6.153934667502   1.384626562879 0.75071
 2460222.5  19.930   0.119463561810  -0.101849665225   0.000386722563  -0.000508578553  -0.000295541391   2.702313111770   0.005838575245   6.245557713962   1.493383082141 0.65608
 2460223.5  20.930   0.109137246815  -0.113025549864   0.000382607824  -0.000517907678  -0.000278864106   2.914955617885   0.005429630687   0.055643785741   1.607716988592 0.55793
 2460224.5  21.930   0.093921878403  -0.118744332791   0.000372761360  -0.000526198566  -0.000258194659   3.127699423378   0.005052391210   0.143688025650   1.719007194369 0.46001
 2460225.5  22.930   0.075003446040  -0.119102763202   0.000358177081  -0.000533144401  -0.000234865123   3.340542129144   0.004699574958   0.220967879987   1.820380673679 0.36541
 2460226.5  23.930   0.053588388299  -0.114313956846   0.000340043870  -0.000538480540  -0.000210426720   3.553478032652   0.004362421132   0.284114639592   1.907399523524 0.27679
 2460227.5  24.930   0.030837492347  -0.104680256445   0.000319613800  -0.000541976868  -0.000186507770   3.766498520973   0.004031704626   0.331802901850   1.977876616211 0.19659
 2460228.5  25.930   0.007821720763  -0.090593798713   0.000298087429  -0.000543434689  -0.000164672226   3.979592297287   0.003698699107   0.364063020492   2.031211363455 0.12711
 2460229.5  26.930  -0.014503863732  -0.072555047368   0.000276524853  -0.000542691023  -0.000146292655   4.192745510645   0.003355949088   0.381516769781   2.067844472106 0.07066
 2460230.5  27.930  -0.035311212542  -0.051198677464   0.000255790030  -0.000539630901  -0.000132447440   4.405941872010   0.002997747304   0.384787632073   2.089753626166 0.02946
 2460231.5  28.930  -0.053898196561  -0.027316163460   0.000236533887  -0.000534209954  -0.000123849955   4.619162838864   0.002620268419   0.374131250541   2.109870398232 0.00555
 2460232.5   0.253  -0.069678215101  -0.001865458367   0.000219216879  -0.000526486720  -0.000120813533   4.832387940076   0.002221374616   0.349264144589   5.068771305552 0.00063
 2460233.5   1.253  -0.082164296545   0.024039186673   0.000204164357  -0.000516659555  -0.000123255054   5.045595288379   0.001800170404   0.309400127898   5.122395047590 0.01584
 2460234.5   2.253  -0.090952533186   0.049159890964   0.000191639313  -0.000505098522  -0.000130735258   5.258762295218   0.001356430153   0.253576664705   5.068975069127 0.05154
 2460235.5   3.253  -0.095710660983   0.072188041338   0.000181910868  -0.000492358676  -0.000142531398   5.471866566209   0.000890042898   0.181403342484   4.987132416409 0.10722
 2460236.5   4.253  -0.096177727067   0.091811698875   0.000175296515  -0.000479164311  -0.000157733291   5.684886927950   0.000400610695   0.094263171171   4.883354036686 0.18138
 2460237.5   5.253  -0.092179790827   0.106791536536   0.000172163054  -0.000466358449  -0.000175349011   5.897804526362  -0.000112698328   6.279755908582   4.763940310595 0.27150
 2460238.5   6.253  -0.083663907608   0.116042405576   0.000172882765  -0.000454821342  -0.000194405095   6.110603944130  -0.000650995980   6.179258415276   4.638160129017 0.37409
 2460239.5   7.253  -0.070748120032   0.118721794532   0.000177753137  -0.000445369382  -0.000214024241   0.040088990163  -0.001215237344   6.085465567376   4.517171188750 0.48471
 2460240.5   8.253  -0.053779115243   0.114327624074   0.000186895954  -0.000438651463  -0.000233467878   0.252624961809  -0.001805583254   6.006802026269   4.411295331894 0.59802
 2460241.5   9.253  -0.033383040282   0.102801966155   0.000200154508  -0.000435063298  -0.000252137295   0.465027693629  -0.002420695873   5.948476599213   4.327913397076 0.70795
 2460242.5  10.253  -0.010491231460   0.084623314237   0.000217008728  -0.000434695357  -0.000269535375   0.677305388229  -0.003057132419   5.912302614103   4.271324202243 0.80801
 2460243.5  11.253   0.013675906141   0.060853137456   0.000236529024  -0.000437332113  -0.000285212827   0.889473401277  -0.003709002962   5.897917186706   4.244282295585 0.89180
 2460244.5  12.253   0.037675878454   0.033095193296   0.000257394258  -0.000442492690  -0.000298702408   1.101553592314  -0.004368021577   5.904208306978   4.251366444561 0.95383
 2460245.5  13.253   0.059958825146   0.003342435334   0.000277990114  -0.000449514080  -0.000309473987   1.313572817374  -0.005024005364   5.930214833653   4.317114035012 0.99029
 2460246.5  14.253   0.079014511194  -0.026271848667   0.000296584760  -0.000457658548  -0.000316913417   1.525560690357  -0.005665775665   5.975281365617   0.715394046943 0.99961
 2460247.5  15.253   0.093527249754  -0.053755344590   0.000311548277  -0.000466225861  -0.000320360571   1.737547009471  -0.006282318854   6.038500246034   1.150545273594 0.98262
 2460248.5  16.253   0.102511426107  -0.077487823041   0.000321565975  -0.000474647190  -0.000319209032   1.949559380989  -0.006864003724   6.117671520726   1.272593434112 0.94213
 2460249.5  17.253   0.105404175694  -0.096343040876   0.000325798924  -0.000482519564  -0.000313062525   2.161621482022  -0.007403647233   6.208344958334   1.392714533957 0.88220
 2460250.5  18.253   0.102102135584  -0.109692094542   0.000323962113  -0.000489587551  -0.000301887123   2.373752146629  -0.007897263128   0.020589222677   1.515547581655 0.80739
 2460251.5  19.253   0.092943102561  -0.117321807543   0.000316313400  -0.000495676644  -0.000286111104   2.585965189154  -0.008344395681   0.113044445702   1.634797151552 0.72212
 2460252.5  20.253   0.078645284562  -0.119317849900   0.000303566082  -0.000500626413  -0.000266632289   2.798269718624  -0.008748012295   0.195816783608   1.743429165358 0.63039
 2460253.5  21.253   0.060222436073  -0.115954241010   0.000286753220  -0.000504247503  -0.000244740819   3.010670671418  -0.009113993517   0.264605512989   1.836386507634 0.53561
 2460254.5  22.253   0.038891736262  -0.107612864001   0.000267075366  -0.000506313453  -0.000221984321   3.223169347929  -0.009450313637   0.317627242859   1.911004969792 0.44077
 2460255.5  23.253   0.015985588803  -0.094740405718   0.000245757953  -0.000506578597  -0.000200008029   3.435763825123  -0.009766046276   0.354841256981   1.966268473698 0.34855
 2460256.5  24.253  -0.007128021693  -0.077840084086   0.000223935221  -0.000504810723  -0.000180395055   3.648449192211  -0.010070352001   0.376992940945   2.001750307288 0.26154
 2460257.5  25.253  -0.029116980298  -0.057490635155   0.000202569587  -0.000500826767  -0.000164521182   3.861217613610  -0.010371603179   0.384874198882   2.016606849154 0.18238
 2460258.5  26.253  -0.048751234668  -0.034382549243   0.000182410982  -0.000494528926  -0.000153435059   4.074058263956  -0.010676772411   0.378871353501   2.008411465693 0.11388
 2460259.5  27.253  -0.064966668979  -0.009359325901   0.000163997516  -0.000485942255  -0.000147767859   4.286957214274  -0.010991157726   0.358746704513   1.970451757789 0.05902
 2460260.5  28.253  -0.076927425262   0.016551058665   0.000147695145  -0.000475254176  -0.000147684032   4.499897376674  -0.011318449406   0.323628723007   1.878541082976 0.02080
 2460261.5  29.253  -0.084083367269   0.042130966626   0.000133765979  -0.000462855055  -0.000152879756   4.712858633520  -0.011661073907   0.272283012987   1.494843622363 0.00198
 2460262.5   0.605  -0.086214248862   0.066008909259   0.000122444513  -0.000449364879  -0.000162639143   4.925818271527  -0.012020695321   0.203829800486   5.314823027049 0.00476
 2460263.5   1.605  -0.083447925474   0.086743318922   0.000113993166  -0.000435628133  -0.000175947153   5.138751799350  -0.012398727312   0.119023287419   5.034483298062 0.03038
 2460264.5   2.605  -0.076239425127   0.102947650484   0.000108711470  -0.000422654677  -0.000191643449   5.351634149096  -0.012796714245   0.021770337521   4.872247149874 0.07879
 2460265.5   3.605  -0.065304113511   0.113435279919   0.000106890759  -0.000411505368  -0.000208585398   5.564441166801  -0.013216476668   6.202951080520   4.726241366922 0.14848
 2460266.5   4.605  -0.051511637339   0.117354118788   0.000108730836  -0.000403140574  -0.000225777799   5.777151221171  -0.013659973149   6.106171749059   4.592393646886 0.23649
 2460267.5   5.605  -0.035763271116   0.114284283164   0.000114250190  -0.000398273093  -0.000242444368   5.989746735358  -0.014128894636   6.023669460503   4.477089384159 0.33862
 2460268.5   6.605  -0.018885237664   0.104285981026   0.000123218905  -0.000397265266  -0.000258034125   6.202215476685  -0.014624067045   5.961021109697   4.386157905572 0.44967
 2460269.5   7.605  -0.001567741672   0.087900389319   0.000135127255  -0.000400089670  -0.000272184569   0.131366190745  -0.015144783896   5.920056360720   4.322725739822 0.56379
 2460270.5   8.605   0.015635834988   0.066114275040   0.000149189516  -0.000406352974  -0.000284665004   0.343570365530  -0.015688216515   5.900238758432   4.288067925663 0.67484
 2460271.5   9.605   0.032255953378   0.040296314296   0.000164378354  -0.000415363969  -0.000295315213   0.555650477830  -0.016249049132   5.900272330791   4.283262201831 0.77672
 2460272.5  10.605   0.047824392774   0.012104630064   0.000179486974  -0.000426231167  -0.000303981949   0.767620822946  -0.016819456441   5.919132710271   4.311059355872 0.86384
 2460273.5  11.605   0.061795922746  -0.016639423247   0.000193216917  -0.000437977269  -0.000310453860   0.979501287349  -0.017389483426   5.956367418097   4.379641515869 0.93155
 2460274.5  12.605   0.073507256282  -0.044109628622   0.000204286472  -0.000449664740  -0.000314413766   1.191315931498  -0.017947810391   6.011717189064   4.520844552226 0.97663
 2460275.5  13.605   0.082195424168  -0.068647441891   0.000211551727  -0.000460514865  -0.000315432926   1.403091203829  -0.018482806509   6.084156122108   5.042156533560 0.99755
 2460276.5  14.605   0.087078280642  -0.088914958379   0.000214129136  -0.000469991716  -0.000313042734   1.614854023267  -0.018983713223   6.170667554766   0.971985725868 0.99450
 2460277.5  15.605   0.087477687591  -0.103992348613   0.000211502999  -0.000477821822  -0.000306873091   1.826630018716  -0.019441770388   6.265514771946   1.324270983119 0.96920
 2460278.5  16.605   0.082950367806  -0.113399689857   0.000203594519  -0.000483938912  -0.000296818157   2.038442169822  -0.019851108937   0.077712636504   1.502952447436 0.92441
 2460279.5  17.605   0.073390415229  -0.117048742666   0.000190769560  -0.000488381718  -0.000283161938   2.250309969680  -0.020209277747   0.165811039205   1.641671613290 0.86346
 2460280.5  18.605   0.059080856113  -0.115151014980   0.000173777559  -0.000491185269  -0.000266619693   2.462249088858  -0.020517336558   0.240890153269   1.754807509938 0.78982
 2460281.5  19.605   0.040690951649  -0.108115196257   0.000153636411  -0.000492311274  -0.000248286938   2.674271416032  -0.020779517866   0.300118957872   1.844676694351 0.70677
 2460282.5  20.605   0.019231005323  -0.096460788883   0.000131493295  -0.000491626488  -0.000229519984   2.886385307857  -0.021002528140   0.343020983367   1.912290409605 0.61734
 2460283.5  21.605  -0.004018304140  -0.080762812502   0.000108492813  -0.000488928772  -0.000211784532   3.098595890195  -0.021194613356   0.370373181781   1.958662947612 0.52427
 2460284.5  22.605  -0.027588203038  -0.061631519815   0.000085673986  -0.000483997618  -0.000196499508   3.310905288147  -0.021364547892   0.383235540399   1.984494755269 0.43018
 2460285.5  23.605  -0.049909385168  -0.039723917737   0.000063906504  -0.000476653173  -0.000184893937   3.523312706264  -0.021520712783   0.382326957724   1.989672713049 0.33772
 2460286.5  24.605  -0.069406087917  -0.015779731365   0.000043868223  -0.000466814016  -0.000177883647   3.735814322955  -0.021670406230   0.367698466956   1.972778583286 0.24973
 2460287.5  25.605  -0.084602824430   0.009329010376   0.000026061217  -0.000454552255  -0.000175974290   3.948403007873  -0.021819478651   0.338626922811   1.930383116507 0.16947
 2460288.5  26.605  -0.094250131634   0.034550362062   0.000010859242  -0.000440149140  -0.000179199157   4.161067924271  -0.021972314936   0.293747170842   1.855260111369 0.10058
 2460289.5  27.605  -0.097469295507   0.058628624040  -0.000001428116  -0.000424148184  -0.000187107774   4.373794142253  -0.022132111825   0.231580583687   1.729124021972 0.04703
 2460290.5  28.605  -0.093901551747   0.080130584382  -0.000010499669  -0.000407394457  -0.000198823786   4.586562454306  -0.022301335256   0.151698268069   1.471515381838 0.01282
 2460291.5   0.019  -0.083826548614   0.097544194840  -0.000016047482  -0.000391020288  -0.000213180615   4.799349622227  -0.022482207098   0.056503125025   0.014745135942 0.00141
 2460292.5   1.019  -0.068197700136   0.109452557077  -0.000017804563  -0.000376355718  -0.000228917739   5.012129251075  -0.022677073157   6.235902454301   5.015142300247 0.01514
 2460293.5   2.019  -0.048545739254   0.114752040063  -0.000015647262  -0.000364741833  -0.000244881368   5.224873352479  -0.022888544003   6.133950456900   4.739350349165 0.05460
 2460294.5   3.019  -0.026740492992   0.112851125409  -0.000009707272  -0.000357297490  -0.000260163445   5.437554447365  -0.023119363697   6.044584594208   4.571929889292 0.11831
 2460295.5   4.019  -0.004664337151   0.103781685487  -0.000000437503  -0.000354712105  -0.000274134189   5.650147857865  -0.023372028476   5.975130016546   4.452220125790 0.20280
 2460296.5   5.019   0.016100059427   0.088188139902   0.000011395295  -0.000357139458  -0.000286396391   5.862633758645  -0.023648230467   5.928277115347   4.369677219581 0.30302
 2460297.5   6.019   0.034468218690   0.067212549056   0.000024779311  -0.000364210499  -0.000296708207   6.074998644728  -0.023948234604   5.903445146758   4.320312209869 0.41299
 2460298.5   7.019   0.049893115168   0.042329306882   0.000038555385  -0.000375132554  -0.000304930772   0.004050761417  -0.024270312226   5.898828196688   4.301607921048 0.52641
 2460299.5   8.019   0.062265234777   0.015182757203   0.000051517865  -0.000388831288  -0.000310994012   0.216161383107  -0.024610354654   5.912814161625   4.312223208806 0.63718
 2460300.5   9.019   0.071732972746  -0.012544573685   0.000062504650  -0.000404099640  -0.000314869631   0.428152483389  -0.024961771920   5.944523588512   4.352251608188 0.73973
 2460301.5  10.019   0.078508690232  -0.039232845440   0.000070471626  -0.000419740737  -0.000316535051   0.640037102675  -0.025315742635   5.993623652899   4.423604570479 0.82928
 2460302.5  11.019   0.082711647402  -0.063407989348   0.000074551906  -0.000434694786  -0.000315934479   0.851832931033  -0.025661822690   6.059568343186   4.531468762497 0.90204
 2460303.5  12.019   0.084279694805  -0.083817600939   0.000074104218  -0.000448139244  -0.000312961965   1.063561038218  -0.025988853067   6.140449851609   4.691953330097 0.95527
 2460304.5  13.019   0.082962554429  -0.099498823097   0.000068755992  -0.000459544021  -0.000307489063   1.275244522521  -0.026286045636   6.231949781832   4.985495206759 0.98746
 2460305.5  14.019   0.078390540520  -0.109826748178   0.000058440951  -0.000468667000  -0.000299443931   1.486907171618  -0.026544085281   0.044057853138   6.261261509448 0.99826
 2460306.5  15.019   0.070194768491  -0.114529318893   0.000043420893  -0.000475489545  -0.000288916691   1.698572243742  -0.026756077428   0.135219077608   1.296129535917 0.98838
 2460307.5  16.019   0.058143560055  -0.113661996402   0.000024275230  -0.000480111337  -0.000276251395   1.910261472063  -0.026918193964   0.215451149606   1.587956684833 0.95938
 2460308.5  17.019   0.042259715347  -0.107548078705   0.000001847811  -0.000482641735  -0.000262085719   2.121994359224  -0.027029922295   0.280626065555   1.740884837475 0.91341
 2460309.5  18.019   0.022895142345  -0.096701152197  -0.000022843779  -0.000483120365  -0.000247324072   2.333787774142  -0.027093890757   0.329354967633   1.841983336667 0.85291
 2460310.5  19.019   0.000756003697  -0.081749682466  -0.000048716316  -0.000481486317  -0.000233055207   2.545655806268  -0.027115315467   0.362058780128   1.910330762031 0.78040
