 2459930.5   9.22  -0.6   2.7  6.07  6.07 0.742  61.1  1.57 317.73 229.85  -3.72 168.83  -0.02   2.66 269.76  -3.03 357.73
 2459931.5   9.04  -0.6   2.7  6.19  6.19 0.718  64.2  1.75 322.08 234.72  -3.88 170.61  -0.02   2.79 268.92  -3.09 357.07
 2459932.5   8.85  -0.6   2.7  6.32  6.32 0.692  67.4  1.95 326.58 239.64  -4.05 172.25  -0.02   2.92 268.10  -3.15 356.43
 2459933.5   8.66  -0.6   2.7  6.46  6.46 0.663  70.9  2.17 331.22 244.61  -4.24 173.75  -0.02   3.05 267.28  -3.22 355.83
 2459934.5   8.46  -0.6   2.8  6.61  6.61 0.633  74.6  2.43 336.01 249.64  -4.43 175.10  -0.01   3.19 266.47  -3.30 355.27
 2459935.5   8.25  -0.6   2.8  6.78  6.78 0.600  78.5  2.71 340.96 254.75  -4.63 176.29  -0.01   3.32 265.68  -3.38 354.74
 2459936.5   8.05  -0.5   2.8  6.95  6.95 0.564  82.6  3.03 346.07 259.94  -4.84 177.33  -0.01   3.45 264.89  -3.46 354.27
 2459937.5   7.84  -0.5   2.8  7.14  7.14 0.526  87.0  3.39 351.33 265.23  -5.07 178.20  -0.01   3.57 264.10  -3.56 353.85
 2459938.5   7.62  -0.4   2.9  7.34  7.34 0.485  91.7  3.78 356.76 270.63  -5.30 178.92   0.00  -3.67 263.32  -3.65 353.48
 2459939.5   7.41  -0.3   2.9  7.55  7.55 0.442  96.6  4.21   2.34 276.15  -5.55 179.48   0.00  -3.75 262.54  -3.76 353.18
 2459940.5   7.20  -0.2   3.0  7.77  7.77 0.397 101.9  4.69   8.07 281.81  -5.81 179.89   0.00  -3.80 261.74  -3.87 352.96
 2459941.5   6.99   0.0   3.1  8.00  8.00 0.351 107.4  5.20  13.93 287.63  -6.09 180.16   0.01  -3.82 260.91  -3.98 352.81
 2459942.5   6.79   0.2   3.2  8.25  8.25 0.303 113.2  5.74  19.93 293.62  -6.37 180.31   0.01  -3.79 260.03  -4.10 352.75
 2459943.5   6.59   0.5   3.4  8.49  8.49 0.256 119.2  6.32  26.04 299.80  -6.66 180.34   0.02  -3.70 259.06  -4.22 352.79
 2459944.5   6.40   0.8   3.6  8.74  8.74 0.209 125.6  6.91  32.24 306.17  -6.95 180.28   0.02  -3.55 257.93  -4.34 352.91
 2459945.5   6.23   1.3   3.8  8.98  8.98 0.164 132.2  7.51  38.52 312.73  -7.25 180.14   0.02  -3.33 256.55  -4.45 353.14
 2459946.5   6.07   1.8   4.0  9.21  9.21 0.123 139.0  8.08  44.84 319.50  -7.54 179.96   0.02  -3.02 254.75  -4.57 353.46
 2459947.5   5.93   2.4   4.3  9.43  9.43 0.086 145.9  8.62  51.19 326.46  -7.82 179.76   0.03  -2.64 252.22  -4.67 353.88
 2459948.5   5.81   3.1   4.6  9.62  9.62 0.055 152.9  9.10  57.53 333.59  -8.09 179.56   0.03  -2.19 248.33  -4.76 354.38
 2459949.5   5.72   3.9   4.8  9.79  9.79 0.031 159.8  9.48  63.84 340.88  -8.33 179.38   0.03  -1.69 241.65  -4.84 354.96
 2459950.5   5.65   4.7   4.8  9.91  9.91 0.015 166.1  9.77  70.09 348.28  -8.53 179.27   0.03  -1.19 228.33  -4.90 355.60
 2459951.5   5.60  99.0  99.0  9.99  9.99 0.007 170.7  9.93  76.27 355.75  -8.70 179.23   0.03  -0.81 198.25  -4.94 356.27
 2459952.5   5.58  99.0  99.0 10.03 10.03 0.007 170.4  9.96  82.34   3.26  -8.84 179.30   0.03  -0.84 152.59  -4.96 356.97
 2459953.5   5.58   4.6   4.9 10.03 10.03 0.016 165.7  9.87  88.30  10.76  -8.92 179.48   0.04  -1.24 125.41  -4.95 357.65
 2459954.5   5.61   3.9   4.9  9.98  9.98 0.031 159.6  9.66  94.13  18.20  -8.97 179.79   0.04  -1.74 113.32  -4.93 358.31
 2459955.5   5.66   3.2   4.7  9.89  9.89 0.054 153.3  9.36  99.81  25.55  -8.98 180.25   0.03  -2.23 107.12  -4.88 358.93
 2459956.5   5.73   2.6   4.5  9.77  9.77 0.081 147.0  8.98 105.34  32.79  -8.95 180.85   0.03  -2.66 103.45  -4.83 359.48
 2459957.5   5.81   2.0   4.3  9.62  9.62 0.112 140.9  8.54 110.72  39.87  -8.90 181.62   0.03  -3.04 101.01  -4.75 359.97
 2459958.5   5.92   1.6   4.1  9.45  9.45 0.146 135.0  8.07 115.93  46.80  -8.82 182.54   0.03  -3.34  99.26  -4.67   0.37
 2459959.5   6.03   1.2   4.0  9.27  9.27 0.182 129.5  7.58 120.99  53.57  -8.72 183.62   0.03  -3.58  97.91  -4.58   0.69
 2459960.5   6.16   0.9   3.8  9.08  9.08 0.219 124.2  7.09 125.89  60.17  -8.60 184.86   0.03  -3.75  96.80  -4.49   0.92
 2459961.5   6.30   0.7   3.7  8.88  8.88 0.255 119.3  6.61 130.63  66.61  -8.48 186.25   0.03  -3.87  95.84  -4.39   1.07
 2459962.5   6.44   0.5   3.6  8.68  8.68 0.292 114.6  6.15 135.23  72.89  -8.35 187.79   0.02  -3.95  94.98  -4.30   1.15
 2459963.5   6.59   0.3   3.5  8.49  8.49 0.327 110.2  5.71 139.68  79.02  -8.21 189.48   0.02  -3.98  94.17  -4.20   1.15
 2459964.5   6.75   0.2   3.4  8.29  8.29 0.361 106.1  5.30 144.00  85.02  -8.08 191.30   0.02  -3.98  93.41  -4.11   1.08
 2459965.5   6.90   0.1   3.4  8.11  8.11 0.394 102.2  4.91 148.18  90.89  -7.94 193.26   0.02  -3.96  92.66  -4.01   0.94
 2459966.5   7.06   0.0   3.3  7.93  7.93 0.425  98.6  4.56 152.24  96.65  -7.81 195.33   0.02  -3.92  91.92  -3.93   0.75
 2459967.5   7.22   0.0   3.3  7.75  7.75 0.455  95.2  4.23 156.19 102.30  -7.68 197.53   0.01  -3.86  91.19  -3.84   0.50
 2459968.5   7.37  -0.1   3.3  7.59  7.59 0.483  92.0  3.92 160.02 107.86  -7.55 199.83   0.01  -3.79  90.45  -3.76   0.20
 2459969.5   7.53  -0.1   3.3  7.43  7.43 0.509  88.9  3.65 163.75 113.33  -7.43 202.24   0.01   3.71  89.71  -3.68 359.86
 2459970.5   7.69  -0.1   3.3  7.28  7.28 0.534  86.1  3.39 167.38 118.72  -7.31 204.75   0.01   3.63  88.96  -3.61 359.48
 2459971.5   7.84  -0.1   3.2  7.14  7.14 0.558  83.4  3.16 170.92 124.04  -7.20 207.35   0.01   3.54  88.21  -3.54 359.06
 2459972.5   7.99  -0.1   3.2  7.00  7.00 0.580  80.8  2.94 174.38 129.30  -7.09 210.03   0.00   3.46  87.45  -3.47 358.61
 2459973.5   8.14  -0.2   3.2  6.87  6.87 0.601  78.4  2.74 177.76 134.50  -6.98 212.79   0.00   3.37  86.68  -3.41 358.12
 2459974.5   8.28  -0.2   3.2  6.75  6.75 0.620  76.1  2.56 181.06 139.65  -6.88 215.62   0.00   3.28  85.90  -3.35 357.62
 2459975.5   8.43  -0.2   3.2  6.64  6.64 0.639  73.9  2.40 184.30 144.75  -6.78 218.52   0.00   3.19  85.12  -3.30 357.08
 2459976.5   8.57  -0.2   3.2  6.53  6.53 0.656  71.8  2.25 187.48 149.81  -6.69 221.48   0.00   3.10  84.32  -3.24 356.53
 2459977.5   8.70  -0.2   3.2  6.43  6.43 0.673  69.8  2.10 190.60 154.83  -6.60 224.50  -0.01   3.02  83.53  -3.19 355.96
 2459978.5   8.84  -0.2   3.2  6.33  6.33 0.688  67.9  1.98 193.67 159.81  -6.51 227.57  -0.01   2.93  82.72  -3.15 355.37
 2459979.5   8.97  -0.2   3.2  6.24  6.24 0.703  66.1  1.86 196.69 164.76  -6.42 230.69  -0.01   2.85  81.91  -3.10 354.76
 2459980.5   9.09  -0.1   3.2  6.15  6.15 0.717  64.3  1.74 199.67 169.67  -6.34 233.85  -0.01   2.77  81.10  -3.06 354.14
 2459981.5   9.22  -0.1   3.2  6.07  6.07 0.730  62.7  1.64 202.61 174.56  -6.26 237.05  -0.01   2.70  80.28  -3.02 353.51
 2459982.5   9.34  -0.1   3.2  5.99  5.99 0.742  61.0  1.54 205.51 179.43  -6.18 240.28  -0.02   2.62  79.46  -2.98 352.88
 2459983.5   9.45  -0.1   3.1  5.92  5.92 0.754  59.5  1.46 208.38 184.27  -6.11 243.54  -0.02   2.55  78.63  -2.94 352.23
 2459984.5   9.57  -0.1   3.1  5.85  5.85 0.765  57.9  1.37 211.23 189.08  -6.04 246.84  -0.02   2.48  77.80  -2.91 351.58
 2459985.5   9.68  -0.1   3.1  5.78  5.78 0.776  56.5  1.29 214.05 193.88  -5.97 250.15  -0.02   2.41  76.97  -2.88 350.92
 2459986.5   9.78  -0.2   3.1  5.72  5.72 0.786  55.0  1.22 216.86 198.65  -5.90 253.49  -0.02   2.34  76.14  -2.84 350.26
 2459987.5   9.89  -0.2   3.1  5.66  5.66 0.796  53.6  1.15 219.64 203.40  -5.83 256.84  -0.02   2.28  75.31  -2.82 349.59
 2459988.5   9.99  -0.2   3.1  5.60  5.60 0.806  52.3  1.09 222.42 208.14  -5.76 260.20  -0.02   2.22  74.48  -2.79 348.93
 2459989.5  10.08  -0.2   3.1  5.55  5.55 0.815  50.9  1.03 225.18 212.85  -5.70 263.57  -0.02   2.15  73.65  -2.76 348.26
 2459990.5  10.18  -0.2   3.1  5.50  5.50 0.824  49.6  0.97 227.94 217.55  -5.64 266.95  -0.03   2.09  72.82  -2.74 347.60
 2459991.5  10.27  -0.2   3.0  5.45  5.45 0.832  48.3  0.91 230.70 222.23  -5.57 270.33  -0.03   2.04  71.99  -2.71 346.93
 2459992.5  10.35  -0.2   3.0  5.40  5.40 0.841  47.1  0.86 233.46 226.90  -5.51 273.72  -0.03   1.98  71.16  -2.69 346.27
 2459993.5  10.44  -0.2   3.0  5.36  5.36 0.849  45.8  0.81 236.22 231.55  -5.45 277.09  -0.03   1.92  70.33  -2.67 345.62
 2459994.5  10.52  -0.2   3.0  5.32  5.32 0.856  44.5  0.76 238.98 236.18  -5.39 280.46  -0.03   1.87  69.50  -2.65 344.96
 2459995.5  10.60  -0.3   2.9  5.28  5.28 0.864  43.3  0.72 241.76 240.80  -5.34 283.82  -0.03   1.81  68.67  -2.63 344.32
 2459996.5  10.67  -0.3   2.9  5.24  5.24 0.871  42.0  0.67 244.55 245.40  -5.28 287.17  -0.03   1.76  67.84  -2.61 343.68
 2459997.5  10.74  -0.3   2.9  5.21  5.21 0.879  40.8  0.63 247.36 249.98  -5.22 290.50  -0.03   1.70  67.02  -2.59 343.05
 2459998.5  10.81  -0.3   2.9  5.18  5.18 0.886  39.5  0.59 250.19 254.55  -5.17 293.81  -0.03   1.65  66.18  -2.58 342.42
 2459999.5  10.87  -0.4   2.8  5.15  5.15 0.893  38.3  0.55 253.05 259.11  -5.11 297.09  -0.03   1.59  65.35  -2.56 341.81
 2460000.5  10.93  -0.4   2.8  5.12  5.12 0.899  37.0  0.51 255.93 263.65  -5.06 300.34  -0.03   1.54  64.51  -2.55 341.20
 2460001.5  10.99  -0.4   2.7  5.09  5.09 0.906  35.7  0.48 258.85 268.17  -5.00 303.57  -0.03   1.49  63.67  -2.54 340.61
 2460002.5  11.05  -0.5   2.7  5.07  5.07 0.913  34.4  0.44 261.80 272.68  -4.95 306.75  -0.03   1.43  62.82  -2.52 340.03
 2460003.5  11.10  -0.5   2.7  5.04  5.04 0.919  33.0  0.41 264.79 277.17  -4.90 309.90  -0.03   1.38  61.96  -2.51 339.45
 2460004.5  11.14  -0.5   2.6  5.02  5.02 0.925  31.7  0.37 267.82 281.64  -4.84 313.00  -0.04   1.32  61.08  -2.50 338.90
 2460005.5  11.19  -0.6   2.6  5.00  5.00 0.932  30.3  0.34 270.91 286.10  -4.79 316.06  -0.04   1.26  60.18  -2.49 338.35
 2460006.5  11.23  -0.7   2.5  4.98  4.98 0.938  28.9  0.31 274.05 290.54  -4.74 319.06  -0.03   1.20  59.25  -2.48 337.82
 2460007.5  11.26  -0.7   2.4  4.97  4.97 0.944  27.4  0.28 277.24 294.96  -4.69 322.00  -0.03   1.14  58.29  -2.48 337.31
 2460008.5  11.29  -0.8   2.4  4.95  4.95 0.950  25.9  0.25 280.50 299.36  -4.64 324.88  -0.03   1.08  57.27  -2.47 336.81
 2460009.5  11.32  -0.8   2.3  4.94  4.94 0.956  24.3  0.22 283.83 303.75  -4.59 327.69  -0.03   1.02  56.19  -2.46 336.33
 2460010.5  11.34  -0.9   2.3  4.93  4.93 0.961  22.7  0.19 287.23 308.12  -4.54 330.42  -0.03   0.95  55.03  -2.46 335.86
 2460011.5  11.36  -1.0   2.2  4.92  4.92 0.967  21.1  0.16 290.72 312.47  -4.49 333.08  -0.03   0.88  53.74  -2.45 335.41
 2460012.5  11.38  -1.1   2.1  4.92  4.92 0.972  19.3  0.14 294.29 316.81  -4.44 335.65  -0.03   0.81  52.29  -2.45 334.99
 2460013.5  11.38  -1.2   2.0  4.91  4.91 0.977  17.5  0.11 297.95 321.12  -4.39 338.12  -0.03   0.74  50.61  -2.45 334.58
 2460014.5  11.39  -1.3   1.9  4.91  4.91 0.981  15.7  0.09 301.71 325.42  -4.35 340.50  -0.03   0.66  48.59  -2.45 334.19
 2460015.5  11.39  -1.4   1.8  4.91  4.91 0.986  13.7  0.07 305.58 329.69  -4.30 342.77  -0.03   0.58  46.04  -2.45 333.82
 2460016.5  11.38  -1.5   1.7  4.92  4.92 0.990  11.8  0.05 309.56 333.95  -4.26 344.93  -0.03   0.50  42.66  -2.45 333.48
 2460017.5  11.36  -1.6   1.6  4.92  4.92 0.993   9.7  0.04 313.66 338.19  -4.21 346.97  -0.03   0.42  37.85  -2.46 333.16
 2460018.5  11.34  -1.7   1.5  4.93  4.93 0.996   7.7  0.02 317.89 342.41  -4.17 348.88  -0.02   0.33  30.34  -2.46 332.86
 2460019.5  11.31  -1.8   1.4  4.95  4.95 0.997   5.8  0.01 322.25 346.61  -4.13 350.66  -0.02   0.25  17.24  -2.47 332.58
 2460020.5  11.27  -1.9   1.3  4.96  4.96 0.999   4.3  0.01 326.75 350.80  -4.09 352.30  -0.02   0.19 352.60  -2.47 332.34
 2460021.5  11.23  -2.0   1.2  4.98  4.98 0.999   4.2  0.01 331.40 354.97  -4.05 353.79  -0.02   0.18 315.85  -2.48 332.11
 2460022.5  11.18  -2.0   1.3  5.01  5.01 0.998   5.6  0.01 336.19 359.12  -4.01 355.14  -0.01   0.25 286.93  -2.50 331.92
 2460023.5  11.12  -1.9   1.3  5.03  5.03 0.995   8.0  0.02 341.15   3.26  -3.98 356.32  -0.01   0.35 271.35  -2.51 331.75
 2460024.5  11.04  -1.8   1.4  5.07  5.07 0.991  10.8  0.04 346.26   7.39  -3.94 357.35  -0.01   0.47 262.80  -2.53 331.62
 2460025.5  10.96  -1.8   1.5  5.10  5.10 0.985  13.8  0.07 351.53  11.51  -3.91 358.22  -0.01   0.61 257.59  -2.55 331.51
 2460026.5  10.87  -1.7   1.6  5.15  5.15 0.978  17.1  0.11 356.95  15.63  -3.88 358.94   0.00   0.76 254.14  -2.57 331.43
 2460027.5  10.77  -1.6   1.7  5.20  5.20 0.968  20.6  0.17   2.54  19.74  -3.85 359.49   0.00   0.91 251.71  -2.59 331.38
 2460028.5  10.66  -1.6   1.7  5.25  5.25 0.956  24.2  0.23   8.27  23.85  -3.82 359.90   0.01   1.08 249.92  -2.62 331.37
 2460029.5  10.53  -1.5   1.8  5.31  5.31 0.941  28.0  0.31  14.14  27.97  -3.80   0.17   0.01   1.25 248.56  -2.65 331.38
 2460030.5  10.40  -1.4   1.9  5.38  5.38 0.924  32.0  0.41  20.14  32.10  -3.78   0.31   0.01   1.43 247.51  -2.68 331.42
 2460031.5  10.25  -1.4   1.9  5.46  5.46 0.904  36.1  0.52  26.25  36.25  -3.76   0.34   0.02   1.61 246.70  -2.72 331.50
 2460032.5  10.10  -1.3   2.0  5.54  5.54 0.881  40.3  0.66  32.46  40.42  -3.74   0.27   0.02   1.79 246.05  -2.76 331.60
 2460033.5   9.93  -1.3   2.1  5.63  5.63 0.856  44.6  0.81  38.74  44.61  -3.73   0.14   0.02   1.98 245.54  -2.81 331.72
 2460034.5   9.76  -1.2   2.1  5.73  5.73 0.828  49.0  0.99  45.06  48.85  -3.71 359.95   0.02   2.16 245.15  -2.86 331.88
 2460035.5   9.57  -1.1   2.2  5.85  5.85 0.798  53.5  1.18  51.40  53.12  -3.70 359.75   0.03   2.35 244.84  -2.92 332.06
 2460036.5   9.38  -1.1   2.3  5.97  5.97 0.765  58.0  1.40  57.74  57.45  -3.69 359.55   0.03   2.53 244.60  -2.98 332.25
 2460037.5   9.18  -1.0   2.3  6.10  6.10 0.731  62.5  1.64  64.05  61.83  -3.69 359.38   0.03   2.70 244.43  -3.04 332.47
 2460038.5   8.97  -0.9   2.4  6.23  6.23 0.695  67.1  1.90  70.31  66.27  -3.68 359.27   0.03   2.87 244.29  -3.11 332.70
 2460039.5   8.76  -0.8   2.5  6.38  6.38 0.658  71.6  2.18  76.48  70.78  -3.67 359.23   0.03   3.03 244.20  -3.19 332.94
 2460040.5   8.55  -0.7   2.5  6.54  6.54 0.620  76.1  2.49  82.55  75.37  -3.67 359.30   0.03   3.18 244.14  -3.27 333.19
 2460041.5   8.33  -0.7   2.6  6.71  6.71 0.582  80.6  2.81  88.51  80.03  -3.66 359.48   0.04   3.31 244.09  -3.35 333.45
 2460042.5   8.12  -0.5   2.7  6.89  6.89 0.544  85.0  3.15  94.33  84.78  -3.66 359.80   0.03   3.43 244.06  -3.44 333.70
 2460043.5   7.90  -0.4   2.8  7.08  7.08 0.506  89.4  3.50 100.01  89.62  -3.65   0.26   0.03   3.54 244.03  -3.53 333.96
 2460044.5   7.68  -0.3   2.9  7.28  7.28 0.468  93.7  3.87 105.54  94.55  -3.64   0.87   0.03  -3.63 244.01  -3.63 334.21
 2460045.5   7.47  -0.2   3.0  7.49  7.49 0.431  97.9  4.26 110.91  99.58  -3.62   1.64   0.03  -3.71 243.97  -3.74 334.44
 2460046.5   7.26   0.0   3.2  7.71  7.71 0.395 102.1  4.66 116.12 104.70  -3.61   2.57   0.03  -3.77 243.93  -3.85 334.67
 2460047.5   7.05   0.2   3.3  7.93  7.93 0.360 106.2  5.08 121.17 109.92  -3.59   3.65   0.03  -3.81 243.87  -3.96 334.89
 2460048.5   6.85   0.3   3.4  8.17  8.17 0.326 110.3  5.50 126.07 115.25  -3.56   4.90   0.03  -3.83 243.79  -4.07 335.08
 2460049.5   6.66   0.5   3.6  8.40  8.40 0.294 114.3  5.93 130.81 120.68  -3.53   6.30   0.03  -3.83 243.69  -4.19 335.26
 2460050.5   6.47   0.7   3.7  8.65  8.65 0.263 118.3  6.38 135.40 126.22  -3.49   7.84   0.02  -3.81 243.56  -4.32 335.41
 2460051.5   6.29   0.9   3.9  8.90  8.90 0.233 122.3  6.83 139.85 131.86  -3.45   9.53   0.02  -3.76 243.39  -4.44 335.54
 2460052.5   6.11   1.2   4.0  9.15  9.15 0.205 126.2  7.28 144.16 137.61  -3.39  11.36   0.02  -3.69 243.19  -4.57 335.65
 2460053.5   5.95   1.4   4.2  9.41  9.41 0.178 130.1  7.73 148.34 143.47  -3.33  13.32   0.02  -3.60 242.95  -4.70 335.73
 2460054.5   5.79   1.7   4.4  9.67  9.67 0.153 133.9  8.19 152.40 149.43  -3.26  15.40   0.02  -3.48 242.66  -4.83 335.79
 2460055.5   5.64   2.0   4.5  9.92  9.92 0.130 137.8  8.64 156.34 155.49  -3.18  17.60   0.01  -3.33 242.33  -4.95 335.82
 2460056.5   5.50   2.4   4.7 10.17 10.17 0.108 141.6  9.07 160.17 161.66  -3.09  19.91   0.01  -3.16 241.94  -5.08 335.83
 2460057.5   5.37   2.7   4.9 10.42 10.42 0.088 145.5  9.50 163.90 167.92  -2.99  22.32   0.01  -2.95 241.47  -5.20 335.81
 2460058.5   5.25   3.1   5.1 10.65 10.65 0.070 149.3  9.91 167.53 174.27  -2.88  24.83   0.01  -2.72 240.93  -5.32 335.77
 2460059.5   5.14   3.5   5.2 10.88 10.88 0.054 153.2 10.29 171.07 180.71  -2.75  27.43   0.01  -2.46 240.28  -5.43 335.71
 2460060.5   5.05   3.9   5.4 11.09 11.09 0.040 157.0 10.65 174.52 187.24  -2.61  30.12   0.00  -2.17 239.47  -5.54 335.63
 2460061.5   4.96   4.4   5.5 11.28 11.28 0.028 160.8 10.97 177.90 193.83  -2.46  32.88   0.00  -1.86 238.44  -5.64 335.54
 2460062.5   4.88   4.8   5.5 11.46 11.46 0.018 164.6 11.26 181.20 200.49  -2.30  35.71   0.00  -1.52 237.02  -5.73 335.43
 2460063.5   4.82   5.4   5.5 11.62 11.62 0.010 168.4 11.50 184.44 207.20  -2.13  38.62   0.00  -1.17 234.84  -5.80 335.31
 2460064.5   4.76  99.0  99.0 11.75 11.75 0.005 172.1 11.69 187.62 213.96  -1.95  41.58   0.00  -0.80 230.85  -5.87 335.18
 2460065.5   4.72  99.0  99.0 11.86 11.86 0.001 175.8 11.84 190.73 220.74  -1.77  44.60  -0.01  -0.44 220.41  -5.93 335.05
 2460066.5   4.69  99.0  99.0 11.94 11.94 0.000 178.4 11.94 193.80 227.55  -1.57  47.67  -0.01  -0.16 159.30  -5.97 334.92
 2460067.5   4.66  99.0  99.0 12.00 12.00 0.001 176.2 11.98 196.82 234.37  -1.37  50.79  -0.01  -0.40  85.80  -6.00 334.79
 2460068.5   4.65  99.0  99.0 12.02 12.02 0.004 172.7 11.98 199.80 241.18  -1.16  53.95  -0.01  -0.77  73.81  -6.01 334.66
 2460069.5   4.65   5.5   5.5 12.03 12.03 0.009 169.1 11.92 202.74 247.97  -0.95  57.15  -0.01  -1.13  69.55  -6.01 334.54
 2460070.5   4.66   5.0   5.6 12.00 12.00 0.016 165.6 11.82 205.64 254.74  -0.73  60.39  -0.02  -1.49  67.35  -6.00 334.43
 2460071.5   4.68   4.6   5.7 11.95 11.95 0.024 162.2 11.67 208.51 261.48  -0.52  63.66  -0.02  -1.83  66.00  -5.98 334.33
 2460072.5   4.71   4.2   5.6 11.88 11.88 0.034 158.8 11.48 211.36 268.16  -0.31  66.95  -0.02  -2.15  65.07  -5.94 334.24
 2460073.5   4.75   3.8   5.5 11.79 11.79 0.045 155.5 11.26 214.18 274.80  -0.09  70.26  -0.02  -2.45  64.41  -5.90 334.16
 2460074.5   4.79   3.5   5.4 11.68 11.68 0.058 152.2 11.01 216.98 281.37   0.11  73.60  -0.02  -2.72  63.92   5.84 334.09
 2460075.5   4.84   3.1   5.3 11.55 11.55 0.071 149.1 10.73 219.77 287.88   0.32  76.95  -0.02  -2.97  63.55   5.77 334.04
 2460076.5   4.91   2.9   5.2 11.41 11.41 0.086 146.0 10.43 222.55 294.31   0.51  80.31  -0.02  -3.19  63.28   5.70 334.00
 2460077.5   4.97   2.6   5.1 11.25 11.25 0.101 143.0 10.12 225.31 300.67   0.71  83.69  -0.02  -3.38  63.08   5.62 333.97
 2460078.5   5.05   2.4   5.0 11.08 11.08 0.116 140.1  9.79 228.07 306.96   0.89  87.07  -0.03  -3.55  62.93   5.54 333.96
 2460079.5   5.13   2.1   4.9 10.90 10.90 0.133 137.3  9.46 230.82 313.17   1.07  90.45  -0.03  -3.70  62.84   5.45 333.96
 2460080.5   5.22   2.0   4.8 10.72 10.72 0.149 134.5  9.12 233.58 319.30   1.24  93.83  -0.03  -3.82  62.80   5.36 333.98
 2460081.5   5.31   1.8   4.7 10.53 10.53 0.166 131.8  8.78 236.34 325.35   1.40  97.21  -0.03  -3.92  62.79   5.26 334.01
 2460082.5   5.41   1.6   4.6 10.34 10.34 0.184 129.2  8.44 239.11 331.32   1.56 100.58  -0.03  -4.00  62.82   5.17 334.05
 2460083.5   5.52   1.5   4.5 10.14 10.14 0.201 126.7  8.10 241.89 337.22   1.71 103.94  -0.03  -4.07  62.88   5.07 334.11
 2460084.5   5.62   1.3   4.4  9.95  9.95 0.219 124.2  7.77 244.68 343.04   1.85 107.28  -0.03  -4.11  62.97   4.97 334.19
 2460085.5   5.74   1.2   4.3  9.75  9.75 0.237 121.8  7.45 247.49 348.79   1.98 110.61  -0.03  -4.14  63.08   4.87 334.28
 2460086.5   5.85   1.1   4.2  9.56  9.56 0.254 119.4  7.13 250.32 354.47   2.11 113.92  -0.03  -4.16  63.23   4.78 334.38
 2460087.5   5.98   1.0   4.2  9.36  9.36 0.272 117.1  6.81 253.18   0.07   2.23 117.20  -0.03  -4.17  63.40   4.68 334.50
 2460088.5   6.10   0.9   4.1  9.17  9.17 0.290 114.8  6.51 256.06   5.61   2.34 120.45  -0.03  -4.16  63.59   4.58 334.64
 2460089.5   6.23   0.8   4.0  8.98  8.98 0.308 112.6  6.21 258.98  11.09   2.45 123.68  -0.03  -4.15  63.81   4.49 334.80
 2460090.5   6.36   0.7   3.9  8.80  8.80 0.326 110.3  5.93 261.93  16.50   2.55 126.86  -0.03  -4.12  64.06   4.39 334.97
 2460091.5   6.50   0.6   3.9  8.61  8.61 0.344 108.1  5.65 264.92  21.84   2.64 130.01  -0.03  -4.09  64.33   4.30 335.16
 2460092.5   6.63   0.5   3.8  8.43  8.43 0.363 106.0  5.38 267.96  27.13   2.73 133.11  -0.04  -4.05  64.62   4.21 335.37
 2460093.5   6.78   0.5   3.7  8.26  8.26 0.381 103.8  5.11 271.05  32.36   2.81 136.16  -0.04  -4.01  64.94   4.12 335.60
 2460094.5   6.92   0.4   3.7  8.09  8.09 0.399 101.6  4.86 274.19  37.53   2.89 139.16  -0.03  -3.96  65.29   4.04 335.85
 2460095.5   7.07   0.3   3.6  7.92  7.92 0.418  99.4  4.61 277.38  42.65   2.96 142.10  -0.03  -3.91  65.66   3.95 336.12
 2460096.5   7.21   0.2   3.5  7.76  7.76 0.437  97.3  4.37 280.65  47.71   3.03 144.97  -0.03  -3.85  66.06   3.87 336.41
 2460097.5   7.36   0.2   3.5  7.60  7.60 0.456  95.1  4.13 283.98  52.72   3.09 147.78  -0.03  -3.78  66.48   3.79 336.72
 2460098.5   7.52   0.1   3.4  7.44  7.44 0.475  92.8  3.91 287.38  57.67   3.15 150.51  -0.03  -3.72  66.94   3.72 337.06
 2460099.5   7.67   0.1   3.3  7.29  7.29 0.495  90.6  3.68 290.87  62.58   3.21 153.17  -0.03  -3.65  67.43   3.64 337.43
 2460100.5   7.83   0.0   3.3  7.15  7.15 0.515  88.3  3.47 294.44  67.44   3.26 155.73  -0.03   3.57  67.95   3.57 337.82
 2460101.5   7.99  -0.1   3.2  7.01  7.01 0.535  86.0  3.26 298.11  72.24   3.31 158.20  -0.03   3.49  68.50   3.50 338.23
 2460102.5   8.15  -0.1   3.1  6.87  6.87 0.556  83.6  3.05 301.88  77.00   3.35 160.58  -0.03   3.41  69.09   3.43 338.68
 2460103.5   8.31  -0.2   3.1  6.74  6.74 0.577  81.1  2.85 305.75  81.71   3.39 162.84  -0.03   3.33  69.71   3.36 339.15
 2460104.5   8.47  -0.3   3.0  6.61  6.61 0.598  78.6  2.65 309.73  86.37   3.43 165.00  -0.03   3.24  70.37   3.30 339.66
 2460105.5   8.63  -0.3   2.9  6.49  6.49 0.620  76.1  2.46 313.84  90.99   3.47 167.03  -0.03   3.15  71.08   3.24 340.19
 2460106.5   8.79  -0.4   2.9  6.37  6.37 0.643  73.4  2.27 318.07  95.55   3.50 168.94  -0.02   3.05  71.83   3.18 340.76
 2460107.5   8.95  -0.5   2.8  6.25  6.25 0.665  70.7  2.09 322.43 100.07   3.54 170.71  -0.02   2.95  72.63   3.12 341.36
 2460108.5   9.11  -0.5   2.7  6.14  6.14 0.689  67.8  1.91 326.94 104.55   3.57 172.35  -0.02   2.84  73.47   3.07 342.00
 2460109.5   9.27  -0.6   2.7  6.04  6.04 0.712  64.9  1.74 331.59 108.98   3.60 173.84  -0.02   2.73  74.37   3.01 342.67
 2460110.5   9.42  -0.7   2.6  5.94  5.94 0.736  61.9  1.57 336.39 113.36   3.62 175.18  -0.01   2.62  75.33   2.96 343.38
 2460111.5   9.57  -0.7   2.5  5.84  5.84 0.760  58.7  1.40 341.35 117.70   3.65 176.36  -0.01   2.50  76.36   2.92 344.13
 2460112.5   9.72  -0.8   2.4  5.75  5.75 0.783  55.5  1.25 346.46 121.99   3.68 177.38  -0.01   2.37  77.45   2.87 344.91
 2460113.5   9.87  -0.9   2.4  5.67  5.67 0.807  52.1  1.09 351.73 126.25   3.70 178.25  -0.01   2.24  78.63   2.83 345.73
 2460114.5  10.01  -1.0   2.3  5.59  5.59 0.831  48.6  0.95 357.17 130.46   3.73 178.96   0.00   2.10  79.89   2.79 346.59
 2460115.5  10.15  -1.1   2.2  5.51  5.51 0.854  45.0  0.81   2.75 134.63   3.76 179.51   0.00   1.95  81.25   2.75 347.49
 2460116.5  10.27  -1.2   2.1  5.45  5.45 0.876  41.3  0.68   8.49 138.76   3.79 179.91   0.01   1.80  82.74   2.72 348.43
 2460117.5  10.40  -1.3   2.0  5.38  5.38 0.897  37.5  0.56  14.36 142.86   3.81 180.18   0.01   1.64  84.37   2.69 349.40
 2460118.5  10.51  -1.4   1.9  5.32  5.32 0.917  33.6  0.44  20.37 146.92   3.84 180.31   0.01   1.47  86.19   2.66 350.40
 2460119.5  10.61  -1.5   1.8  5.27  5.27 0.935  29.6  0.34  26.48 150.95   3.88 180.34   0.02   1.30  88.25   2.63 351.44
 2460120.5  10.71  -1.6   1.7  5.23  5.23 0.951  25.6  0.26  32.69 154.96   3.91 180.27   0.02   1.13  90.66   2.61 352.50
 2460121.5  10.79  -1.7   1.6  5.19  5.19 0.965  21.5  0.18  38.96 158.95   3.94 180.13   0.02   0.95  93.60   2.59 353.59
 2460122.5  10.86  -1.8   1.4  5.15  5.15 0.977  17.5  0.12  45.29 162.92   3.98 179.95   0.02   0.77  97.40   2.57 354.71
 2460123.5  10.92  -2.0   1.3  5.12  5.12 0.986  13.5  0.07  51.63 166.88   4.02 179.74   0.03   0.60 102.79   2.56 355.83
 2460124.5  10.97  -2.1   1.1  5.10  5.10 0.993   9.6  0.04  57.97 170.82   4.07 179.54   0.03   0.43 111.63   2.54 356.97
 2460125.5  11.01  -2.3   1.0  5.08  5.08 0.997   6.1  0.01  64.28 174.77   4.11 179.37   0.03   0.27 129.59   2.54 358.12
 2460126.5  11.03  -2.3   0.9  5.07  5.07 0.999   4.2  0.01  70.53 178.72   4.16 179.26   0.03   0.18 171.75   2.53 359.27
 2460127.5  11.04  -2.3   1.0  5.07  5.07 0.998   5.4  0.01  76.70 182.67   4.21 179.23   0.03   0.24 219.95   2.53   0.42
 2460128.5  11.05  -2.1   1.2  5.07  5.07 0.995   8.5  0.03  82.77 186.64   4.27 179.30   0.03   0.37 241.73   2.53   1.56
 2460129.5  11.04  -1.9   1.3  5.07  5.07 0.989  11.9  0.05  88.72 190.61   4.33 179.49   0.04   0.52 251.86   2.53   2.69
 2460130.5  11.02  -1.8   1.5  5.08  5.08 0.982  15.4  0.09  94.54 194.61   4.39 179.81   0.03   0.67 257.78   2.53   3.80
 2460131.5  10.99  -1.6   1.6  5.09  5.09 0.973  18.9  0.14 100.22 198.62   4.45 180.27   0.03   0.82 261.83   2.54   4.89
 2460132.5  10.95  -1.5   1.7  5.11  5.11 0.963  22.2  0.19 105.74 202.66   4.52 180.89   0.03   0.97 264.90   2.55   5.96
 2460133.5  10.90  -1.4   1.9  5.13  5.13 0.951  25.5  0.25 111.11 206.73   4.59 181.66   0.03   1.10 267.38   2.56   7.01
 2460134.5  10.84  -1.3   2.0  5.16  5.16 0.939  28.6  0.31 116.31 210.82   4.66 182.60   0.03   1.23 269.49   2.57   8.03
 2460135.5  10.78  -1.2   2.1  5.19  5.19 0.926  31.6  0.38 121.36 214.93   4.73 183.69   0.03   1.36 271.33   2.59   9.02
 2460136.5  10.71  -1.1   2.2  5.22  5.22 0.912  34.4  0.46 126.25 219.08   4.81 184.93   0.03   1.48 272.98   2.60   9.98
 2460137.5  10.64  -1.0   2.3  5.26  5.26 0.898  37.2  0.54 130.99 223.26   4.89 186.34   0.03   1.59 274.48   2.62  10.91
 2460138.5  10.56  -0.9   2.4  5.30  5.30 0.884  39.8  0.62 135.58 227.46   4.97 187.89   0.02   1.70 275.86   2.64  11.81
 2460139.5  10.47  -0.8   2.4  5.34  5.34 0.869  42.4  0.70 140.03 231.70   5.06 189.58   0.02   1.80 277.14   2.66  12.68
 2460140.5  10.38  -0.7   2.5  5.39  5.39 0.855  44.8  0.78 144.34 235.97   5.14 191.41   0.02   1.90 278.34   2.68  13.51
 2460141.5  10.29  -0.6   2.6  5.44  5.44 0.840  47.1  0.87 148.51 240.27   5.23 193.37   0.02   1.99 279.46   2.71  14.31
 2460142.5  10.19  -0.6   2.6  5.49  5.49 0.826  49.4  0.96 152.57 244.60   5.32 195.46   0.02   2.08 280.52   2.73  15.08
 2460143.5  10.09  -0.5   2.7  5.54  5.54 0.811  51.5  1.05 156.51 248.96   5.41 197.66   0.01   2.17 281.52   2.76  15.82
 2460144.5   9.99  -0.5   2.8  5.60  5.60 0.797  53.6  1.14 160.33 253.35   5.50 199.97   0.01   2.25 282.47   2.79  16.53
 2460145.5   9.88  -0.4   2.8  5.66  5.66 0.783  55.6  1.23 164.06 257.78   5.60 202.39   0.01   2.33 283.37   2.82  17.21
 2460146.5   9.78  -0.4   2.9  5.72  5.72 0.769  57.5  1.32 167.68 262.23   5.70 204.90   0.01   2.41 284.22   2.85  17.86
 2460147.5   9.67  -0.3   2.9  5.79  5.79 0.755  59.4  1.42 171.22 266.71   5.80 207.50   0.01   2.49 285.04   2.88  18.47
 2460148.5   9.56  -0.3   3.0  5.85  5.85 0.741  61.2  1.52 174.67 271.23   5.90 210.19   0.00   2.57 285.82   2.91  19.07
 2460149.5   9.45  -0.2   3.0  5.92  5.92 0.727  63.0  1.62 178.05 275.77   6.00 212.96   0.00   2.64 286.56   2.95  19.63
 2460150.5   9.33  -0.2   3.1  6.00  6.00 0.714  64.7  1.72 181.35 280.35   6.10 215.79   0.00   2.71 287.27   2.98  20.17
 2460151.5   9.22  -0.2   3.1  6.07  6.07 0.700  66.4  1.82 184.59 284.95   6.20 218.70   0.00   2.78 287.95   3.02  20.68
 2460152.5   9.10  -0.1   3.2  6.15  6.15 0.687  68.1  1.93 187.76 289.59   6.31 221.66   0.00   2.85 288.60   3.06  21.16
 2460153.5   8.98  -0.1   3.2  6.23  6.23 0.673  69.7  2.03 190.88 294.26   6.42 224.68  -0.01   2.92 289.23   3.09  21.62
 2460154.5   8.87  -0.1   3.2  6.31  6.31 0.660  71.3  2.15 193.94 298.96   6.53 227.76  -0.01   2.99 289.83   3.13  22.06
 2460155.5   8.75   0.0   3.3  6.39  6.39 0.647  72.9  2.26 196.96 303.69   6.64 230.88  -0.01   3.06 290.42   3.18  22.47
 2460156.5   8.63   0.0   3.3  6.48  6.48 0.633  74.5  2.38 199.94 308.45   6.75 234.04  -0.01   3.12 290.98   3.22  22.87
 2460157.5   8.51   0.0   3.3  6.57  6.57 0.620  76.1  2.50 202.87 313.25   6.87 237.24  -0.01   3.19 291.52   3.26  23.24
 2460158.5   8.39   0.1   3.4  6.67  6.67 0.606  77.7  2.62 205.78 318.08   6.98 240.48  -0.02   3.26 292.04   3.31  23.59
 2460159.5   8.27   0.1   3.4  6.76  6.76 0.593  79.3  2.75 208.65 322.95   7.10 243.75  -0.02   3.32 292.55   3.36  23.92
 2460160.5   8.15   0.1   3.4  6.86  6.86 0.579  80.9  2.89 211.49 327.85   7.22 247.04  -0.02   3.39 293.05   3.41  24.23
 2460161.5   8.03   0.1   3.5  6.97  6.97 0.565  82.5  3.03 214.32 332.79   7.35 250.36  -0.02   3.45 293.53   3.46  24.52
 2460162.5   7.91   0.2   3.5  7.07  7.07 0.551  84.1  3.18 217.12 337.77   7.47 253.69  -0.02   3.52 294.00   3.51  24.80
 2460163.5   7.79   0.2   3.5  7.18  7.18 0.537  85.8  3.33 219.91 342.78   7.59 257.05  -0.02   3.58 294.47   3.56  25.05
 2460164.5   7.67   0.2   3.6  7.30  7.30 0.522  87.5  3.49 222.68 347.84   7.72 260.41  -0.02   3.65 294.92   3.62  25.29
 2460165.5   7.54   0.2   3.6  7.42  7.42 0.507  89.2  3.65 225.44 352.94   7.85 263.79  -0.02   3.71 295.37   3.67  25.52
 2460166.5   7.42   0.3   3.6  7.54  7.54 0.492  90.9  3.83 228.20 358.09   7.98 267.17  -0.03  -3.77 295.82   3.73  25.72
 2460167.5   7.30   0.3   3.6  7.66  7.66 0.476  92.7  4.01 230.96   3.28   8.12 270.55  -0.03  -3.83 296.27   3.79  25.91
 2460168.5   7.18   0.3   3.7  7.79  7.79 0.460  94.6  4.20 233.72   8.52   8.25 273.93  -0.03  -3.88 296.72   3.86  26.09
 2460169.5   7.06   0.4   3.7  7.92  7.92 0.444  96.4  4.41 236.48  13.81   8.39 277.31  -0.03  -3.94 297.18   3.92  26.25
 2460170.5   6.94   0.4   3.7  8.06  8.06 0.427  98.4  4.62 239.25  19.16   8.53 280.68  -0.03  -3.99 297.64   3.99  26.40
 2460171.5   6.82   0.4   3.8  8.20  8.20 0.410 100.4  4.84 242.02  24.57   8.67 284.04  -0.03  -4.03 298.11   4.05  26.53
 2460172.5   6.70   0.5   3.8  8.35  8.35 0.392 102.5  5.08 244.82  30.04   8.81 287.38  -0.03  -4.07 298.59   4.12  26.65
 2460173.5   6.59   0.5   3.9  8.49  8.49 0.373 104.7  5.32 247.63  35.57   8.95 290.71  -0.03  -4.11 299.09   4.20  26.76
 2460174.5   6.47   0.6   3.9  8.65  8.65 0.354 106.9  5.58 250.46  41.17   9.10 294.02  -0.03  -4.14 299.61   4.27  26.85
 2460175.5   6.36   0.7   3.9  8.80  8.80 0.335 109.3  5.85 253.31  46.85   9.24 297.30  -0.03  -4.15 300.16   4.34  26.93
 2460176.5   6.25   0.8   4.0  8.96  8.96 0.315 111.7  6.14 256.20  52.60   9.38 300.55  -0.03  -4.16 300.73   4.42  26.99
 2460177.5   6.14   0.8   4.1  9.12  9.12 0.294 114.3  6.43 259.12  58.43   9.52 303.77  -0.03  -4.15 301.35   4.50  27.04
 2460178.5   6.03   0.9   4.1  9.28  9.28 0.273 117.0  6.74 262.07  64.35   9.66 306.96  -0.03  -4.13 302.01   4.57  27.08
 2460179.5   5.93   1.1   4.2  9.44  9.44 0.252 119.8  7.06 265.06  70.35   9.80 310.10  -0.03  -4.10 302.73   4.65  27.10
 2460180.5   5.83   1.2   4.3  9.60  9.60 0.230 122.7  7.39 268.10  76.45   9.93 313.20  -0.04  -4.04 303.52   4.73  27.11
 2460181.5   5.74   1.4   4.3  9.76  9.76 0.208 125.8  7.73 271.19  82.64  10.06 316.26  -0.04  -3.96 304.39   4.80  27.10
 2460182.5   5.65   1.5   4.4  9.91  9.91 0.186 129.0  8.07 274.33  88.94  10.17 319.25  -0.03  -3.85 305.37   4.88  27.08
 2460183.5   5.56   1.7   4.5 10.06 10.06 0.164 132.3  8.41 277.53  95.33  10.28 322.19  -0.03  -3.72 306.48   4.95  27.03
 2460184.5   5.49   2.0   4.6 10.20 10.20 0.142 135.8  8.75 280.79 101.83  10.37 325.06  -0.03  -3.56 307.76   5.02  26.97
 2460185.5   5.42   2.2   4.7 10.33 10.33 0.120 139.4  9.08 284.12 108.43  10.45 327.87  -0.03  -3.36 309.28   5.08  26.89
 2460186.5   5.36   2.5   4.9 10.44 10.44 0.100 143.2  9.40 287.53 115.13  10.51 330.60  -0.03  -3.13 311.10   5.13  26.79
 2460187.5   5.31   2.9   5.0 10.54 10.54 0.080 147.1  9.70 291.02 121.92  10.55 333.25  -0.03  -2.86 313.36   5.18  26.68
 2460188.5   5.27   3.3   5.1 10.62 10.62 0.062 151.2  9.96 294.59 128.81  10.56 335.81  -0.03  -2.56 316.26   5.22  26.54
 2460189.5   5.24   3.7   5.2 10.68 10.68 0.046 155.3 10.19 298.26 135.77  10.55 338.28  -0.03  -2.23 320.15   5.25  26.38
 2460190.5   5.23   4.2   5.3 10.71 10.71 0.032 159.4 10.37 302.03 142.80  10.51 340.65  -0.03  -1.88 325.66   5.26  26.20
 2460191.5   5.22   4.6   5.3 10.71 10.71 0.021 163.4 10.49 305.90 149.88  10.44 342.92  -0.03  -1.53 333.99   5.27  26.01
 2460192.5   5.24   5.1   5.2 10.69 10.69 0.013 166.9 10.55 309.89 157.00  10.34 345.07  -0.03  -1.21 347.44   5.26  25.81
 2460193.5   5.26   5.4   5.1 10.63 10.63 0.009 169.4 10.54 314.00 164.14  10.20 347.10  -0.03  -0.98   9.29   5.23  25.59
 2460194.5   5.31  99.0  99.0 10.54 10.54 0.008 169.7 10.46 318.23 171.27  10.03 349.00  -0.02  -0.94  38.21   5.19  25.38
 2460195.5   5.37   5.1   5.1 10.42 10.42 0.012 167.6 10.30 322.60 178.37   9.84 350.77  -0.02  -1.12  63.21   5.13  25.16
 2460196.5   5.45   4.6   5.1 10.28 10.28 0.020 163.9 10.07 327.11 185.42   9.61 352.40  -0.02  -1.43  79.18   5.07  24.96
 2460197.5   5.54   4.0   5.1 10.10 10.10 0.032 159.3  9.78 331.76 192.40   9.36 353.88  -0.02  -1.78  88.91   4.98  24.77
 2460198.5   5.65   3.5   4.9  9.90  9.90 0.049 154.4  9.41 336.57 199.28   9.08 355.22  -0.01  -2.14  95.15   4.89  24.59
 2460199.5   5.78   2.9   4.7  9.68  9.68 0.071 149.2  9.00 341.53 206.06   8.79 356.39  -0.01  -2.48  99.44   4.78  24.45
 2460200.5   5.92   2.4   4.4  9.45  9.45 0.096 143.8  8.54 346.65 212.71   8.49 357.41  -0.01  -2.79 102.57   4.67  24.34
 2460201.5   6.08   1.9   4.2  9.20  9.20 0.126 138.4  8.04 351.93 219.22   8.18 358.27   0.00  -3.06 104.95   4.55  24.26
 2460202.5   6.25   1.5   4.0  8.95  8.95 0.160 132.9  7.52 357.37 225.58   7.86 358.97   0.00  -3.28 106.85   4.43  24.22
 2460203.5   6.44   1.1   3.7  8.69  8.69 0.197 127.3  6.98   2.96 231.79   7.55 359.52   0.00  -3.45 108.41   4.31  24.22
 2460204.5   6.64   0.7   3.5  8.43  8.43 0.237 121.8  6.43   8.70 237.83   7.23 359.92   0.01  -3.58 109.74   4.18  24.26
 2460205.5   6.85   0.4   3.3  8.17  8.17 0.279 116.2  5.89  14.58 243.72   6.92   0.18   0.01  -3.66 110.89   4.06  24.34
 2460206.5   7.07   0.2   3.2  7.92  7.92 0.323 110.7  5.36  20.59 249.46   6.62   0.31   0.01  -3.70 111.93   3.93  24.46
 2460207.5   7.29  -0.1   3.0  7.67  7.67 0.369 105.2  4.84  26.70 255.03   6.33   0.33   0.02  -3.70 112.87   3.81  24.61
 2460208.5   7.52  -0.3   2.9  7.44  7.44 0.415  99.7  4.35  32.91 260.47   6.05   0.26   0.02  -3.67 113.73   3.70  24.80
 2460209.5   7.75  -0.4   2.8  7.22  7.22 0.462  94.3  3.88  39.19 265.76   5.79   0.12   0.02  -3.60 114.55   3.59  25.01
 2460210.5   7.99  -0.6   2.7  7.00  7.00 0.509  89.0  3.44  45.51 270.92   5.53 359.94   0.03   3.50 115.31   3.49  25.24
 2460211.5   8.23  -0.7   2.6  6.80  6.80 0.554  83.8  3.03  51.86 275.97   5.29 359.73   0.03   3.38 116.05   3.39  25.50
 2460212.5   8.46  -0.8   2.5  6.61  6.61 0.598  78.7  2.66  58.20 280.90   5.06 359.53   0.03   3.24 116.75   3.29  25.76
 2460213.5   8.69  -0.8   2.5  6.44  6.44 0.641  73.7  2.31  64.50 285.74   4.85 359.37   0.03   3.09 117.42   3.21  26.03
 2460214.5   8.92  -0.9   2.4  6.28  6.28 0.681  68.8  2.00  70.75 290.49   4.65 359.26   0.03   2.93 118.07   3.13  26.31
 2460215.5   9.14  -0.9   2.4  6.12  6.12 0.718  64.1  1.73  76.92 295.17   4.45 359.23   0.03   2.76 118.70   3.05  26.58
 2460216.5   9.35  -1.0   2.3  5.99  5.99 0.753  59.6  1.48  82.98 299.78   4.27 359.30   0.03   2.58 119.31   2.98  26.84
 2460217.5   9.55  -1.0   2.3  5.86  5.86 0.785  55.3  1.26  88.93 304.33   4.10 359.50   0.04   2.41 119.90   2.92  27.10
 2460218.5   9.75  -1.0   2.3  5.74  5.74 0.814  51.1  1.07  94.74 308.83   3.94 359.82   0.03   2.23 120.48   2.86  27.34
 2460219.5   9.94  -1.1   2.2  5.63  5.63 0.840  47.1  0.90 100.41 313.30   3.79   0.29   0.03   2.06 121.04   2.81  27.56
 2460220.5  10.12  -1.1   2.2  5.53  5.53 0.864  43.3  0.75 105.93 317.74   3.64   0.91   0.03   1.90 121.59   2.76  27.77
 2460221.5  10.28  -1.1   2.2  5.44  5.44 0.885  39.7  0.63 111.29 322.15   3.51   1.69   0.03   1.74 122.14   2.72  27.95
 2460222.5  10.44  -1.1   2.1  5.36  5.36 0.903  36.2  0.52 116.49 326.54   3.38   2.63   0.03   1.58 122.68   2.67  28.11
 2460223.5  10.59  -1.1   2.1  5.28  5.28 0.920  32.9  0.42 121.54 330.92   3.25   3.72   0.03   1.44 123.23   2.64  28.25
 2460224.5  10.73  -1.2   2.1  5.21  5.21 0.934  29.8  0.35 126.42 335.30   3.13   4.97   0.03   1.30 123.79   2.60  28.37
 2460225.5  10.86  -1.2   2.0  5.15  5.15 0.946  26.9  0.28 131.16 339.66   3.02   6.38   0.03   1.16 124.37   2.57  28.46
 2460226.5  10.99  -1.2   2.0  5.09  5.09 0.957  24.1  0.22 135.74 344.03   2.90   7.94   0.02   1.04 124.99   2.54  28.53
 2460227.5  11.10  -1.3   2.0  5.04  5.04 0.966  21.4  0.17 140.18 348.40   2.80   9.63   0.02   0.92 125.67   2.52  28.58
 2460228.5  11.20  -1.3   1.9  4.99  4.99 0.973  18.9  0.13 144.48 352.77   2.69  11.47   0.02   0.81 126.44   2.49  28.60
 2460229.5  11.30  -1.3   1.9  4.95  4.95 0.979  16.5  0.10 148.66 357.14   2.59  13.43   0.02   0.70 127.32   2.47  28.59
 2460230.5  11.39  -1.4   1.8  4.91  4.91 0.985  14.2  0.08 152.71   1.52   2.49  15.52   0.02   0.60 128.40   2.45  28.56
 2460231.5  11.47  -1.4   1.8  4.88  4.88 0.989  12.0  0.05 156.64   5.91   2.40  17.73   0.01   0.51 129.75   2.44  28.51
 2460232.5  11.54  -1.4   1.7  4.85  4.85 0.992  10.0  0.04 160.47  10.31   2.30  20.04   0.01   0.42 131.56   2.42  28.44
 2460233.5  11.61  -1.5   1.7  4.82  4.82 0.995   8.1  0.02 164.19  14.71   2.21  22.46   0.01   0.34 134.11   2.41  28.34
 2460234.5  11.67  -1.5   1.6  4.80  4.80 0.997   6.2  0.01 167.81  19.13   2.12  24.98   0.01   0.26 138.02   2.40  28.22
 2460235.5  11.72  -1.6   1.6  4.77  4.77 0.998   4.5  0.01 171.34  23.55   2.03  27.58   0.01   0.19 144.74   2.39  28.07
 2460236.5  11.77  -1.6   1.5  4.75  4.75 0.999   3.0  0.00 174.79  27.99   1.95  30.27   0.00   0.12 158.27   2.38  27.91
 2460237.5  11.81  99.0  99.0  4.74  4.74 1.000   2.0  0.00 178.17  32.43   1.86  33.04   0.00   0.08 189.68   2.37  27.72
 2460238.5  11.84  99.0  99.0  4.72  4.72 1.000   2.0  0.00 181.47  36.89   1.77  35.88   0.00   0.08 237.23   2.36  27.51
 2460239.5  11.87  -1.5   1.6  4.71  4.71 0.999   3.1  0.00 184.70  41.35   1.69  38.78   0.00   0.13 263.99   2.36  27.28
 2460240.5  11.90  -1.4   1.7  4.70  4.70 0.999   4.4  0.01 187.87  45.83   1.60  41.75   0.00   0.18 275.56   2.35  27.03
 2460241.5  11.91  -1.3   1.8  4.70  4.70 0.997   5.8  0.01 190.99  50.32   1.52  44.77  -0.01   0.24 281.42   2.35  26.76
 2460242.5  11.93  -1.2   1.8  4.69  4.69 0.996   7.1  0.02 194.05  54.81   1.44  47.85  -0.01   0.29 284.81   2.35  26.47
 2460243.5  11.93  -1.2   1.9  4.69  4.69 0.995   8.5  0.03 197.07  59.32   1.35  50.97  -0.01   0.34 286.95   2.34  26.17
 2460244.5  11.94  -1.1   2.0  4.69  4.69 0.993   9.8  0.03 200.04  63.83   1.27  54.13  -0.01   0.40 288.37   2.34  25.84
 2460245.5  11.93  -1.0   2.0  4.69  4.69 0.991  11.1  0.04 202.98  68.36   1.19  57.34  -0.01   0.45 289.34   2.34  25.49
 2460246.5  11.93  -1.0   2.1  4.69  4.69 0.988  12.4  0.05 205.88  72.89   1.11  60.57  -0.02   0.50 290.00   2.35  25.12
 2460247.5  11.92  -0.9   2.2  4.70  4.70 0.986  13.6  0.07 208.75  77.43   1.02  63.84  -0.02   0.55 290.44   2.35  24.74
 2460248.5  11.90  -0.9   2.2  4.70  4.70 0.983  14.9  0.08 211.59  81.98   0.94  67.13  -0.02   0.60 290.72   2.35  24.34
 2460249.5  11.88  -0.8   2.3  4.71  4.71 0.980  16.1  0.09 214.42  86.54   0.86  70.45  -0.02   0.65 290.88   2.35  23.92
 2460250.5  11.85  -0.8   2.3  4.72  4.72 0.977  17.3  0.11 217.22  91.10   0.77  73.79  -0.02   0.70 290.93   2.36  23.48
 2460251.5  11.82  -0.7   2.4  4.73  4.73 0.974  18.6  0.12 220.00  95.67   0.69  77.14  -0.02   0.75 290.90   2.37  23.03
 2460252.5  11.79  -0.7   2.4  4.75  4.75 0.971  19.8  0.14 222.78 100.25   0.61  80.51  -0.02   0.80 290.79   2.37  22.56
 2460253.5  11.75  -0.6   2.4  4.76  4.76 0.967  21.0  0.16 225.54 104.84   0.52  83.88  -0.03   0.85 290.63   2.38  22.07
 2460254.5  11.71  -0.6   2.5  4.78  4.78 0.963  22.2  0.18 228.30 109.44   0.44  87.26  -0.03   0.90 290.42   2.39  21.57
 2460255.5  11.66  -0.6   2.5  4.80  4.80 0.959  23.4  0.20 231.06 114.04   0.35  90.64  -0.03   0.95 290.16   2.40  21.05
 2460256.5  11.61  -0.6   2.5  4.82  4.82 0.955  24.6  0.22 233.81 118.64   0.27  94.02  -0.03   1.00 289.86   2.41  20.51
 2460257.5  11.55  -0.5   2.6  4.84  4.84 0.950  25.9  0.24 236.57 123.26   0.18  97.40  -0.03   1.06 289.52   2.42  19.96
 2460258.5  11.49  -0.5   2.6  4.87  4.87 0.945  27.1  0.27 239.34 127.88   0.09 100.77  -0.03   1.11 289.15   2.43  19.40
 2460259.5  11.43  -0.5   2.6  4.90  4.90 0.940  28.4  0.29 242.12 132.50   0.01 104.13  -0.03   1.16 288.75   2.45  18.82
 2460260.5  11.36  -0.5   2.7  4.93  4.93 0.934  29.7  0.32 244.92 137.14  -0.08 107.47  -0.03   1.22 288.31  -2.46  18.23
 2460261.5  11.28  -0.5   2.7  4.96  4.96 0.929  31.0  0.35 247.73 141.78  -0.17 110.80  -0.03   1.28 287.85  -2.48  17.62
 2460262.5  11.20  -0.4   2.7  5.00  5.00 0.923  32.3  0.39 250.56 146.43  -0.27 114.11  -0.03   1.34 287.37  -2.50  17.01
 2460263.5  11.12  -0.4   2.7  5.03  5.03 0.916  33.7  0.42 253.42 151.08  -0.36 117.39  -0.03   1.40 286.86  -2.52  16.38
 2460264.5  11.03  -0.4   2.7  5.07  5.07 0.909  35.1  0.46 256.30 155.74  -0.45 120.64  -0.03   1.46 286.33  -2.54  15.74
 2460265.5  10.93  -0.4   2.8  5.12  5.12 0.902  36.6  0.50 259.22 160.41  -0.55 123.86  -0.03   1.52 285.77  -2.56  15.09
 2460266.5  10.84  -0.4   2.8  5.16  5.16 0.894  38.0  0.55 262.17 165.09  -0.65 127.05  -0.03   1.59 285.20  -2.58  14.43
 2460267.5  10.73  -0.4   2.8  5.21  5.21 0.885  39.6  0.60 265.17 169.77  -0.75 130.19  -0.03   1.66 284.61  -2.61  13.76
 2460268.5  10.62  -0.4   2.8  5.27  5.27 0.876  41.2  0.65 268.21 174.47  -0.85 133.29  -0.04   1.73 284.01  -2.63  13.09
 2460269.5  10.51  -0.4   2.8  5.32  5.32 0.867  42.9  0.71 271.30 179.17  -0.96 136.34  -0.04   1.81 283.39  -2.66  12.41
 2460270.5  10.39  -0.4   2.8  5.39  5.39 0.856  44.6  0.77 274.44 183.89  -1.06 139.33  -0.03   1.89 282.75  -2.69  11.72
 2460271.5  10.27  -0.4   2.8  5.45  5.45 0.845  46.4  0.84 277.65 188.62  -1.17 142.27  -0.03   1.97 282.11  -2.72  11.04
 2460272.5  10.14  -0.4   2.8  5.52  5.52 0.833  48.2  0.92 280.91 193.37  -1.28 145.14  -0.03   2.06 281.45  -2.76  10.35
 2460273.5  10.00  -0.4   2.8  5.59  5.59 0.820  50.2  1.01 284.25 198.13  -1.40 147.95  -0.03   2.15 280.78  -2.80   9.66
 2460274.5   9.86  -0.4   2.8  5.67  5.67 0.806  52.3  1.10 287.66 202.91  -1.52 150.67  -0.03   2.24 280.10  -2.84   8.97
 2460275.5   9.71  -0.4   2.8  5.76  5.76 0.791  54.4  1.20 291.15 207.71  -1.64 153.32  -0.03   2.34 279.42  -2.88   8.29
 2460276.5   9.56  -0.4   2.9  5.85  5.85 0.775  56.7  1.32 294.73 212.54  -1.77 155.88  -0.03   2.44 278.74  -2.92   7.61
 2460277.5   9.40  -0.5   2.9  5.95  5.95 0.757  59.1  1.45 298.40 217.39  -1.90 158.35  -0.03   2.55 278.05  -2.97   6.94
 2460278.5   9.24  -0.5   2.9  6.05  6.05 0.738  61.6  1.59 302.18 222.27  -2.04 160.72  -0.03   2.66 277.36  -3.03   6.29
 2460279.5   9.07  -0.5   2.9  6.17  6.17 0.717  64.2  1.74 306.06 227.19  -2.18 162.98  -0.03   2.78 276.67  -3.08   5.65
 2460280.5   8.90  -0.5   2.9  6.29  6.29 0.695  67.1  1.92 310.05 232.15  -2.33 165.13  -0.03   2.89 275.98  -3.14   5.03
 2460281.5   8.72  -0.5   2.9  6.42  6.42 0.671  70.0  2.11 314.16 237.16  -2.49 167.15  -0.03   3.01 275.30  -3.20   4.43
 2460282.5   8.54  -0.5   2.9  6.55  6.55 0.645  73.2  2.33 318.40 242.22  -2.65 169.05  -0.02   3.14 274.63  -3.27   3.85
 2460283.5   8.35  -0.5   2.9  6.70  6.70 0.616  76.5  2.57 322.78 247.34  -2.82 170.82  -0.02   3.26 273.97  -3.35   3.31
 2460284.5   8.16  -0.4   2.9  6.86  6.86 0.586  80.1  2.84 327.29 252.53  -3.00 172.44  -0.02   3.38 273.31  -3.42   2.81
 2460285.5   7.96  -0.4   2.9  7.03  7.03 0.553  83.9  3.14 331.95 257.80  -3.19 173.92  -0.02   3.49 272.67  -3.51   2.35
 2460286.5   7.76  -0.4   2.9  7.21  7.21 0.518  87.9  3.47 336.76 263.17  -3.38 175.25  -0.01   3.60 272.05  -3.60   1.94
 2460287.5   7.56  -0.3   3.0  7.40  7.40 0.481  92.2  3.84 341.73 268.63  -3.59 176.43  -0.01  -3.70 271.43  -3.69   1.58
 2460288.5   7.36  -0.2   3.0  7.60  7.60 0.441  96.8  4.25 346.86 274.22  -3.81 177.44  -0.01  -3.77 270.82  -3.79   1.28
 2460289.5   7.16  -0.1   3.1  7.81  7.81 0.399 101.6  4.69 352.14 279.94  -4.04 178.30   0.00  -3.83 270.22  -3.90   1.06
 2460290.5   6.97   0.0   3.2  8.03  8.03 0.356 106.8  5.17 357.59 285.80  -4.28 178.99   0.00  -3.85 269.62  -4.00   0.91
 2460291.5   6.77   0.2   3.3  8.26  8.26 0.311 112.2  5.69   3.18 291.82  -4.53 179.54   0.00  -3.82 269.00  -4.12   0.85
 2460292.5   6.59   0.5   3.4  8.49  8.49 0.265 118.0  6.24   8.93 298.02  -4.78 179.93   0.01  -3.75 268.34  -4.23   0.88
 2460293.5   6.41   0.8   3.6  8.73  8.73 0.220 124.1  6.81  14.81 304.40  -5.05 180.19   0.01  -3.62 267.59  -4.35   1.00
 2460294.5   6.24   1.2   3.8  8.96  8.96 0.176 130.5  7.39  20.83 310.97  -5.31 180.32   0.01  -3.41 266.69  -4.46   1.23
 2460295.5   6.09   1.6   4.0  9.19  9.19 0.134 137.1  7.96  26.95 317.74  -5.58 180.34   0.02  -3.13 265.53  -4.57   1.55
 2460296.5   5.96   2.2   4.3  9.39  9.39 0.095 144.0  8.50  33.16 324.71  -5.84 180.26   0.02  -2.76 263.90  -4.67   1.97
 2460297.5   5.84   2.9   4.5  9.58  9.58 0.062 151.1  8.98  39.44 331.85  -6.10 180.12   0.02  -2.31 261.36  -4.76   2.48
 2460298.5   5.75   3.7   4.7  9.73  9.73 0.035 158.3  9.39  45.77 339.14  -6.33 179.93   0.03  -1.80 256.94  -4.84   3.07
 2460299.5   5.68   4.6   4.8  9.85  9.85 0.016 165.3  9.69  52.11 346.56  -6.54 179.73   0.03  -1.25 247.85  -4.89   3.72
 2460300.5   5.64  99.0  99.0  9.92  9.92 0.006 171.4  9.86  58.45 354.06  -6.73 179.53   0.03  -0.75 223.77  -4.93   4.41
 2460301.5   5.62  99.0  99.0  9.95  9.95 0.004 172.8  9.91  64.76   1.61  -6.88 179.36   0.03  -0.62 166.94  -4.94   5.12
 2460302.5   5.63   4.9   4.7  9.93  9.93 0.011 167.9  9.82  71.00   9.14  -7.00 179.26   0.03  -1.04 130.67  -4.93   5.81
 2460303.5   5.67   4.1   4.8  9.87  9.87 0.026 161.3  9.61  77.17  16.63  -7.09 179.23   0.03  -1.58 117.89  -4.90   6.48
 2460304.5   5.73   3.3   4.7  9.76  9.76 0.049 154.4  9.28  83.23  24.01  -7.14 179.31   0.03  -2.11 112.14  -4.84   7.10
 2460305.5   5.81   2.6   4.5  9.63  9.63 0.078 147.5  8.87  89.17  31.27  -7.16 179.51   0.04  -2.58 108.97  -4.78   7.65
 2460306.5   5.91   2.0   4.2  9.46  9.46 0.112 140.9  8.40  94.98  38.37  -7.16 179.83   0.03  -2.98 106.95  -4.69   8.12
 2460307.5   6.03   1.5   4.0  9.27  9.27 0.149 134.6  7.89 100.65  45.31  -7.13 180.31   0.03  -3.30 105.53  -4.60   8.51
 2460308.5   6.17   1.1   3.8  9.07  9.07 0.189 128.5  7.36 106.16  52.06  -7.08 180.94   0.03  -3.55 104.44  -4.50   8.81
 2460309.5   6.31   0.8   3.7  8.87  8.87 0.229 122.8  6.83 111.51  58.64  -7.02 181.72   0.03  -3.73 103.54  -4.40   9.02
 2460310.5   6.47   0.5   3.5  8.65  8.65 0.270 117.4  6.32 116.71  65.03  -6.96 182.66   0.03  -3.84 102.74  -4.29   9.15
 2460311.5   6.63   0.3   3.4  8.44  8.44 0.310 112.3  5.82 121.75  71.26  -6.88 183.76   0.03  -3.90 102.01  -4.19   9.20
 2460312.5   6.80   0.2   3.3  8.23  8.23 0.349 107.6  5.36 126.63  77.34  -6.80 185.02   0.03  -3.92 101.30  -4.09   9.17
 2460313.5   6.97   0.0   3.3  8.03  8.03 0.387 103.1  4.92 131.36  83.27  -6.72 186.43   0.03  -3.91 100.62  -3.99   9.08
 2460314.5   7.14   0.0   3.2  7.84  7.84 0.423  98.9  4.52 135.93  89.06  -6.64 187.99   0.02  -3.87  99.93  -3.89   8.92
 2460315.5   7.32  -0.1   3.2  7.65  7.65 0.457  94.9  4.15 140.37  94.74  -6.56 189.69   0.02  -3.81  99.24  -3.80   8.70
 2460316.5   7.49  -0.2   3.2  7.47  7.47 0.489  91.2  3.81 144.67 100.31  -6.48 191.53   0.02  -3.73  98.54  -3.71   8.42
 2460317.5   7.66  -0.2   3.1  7.30  7.30 0.520  87.7  3.51 148.84 105.78  -6.41 193.50   0.02   3.65  97.83  -3.63   8.10
 2460318.5   7.83  -0.2   3.1  7.14  7.14 0.548  84.5  3.23 152.89 111.16  -6.33 195.59   0.02   3.55  97.10  -3.55   7.73
 2460319.5   8.00  -0.3   3.1  6.99  6.99 0.575  81.4  2.97 156.81 116.47  -6.26 197.80   0.01   3.46  96.36  -3.48   7.33
 2460320.5   8.17  -0.3   3.1  6.85  6.85 0.600  78.5  2.74 160.63 121.70  -6.20 200.12   0.01   3.36  95.60  -3.41   6.88
 2460321.5   8.33  -0.3   3.1  6.72  6.72 0.623  75.7  2.53 164.35 126.88  -6.14 202.54   0.01   3.26  94.83  -3.34   6.40
 2460322.5   8.49  -0.3   3.1  6.59  6.59 0.645  73.2  2.34 167.97 132.00  -6.08 205.06   0.01   3.15  94.04  -3.28   5.90
 2460323.5   8.64  -0.3   3.1  6.47  6.47 0.665  70.7  2.17 171.50 137.07  -6.02 207.67   0.01   3.05  93.24  -3.22   5.36
 2460324.5   8.80  -0.3   3.1  6.36  6.36 0.684  68.4  2.01 174.95 142.09  -5.97 210.36   0.00   2.96  92.42  -3.16   4.80
 2460325.5   8.94  -0.3   3.1  6.26  6.26 0.702  66.2  1.87 178.32 147.08  -5.91 213.13   0.00   2.86  91.59  -3.11   4.21
 2460326.5   9.09  -0.3   3.1  6.16  6.16 0.719  64.1  1.73 181.62 152.03  -5.87 215.97   0.00   2.77  90.74  -3.06   3.60
 2460327.5   9.22  -0.3   3.1  6.07  6.07 0.734  62.1  1.61 184.85 156.95  -5.82 218.88   0.00   2.68  89.89  -3.02   2.98
 2460328.5   9.36  -0.3   3.1  5.98  5.98 0.749  60.2  1.50 188.02 161.83  -5.78 221.85   0.00   2.59  89.02  -2.97   2.33
 2460329.5   9.49  -0.2   3.0  5.90  5.90 0.762  58.3  1.40 191.13 166.70  -5.73 224.87  -0.01   2.51  88.13  -2.93   1.67
