 2461040.5   6.250698740659   6.256547428503  -0.262016987848  -0.259515084461  1.970445  9.8 2461041.21781423      99.00000000
 2461041.5   6.258572419123   6.264415843609  -0.258213413124  -0.255710369797  1.980378  9.8 2461042.21633402      99.00000000
 2461042.5   6.266475359282   6.272313943032  -0.254389178919  -0.251885045036  1.990296  9.8 2461043.21485845      99.00000000
 2461043.5   6.274406379300   6.280240390874  -0.250544960786  -0.248039857135  2.000198  9.8 2461044.21338723      99.00000000
 2461044.5   6.282365327432   0.005009534138  -0.246681249145  -0.244175378108  2.010085  9.8 2461045.21192045      99.00000000
 2461045.5   0.007165873252   0.012990801791  -0.242798662986  -0.240292290885  2.019958  9.8 2461046.21045786      99.00000000
 2461046.5   0.015178608676   0.020998784271  -0.238897651645  -0.236391072814  2.029814  9.8 2461047.20899954      99.00000000
 2461047.5   0.023217319108   0.029032586973  -0.234978817097  -0.232472316970  2.039655  9.8 2461048.20754527      99.00000000
 2461048.5   0.031282052009   0.037092336883  -0.231042608307  -0.228536438305  2.049481  9.8 2461049.20609515      99.00000000
 2461049.5   0.039371954491   0.045177291288  -0.227089643473  -0.224584011127  2.059290  9.8 2461050.20464895      99.00000000
 2461050.5   0.047487093287   0.053287626168  -0.223120392907  -0.220615463809  2.069082  9.8 2461051.20320677      99.00000000
 2461051.5   0.055626634582   0.061422598817  -0.219135501401  -0.216631407520  2.078857  9.8 2461052.20176839      99.00000000
 2461052.5   0.063790643982   0.069582339454  -0.215135462813  -0.212632313221  2.088613  9.9 2461053.20033392      99.00000000
 2461053.5   0.071978296786   0.077766060720  -0.211120946108  -0.208618837706  2.098352  9.9 2461054.19890314      99.00000000
 2461054.5   0.080189653888   0.085973833422  -0.207092464881  -0.204591492838  2.108072  9.9 2461055.19747615      99.00000000
 2461055.5   0.088423897865   0.094204824450  -0.203050708888  -0.200550976381  2.117772  9.9 2461056.19605272      99.00000000
 2461056.5   0.096681082706   0.102459047400  -0.198996209633  -0.196497837348  2.127452  9.9 2461057.19463296      99.00000000
 2461057.5   0.104960393581   0.110735626191  -0.194929677356  -0.192432811691  2.137111  9.9 2461058.19321665      99.00000000
 2461058.5   0.113261870611   0.119034524583  -0.190851662370  -0.188356481801  2.146749  9.9 2461059.19180389      99.00000000
 2461059.5   0.121584692264   0.127354840986  -0.186762896436  -0.184269613591  2.156365  9.9 2461060.19039445      99.00000000
 2461060.5   0.129928875140   0.135696522502  -0.182663948892  -0.180172807383  2.165958  9.9 2461061.18898842      99.00000000
 2461061.5   0.138293582281   0.144058690267  -0.178555571060  -0.176066835355  2.175527  9.9 2461062.18758559      99.00000000
 2461062.5   0.146678801612   0.152441331335  -0.174438346412  -0.171952286256  2.185073  9.9 2461063.18618602      99.00000000
 2461063.5   0.155083680304   0.160843640302  -0.170313037350  -0.167829908264  2.194594  9.9 2461064.18478951      99.00000000
 2461064.5   0.163508183540   0.169265673776  -0.166180229658  -0.163700254446  2.204091  9.9 2461065.18339613      99.00000000
 2461065.5   0.171951454647   0.177706695663  -0.162040681957  -0.159564036652  2.213562  9.9 2461066.18200565      99.00000000
 2461066.5   0.180413454518   0.186166791155  -0.157894965366  -0.155421774848  2.223007 10.0 2461067.18061817      99.00000000
 2461067.5   0.188893346519   0.194645221259  -0.153743816192  -0.151274161220  2.232427 10.0 2461068.17923346      99.00000000
 2461068.5   0.197391116740   0.203142012707  -0.149587771746  -0.147121709364  2.241821 10.0 2461069.17785162      99.00000000
 2461069.5   0.205905982540   0.211656346799  -0.145427527092  -0.142965120318  2.251188 10.0 2461070.17647244      99.00000000
 2461070.5   0.214437992654   0.220188159514  -0.141263568936  -0.138804919947  2.260530 10.0 2461071.17509602      99.00000000
 2461071.5   0.222986455369   0.228736596983  -0.137096538873  -0.134641813550  2.269846 10.0 2461072.17372216      99.00000000
 2461072.5   0.231551513279   0.237301638729  -0.132926868786  -0.130476304018  2.279136 10.0 2461073.17235099      99.00000000
 2461073.5   0.240132583609   0.245882589680  -0.128755153039  -0.126309041640  2.288400 10.0 2461074.17098233      99.00000000
 2461074.5   0.248729902523   0.254479655080  -0.124581786151  -0.122140447041  2.297638 10.0 2461075.16961630      99.00000000
 2461075.5   0.257342975714   0.263092389186  -0.120407341202  -0.117971085638  2.306851 10.0 2461076.16825275      99.00000000
 2461076.5   0.265972096993   0.271721185686  -0.116232204903  -0.113801311932  2.316037 10.0 2461077.16689179      99.00000000
 2461077.5   0.274616816890   0.280365710307  -0.112056956262  -0.109631660754  2.325197 10.0 2461078.16553329      99.00000000
 2461078.5   0.283277444976   0.289026374458  -0.107881994988  -0.105462488679  2.334331 10.0 2461079.16417737      99.00000000
 2461079.5   0.291953542419   0.297702812578  -0.103707918565  -0.101294357643  2.343438 10.0 2461080.16282389      99.00000000
 2461080.5   0.300645411082   0.306395367161  -0.099535145033  -0.097127661742  2.352517 10.0 2461081.16147296      99.00000000
 2461081.5   0.309352608782   0.315103606180  -0.095364290461  -0.092963003971  2.361569 10.0 2461082.16012444      99.00000000
 2461082.5   0.318075422936   0.323827800881  -0.091195788824  -0.088800816320  2.370592 10.0 2461083.15877846      99.00000000
 2461083.5   0.326813404800   0.332567463912  -0.087030271733  -0.084641737628  2.379587 10.0 2461084.15743486      99.00000000
 2461084.5   0.335566825212   0.341322808698  -0.082868187011  -0.080486232661  2.388553 10.1 2461085.15609377      99.00000000
 2461085.5   0.344335225117   0.350093304230  -0.078710181154  -0.076334972830  2.397489 10.1 2461086.15475503      99.00000000
 2461086.5   0.353118852432   0.358879119216  -0.074556716883  -0.072188453320  2.406395 10.1 2461087.15341876      99.00000000
 2461087.5   0.361917227920   0.367679699433  -0.070408457578  -0.068047372954  2.415270 10.1 2461088.15208481      99.00000000
 2461088.5   0.370730564181   0.376495203107  -0.066265882986  -0.063912245088  2.424113 10.1 2461089.15075327      99.00000000
 2461089.5   0.379558348156   0.385325101026  -0.062129673930  -0.059783773045  2.432924 10.1 2461090.14942400      99.00000000
 2461090.5   0.388400745493   0.394169594249  -0.058000324734  -0.055662455578  2.441703 10.1 2461091.14809708      99.00000000
 2461091.5   0.397257202699   0.403028216787  -0.053878526604  -0.051548964047  2.450448 10.1 2461092.14677236      99.00000000
 2461092.5   0.406127840460   0.411901213011  -0.049764776369  -0.047443753812  2.459160 10.1 2461093.14544993      99.00000000
 2461093.5   0.415012076866   0.420788129730  -0.045659758847  -0.043347454028  2.467838 10.1 2461094.14412961      99.00000000
 2461094.5   0.423910009873   0.429689162756  -0.041563953808  -0.039260489843  2.476481 10.1 2461095.14281151      99.00000000
 2461095.5   0.432821058967   0.438603768759  -0.037478019440  -0.035183479359  2.485091 10.1 2461096.14149545      99.00000000
 2461096.5   0.441745333731   0.447532021034  -0.033402400119  -0.031116853877  2.493665 10.1 2461097.14018153      99.00000000
 2461097.5   0.450682289913   0.456473272208  -0.029337712595  -0.027061247041  2.502205 10.1 2461098.13886959      99.00000000
 2461098.5   0.459632081418   0.465427531990  -0.025284355920  -0.023017102436  2.510709 10.1 2461099.13755973      99.00000000
 2461099.5   0.468594227924   0.474394171494  -0.021242900811  -0.018985050584  2.519180 10.1 2461100.13625180      99.00000000
 2461100.5   0.477568948505   0.483373295953  -0.017213702319  -0.014965507555  2.527615 10.1 2461101.13494593      99.00000000
 2461101.5   0.486555838276   0.492364449140  -0.013197292293  -0.010959050458  2.536017 10.1 2461102.13364196      99.00000000
 2461102.5   0.495555182267   0.501367936254  -0.009193994621  -0.006966023556  2.544383 10.1 2461103.13234003      99.00000000
 2461103.5   0.504566640078   0.510383494966  -0.005204319364  -0.002986928561  2.552715 10.1 2461104.13104000      99.00000000
 2461104.5   0.513590541674   0.519411563921  -0.001228578643   0.000977952246  2.561012 10.1 2461105.12974201      99.00000000
 2461105.5   0.522626583020   0.528451947292   0.002732720426   0.004928154159  2.569275 10.1 2461106.12844593      99.00000000
 2461106.5   0.531675108733   0.537505074967   0.006679261461   0.008863403532  2.577502 10.1 2461107.12715189      99.00000000
 2461107.5   0.540735822846   0.546570701472   0.010610528846   0.012783221541  2.585694 10.2 2461108.12585978      99.00000000
 2461108.5   0.549809061820   0.555649178526   0.014526195225   0.016687306082  2.593849 10.2 2461109.12456970      99.00000000
 2461109.5   0.558894521320   0.564740186052   0.018425733995   0.020575144845  2.601969 10.2 2461110.12328155      99.00000000
 2461110.5   0.567992519434   0.573844002775   0.022308807030   0.024446402052  2.610051 10.2 2461111.12199545      99.00000000
 2461111.5   0.577102737465   0.582960252691   0.026174878367   0.028300534818  2.618097 10.2 2461112.12071126      99.00000000
 2461112.5   0.586225471512   0.592089162741   0.030023600687   0.032137178850  2.626105 10.2 2461113.11942912      99.00000000
 2461113.5   0.595360384762   0.601230320060   0.033854429485   0.035955764975  2.634075 10.2 2461114.11814888      99.00000000
 2461114.5   0.604507745813   0.610383918764   0.037667007663   0.039755903289  2.642005 10.2 2461115.11687067      99.00000000
 2461115.5   0.613667190719   0.619549533079   0.041460780391   0.043537002594  2.649896 10.2 2461116.11559435      99.00000000
 2461116.5   0.622838947748   0.628727358914   0.045235378200   0.047298657508  2.657747 10.2 2461117.11432002      99.00000000
 2461117.5   0.632022609493   0.637917002518   0.048990233934   0.051040276059  2.665557 10.2 2461118.11304756      99.00000000
 2461118.5   0.641218346667   0.647118705712   0.052724965888   0.054761471467  2.673326 10.2 2461119.11177704      99.00000000
 2461119.5   0.650425694088   0.656332124990   0.056438999024   0.058461692636  2.681053 10.2 2461120.11050834      99.00000000
 2461120.5   0.659644759075   0.665557511746   0.060131949535   0.062140606076  2.688737 10.2 2461121.10924152      99.00000000
 2461121.5   0.668875025794   0.674794470218   0.063803250754   0.065797711609  2.696378 10.2 2461122.10797644      99.00000000
 2461122.5   0.678116560638   0.684043120139   0.067452537321   0.069432704859  2.703975 10.2 2461123.10671318      99.00000000
 2461123.5   0.687368832574   0.693302895567   0.071079272666   0.073045087239  2.711529 10.2 2461124.10545158      99.00000000
 2461124.5   0.696631909885   0.702573753366   0.074683128691   0.076634533292  2.719038 10.2 2461125.10419172      99.00000000
 2461125.5   0.705905288737   0.711855036034   0.078263611919   0.080200520067  2.726504 10.2 2461126.10293345      99.00000000
 2461126.5   0.715189075156   0.721146697653   0.081820437219   0.083742709715  2.733925 10.2 2461127.10167687      99.00000000
 2461127.5   0.724482817988   0.730448172499   0.085353153240   0.087260591772  2.741303 10.2 2461128.10042183      99.00000000
 2461128.5   0.733786675701   0.739759564463   0.088861511505   0.090753864820  2.748636 10.2 2461129.09916842      99.00000000
 2461129.5   0.743100254575   0.749080489240   0.092345093037   0.094222075787  2.755925 10.2 2461130.09791653      99.00000000
 2461130.5   0.752423762242   0.758411218620   0.095803674120   0.097664989249  2.763169 10.2 2461131.09666626      99.00000000
 2461131.5   0.761756852423   0.767751503732   0.099236855397   0.101082218280  2.770369 10.2 2461132.09541748      99.00000000
 2461132.5   0.771099766824   0.777101692793   0.102644425039   0.104473580664  2.777524 10.2 2461133.09417029      99.00000000
 2461133.5   0.780452187667   0.786461559818   0.106025991329   0.107838725452  2.784635 10.2 2461134.09292459      99.00000000
 2461134.5   0.789814369938   0.795831422010   0.109381343885   0.111177483660  2.791700 10.2 2461135.09168048      99.00000000
 2461135.5   0.799186003479   0.805210994322   0.112710090511   0.114489500054  2.798720 10.2 2461136.09043785      99.00000000
 2461136.5   0.808567337683   0.814600516538   0.116012016642   0.117774586162  2.805694 10.2 2461137.08919678      99.00000000
 2461137.5   0.817958054282   0.823999631664   0.119286726532   0.121032361626  2.812622 10.2 2461138.08795718      99.00000000
 2461138.5   0.827358385270   0.833408513218   0.122534000306   0.124262609284  2.819503 10.2 2461139.08671914      99.00000000
 2461139.5   0.836767995876   0.842826755421   0.125753438922   0.127464923115  2.826337 10.2 2461140.08548254      99.00000000
 2461140.5   0.846187094914   0.852254491729   0.128944817912   0.130639061088  2.833123 10.2 2461141.08424747      99.00000000
 2461141.5   0.855615326253   0.861691292357   0.132107735559   0.133784596509  2.839861 10.2 2461142.08301381      99.00000000
 2461142.5   0.865052870057   0.871137274762   0.135241962674   0.136901267168  2.846550 10.2 2461143.08178165      99.00000000
 2461143.5   0.874499340831   0.880592011924   0.138347093900   0.139988631432  2.853188 10.2 2461144.08055088      99.00000000
 2461144.5   0.883954878341   0.890055638587   0.141422893578   0.143046417346  2.859777 10.2 2461145.07932155      99.00000000
 2461145.5   0.893419051453   0.899527768379   0.144468951017   0.146074188802  2.866314 10.2 2461146.07809356      99.00000000
 2461146.5   0.902891939869   0.909008582756   0.147485023620   0.149071697924  2.872799 10.2 2461147.07686696      99.00000000
 2461147.5   0.912373046826   0.918497729678   0.150470698080   0.152038558097  2.879232 10.2 2461148.07564162      99.00000000
 2461148.5   0.921862377618   0.927995363896   0.153425732509   0.154974584953  2.885611 10.2 2461149.07441759      99.00000000
 2461149.5   0.931359368186   0.937501018108   0.156349724675   0.157879453330  2.891936 10.2 2461150.07319473      99.00000000
 2461150.5   0.940863966397   0.947014638968   0.159242452148   0.160753010037  2.898206 10.2 2461151.07197307      99.00000000
 2461151.5   0.950375577253   0.956535524076   0.162103544561   0.163594923173  2.904422 10.2 2461152.07075246      99.00000000
 2461152.5   0.959894141278   0.966063439169   0.164932817112   0.166405001923  2.910583 10.2 2461153.06953296      99.00000000
 2461153.5   0.969419085412   0.975597628707   0.167729942902   0.169182877479  2.916688 10.2 2461154.06831441      99.00000000
 2461154.5   0.978950387635   0.985137933962   0.170494777843   0.171928343845  2.922737 10.2 2461155.06709686      99.00000000
 2461155.5   0.988487526539   0.994683767998   0.173227034011   0.174641052902  2.928732 10.2 2461156.06588019      99.00000000
 2461156.5   0.998030531172   1.004235166893   0.175926598434   0.177320845183  2.934670 10.2 2461157.06466445      99.00000000
 2461157.5   1.007578932195   1.013791723710   0.178593210436   0.179967436365  2.940552 10.2 2461158.06344952      99.00000000
 2461158.5   1.017132801669   1.023353606289   0.181226776368   0.182580730715  2.946378 10.2 2461159.06223547      99.00000000
 2461159.5   1.026691709660   1.032920489653   0.183827052208   0.185160502772  2.952148 10.2 2461160.06102217      99.00000000
 2461160.5   1.036255756712   1.042492569535   0.186393954530   0.187706700649  2.957862 10.2 2461161.05980969      99.00000000
 2461161.5   1.045824537097   1.052069509851   0.188927248425   0.190219129622  2.963519 10.2 2461162.05859793      99.00000000
 2461162.5   1.055398164685   1.061651460965   0.191426854493   0.192697750254  2.969119 10.2 2461163.05738694      99.00000000
 2461163.5   1.064976243063   1.071238026689   0.193892542098   0.195142368127  2.974662 10.2 2461164.05617661      99.00000000
 2461164.5   1.074558885335   1.080829288522   0.196324232252   0.197552930300  2.980147 10.2 2461165.05496702      99.00000000
 2461165.5   1.084145691482   1.090424789488   0.198721696239   0.199929223827  2.985574 10.2 2461166.05375803      99.00000000
 2461166.5   1.093736762662   1.100024558780   0.201084854192   0.202271171483  2.990942 10.2 2461167.05254973      99.00000000
 2461167.5   1.103331685913   1.109628105014   0.203413478919   0.204578538463  2.996250 10.2 2461168.05134198      99.00000000
 2461168.5   1.112930542906   1.119235434812   0.205707489792   0.206851225308  3.001499 10.2 2461169.05013486      99.00000000
 2461169.5   1.122532901245   1.128846051516   0.207966661480   0.209088980573  3.006687 10.2 2461170.04892824      99.00000000
 2461170.5   1.132138816718   1.138459966995   0.210190912748   0.211291689478  3.011814 10.2 2461171.04772217      99.00000000
 2461171.5   1.141747829689   1.148076706906   0.212380019999   0.213459092872  3.016880 10.2 2461172.04651654      99.00000000
 2461172.5   1.151359959459   1.157696316864   0.214533900950   0.215591073873  3.021882 10.2 2461173.04531140      99.00000000
 2461173.5   1.160974704465   1.167318370443   0.216652333432   0.217687387198  3.026821 10.2 2461174.04410661      99.00000000
 2461174.5   1.170592028642   1.176942955871   0.218735234735   0.219747947044  3.031695 10.2 2461175.04290222      99.00000000
 2461175.5   1.180211367075   1.186569661047   0.220782386979   0.221772564785  3.036505 10.2 2461176.04169808      99.00000000
 2461176.5   1.189832609043   1.196198512848   0.222793713514   0.223761225415  3.041248 10.2 2461177.04049423      99.00000000
 2461177.5   1.199455116440   1.205828935310   0.224769011899   0.225713810128  3.045925 10.2 2461178.03929051      99.00000000
 2461178.5   1.209078711804   1.215460695769   0.226708226866   0.227630339442  3.050535 10.2 2461179.03808694      99.00000000
 2461179.5   1.218702714386   1.225092947138   0.228611188528   0.229510683958  3.055077 10.2 2461180.03688335      99.00000000
 2461180.5   1.228326930739   1.234725279790   0.230477877828   0.231354813284  3.059551 10.2 2461181.03567977      99.00000000
 2461181.5   1.237950697695   1.244356842819   0.232308166015   0.233162546910  3.063956 10.2 2461182.03447604      99.00000000
 2461182.5   1.247573861063   1.253987378053   0.234102070555   0.234933832062  3.068293 10.2 2461183.03327218      99.00000000
 2461183.5   1.257195813880   1.263616268647   0.235859496817   0.236668511992  3.072561 10.2 2461184.03206806      99.00000000
 2461184.5   1.266816459151   1.273243481394   0.237580487345   0.238366587563  3.076759 10.2 2461185.03086371      99.00000000
 2461185.5   1.276435246288   1.282868569279   0.239264969109   0.240027970830  3.080889 10.2 2461186.02965900      99.00000000
 2461186.5   1.286052124468   1.292491595580   0.240912998479   0.241652724823  3.084950 10.2 2461187.02845397      99.00000000
 2461187.5   1.295666583590   1.302112152371   0.242524515102   0.243240813905  3.088941 10.2 2461188.02724849      99.00000000
 2461188.5   1.305278602645   1.311730296421   0.244099582585   0.244792335835  3.092862 10.2 2461189.02604261      99.00000000
 2461189.5   1.314887697188   1.321345588807   0.245638148546   0.246307278283  3.096713 10.2 2461190.02483621      99.00000000
 2461190.5   1.324493863212   1.330958037200   0.247140280426   0.247785747109  3.100494 10.2 2461191.02362933      99.00000000
 2461191.5   1.334096630670   1.340567150129   0.248605931289   0.249227730002  3.104205 10.2 2461192.02242186      99.00000000
 2461192.5   1.343696002320   1.350172881531   0.250035170498   0.250633321232  3.107844 10.2 2461193.02121382      99.00000000
 2461193.5   1.353291512780   1.359774696867   0.251427955178   0.252002492932  3.111411 10.2 2461194.02000512      99.00000000
 2461194.5   1.362883162206   1.369372517376   0.252784355697   0.253335317106  3.114907 10.2 2461195.01879578      99.00000000
 2461195.5   1.372470480842   1.378965794511   0.254104332792   0.254631745252  3.118330 10.2 2461196.01758569      99.00000000
 2461196.5   1.382053457648   1.388554449613   0.255387957806   0.255891827630  3.121679 10.2 2461197.01637488      99.00000000
 2461197.5   1.391631610234   1.398137952625   0.256635195379   0.257115500501  3.124955 10.2 2461198.01516325      99.00000000
 2461198.5   1.401204908134   1.407716254562   0.257846118340   0.258302801816  3.128156 10.2 2461199.01395081      99.00000000
 2461199.5   1.410772847354   1.417288868790   0.259020695909   0.259453665872  3.131282 10.2 2461200.01273746      99.00000000
 2461200.5   1.420335367333   1.426855794307   0.260159003301   0.260568136293  3.134332 10.2 2461201.01152323      99.00000000
 2461201.5   1.429891928993   1.436416594124   0.261261015712   0.261646170049  3.137305 10.2 2461202.01030798      99.00000000
 2461202.5   1.439442424831   1.445971296830   0.262326813162   0.262687849308  3.140200 10.2 2461203.00909174      99.00000000
 2461203.5   1.448986261095   1.455519452321   0.263356381024   0.263693192453  3.143017 10.2 2461204.00787437      99.00000000
 2461204.5   1.458523263972   1.465060994074   0.264349810926   0.264662354223  3.145754 10.2 2461205.00665589      99.00000000
 2461205.5   1.468052771644   1.474595278506   0.265307108225   0.265595423817  3.148411 10.2 2461206.00543615      99.00000000
 2461206.5   1.477574544492   1.484121964916   0.266228388379   0.266492592856  3.150988 10.2 2461207.00421514      99.00000000
 2461207.5   1.487087873949   1.493640144139   0.267113689304   0.267353939841  3.153483 10.2 2461208.00299271      99.00000000
 2461208.5   1.496592498304   1.503149327206   0.267963160003   0.268179600265  3.155896 10.2 2461209.00176885      99.00000000
 2461209.5   1.506087721279   1.512648648495   0.268776874670   0.268969591619  3.158228 10.2 2461210.00054342      99.00000000
 2461210.5   1.515573319536   1.522137823565   0.269555012241   0.269724017519  3.160476 10.2 2461210.99931642      99.00000000
 2461211.5   1.525048656444   1.531616258872   0.270297673429   0.270442914818  3.162643 10.2 2461211.99808771      99.00000000
 2461212.5   1.534513572967   1.541083904723   0.271005054281   0.271126440755  3.164727 10.2 2461212.99685731      99.00000000
 2461213.5   1.543967496807   1.550540319622   0.271677269416   0.271774700940  3.166728 10.2 2461213.99562511      99.00000000
 2461214.5   1.553410322955   1.559985518748   0.272314521775   0.272387911258  3.168645 10.2 2461214.99439111      99.00000000
 2461215.5   1.562841525997   1.569419068215   0.272916932738   0.272966222251  3.170480 10.2 2461215.99315521      99.00000000
 2461216.5   1.572261036490   1.578840955581   0.273484707725   0.273509875220  3.172232 10.2 2461216.99191743      99.00000000
 2461217.5   1.581668359754   1.588250707957   0.274017972339   0.274019035051  3.173900 10.2 2461217.99067766      99.00000000
 2461218.5   1.591063449113   1.597648268264   0.274516933042   0.274493944414  3.175484 10.2 2461218.98943592      99.00000000
 2461219.5   1.600445830727   1.607033123880   0.274981718715   0.274934764118  3.176984 10.2 2461219.98819211      99.00000000
 2461220.5   1.609815472686   1.616405182087   0.275412536131   0.275341723428  3.178400 10.2 2461220.98694626      99.00000000
 2461221.5   1.619171914720   1.625763907235   0.275809516790   0.275714966714  3.179730 10.3 2461221.98569825      99.00000000
 2461222.5   1.628515132273   1.635109195163   0.276172867281   0.276054699997  3.180975 10.3 2461222.98444812      99.00000000
 2461223.5   1.637844670489   1.644440518275   0.276502721482   0.276361045053  3.182135 10.3 2461223.98319576      99.00000000
 2461224.5   1.647160503080   1.653757796426   0.276799285969   0.276634183860  3.183207 10.3 2461224.98194120      99.00000000
 2461225.5   1.656462170580   1.663060545133   0.277062697645   0.276874221235  3.184193 10.3 2461225.98068433      99.00000000
 2461226.5   1.665749634143   1.672348737329   0.277293164304   0.277081327492  3.185092 10.3 2461226.97942518      99.00000000
 2461227.5   1.675022418045   1.681621949255   0.277490827678   0.277255609248  3.185902 10.3 2461227.97816364      99.00000000
 2461228.5   1.684280458241   1.690880207882   0.277655899273   0.277397249698  3.186623 10.3 2461228.97689973      99.00000000
 2461229.5   1.693523248717   1.700123128487   0.277788528952   0.277506386755  3.187255 10.3 2461229.97563334      99.00000000
 2461230.5   1.702750684572   1.709350739796   0.277888936365   0.277583249574  3.187795 10.3 2461230.97436449      99.00000000
 2461231.5   1.711962212575   1.718562604430   0.277957285377   0.277628039994  3.188245 10.3 2461231.97309305      99.00000000
 2461232.5   1.721157670595   1.727758619806   0.277993811392   0.277641056261  3.188603 10.3 2461232.97181905      99.00000000
 2461233.5   1.730336446135   1.736938140599   0.277998701442   0.277622563372  3.188868 10.4 2461233.97054233      99.00000000
 2461234.5   1.739498317916   1.746100809242   0.277972216537   0.277572890555  3.189039 10.4 2461234.96926289      99.00000000
 2461235.5   1.748642628469   1.755245760828   0.277914575441   0.277492291261  3.189117 10.4 2461235.96798060      99.00000000
 2461236.5   1.757769131117   1.764372542184   0.277826069553   0.277381041179  3.189100 10.4 2461236.96669544      99.00000000
 2461237.5   1.766877173614   1.773480371253   0.277706948142   0.277239332533  3.188989 10.4 2461237.96540729      99.00000000
 2461238.5   1.775966540682   1.782569017729   0.277557525253   0.277067403947  3.188783 10.4 2461238.96411613      99.00000000
 2461239.5   1.785036635405   1.791637969600   0.277378068011   0.276865458764  3.188481 10.4 2461239.96282184      99.00000000
 2461240.5   1.794087306790   1.800687213558   0.277168898799   0.276633782072  3.188085 10.4 2461240.96152445      99.00000000
 2461241.5   1.803118025324   1.809716361735   0.276930289777   0.276372639903  3.187594 10.4 2461241.96022384      99.00000000
 2461242.5   1.812128699037   1.818725436315   0.276662562348   0.276082369985  3.187008 10.4 2461242.95892002      99.00000000
 2461243.5   1.821118850273   1.827714033536   0.276365988181   0.275763275488  3.186326 10.4 2461243.95761291      99.00000000
 2461244.5   1.830088427261   1.836682135233   0.276040885249   0.275415710933  3.185549 10.5 2461244.95630251      99.00000000
 2461245.5   1.839036986763   1.845629296703   0.275687524134   0.275039984906  3.184677 10.5 2461245.95498873      99.00000000
 2461246.5   1.847964503336   1.854555462439   0.275306219649   0.274636445972  3.183710 10.5 2461246.95367160      99.00000000
 2461247.5   1.856870558018   1.863460160933   0.274897241659   0.274205392856  3.182646 10.5 2461247.95235102      99.00000000
 2461248.5   1.865755144422   1.872343317303   0.274460902010   0.273747157030  3.181487 10.5 2461248.95102703      99.00000000
 2461249.5   1.874617862052   1.881204454279   0.273997469750   0.273262017726  3.180232 10.5 2461249.94969952      99.00000000
 2461250.5   1.883458717851   1.890043503570   0.273507253593   0.272750280537  3.178880 10.5 2461250.94836852      99.00000000
 2461251.5   1.892277322879   1.898860014455   0.272990521759   0.272212198383  3.177431 10.5 2461251.94703396      99.00000000
 2461252.5   1.901073688497   1.907653962607   0.272447580364   0.271648048862  3.175885 10.5 2461252.94569584      99.00000000
 2461253.5   1.909847425964   1.916424960453   0.271878698131   0.271058064179  3.174242 10.5 2461253.94435410      99.00000000
 2461254.5   1.918598537396   1.925173054002   0.271284181001   0.270442509424  3.172501 10.5 2461254.94300875      99.00000000
 2461255.5   1.927326618733   1.933897924284   0.270664301766   0.269801621552  3.170661 10.5 2461255.94165970      99.00000000
 2461256.5   1.936031646250   1.942599663481   0.270019370956   0.269135686403  3.168721 10.5 2461256.94030698      99.00000000
 2461257.5   1.944713183605   1.951277963021   0.269349671249   0.268444982271  3.166682 10.6 2461257.93895049      99.00000000
 2461258.5   1.953371164707   1.959932870361   0.268655524605   0.267729849951  3.164543 10.6 2461258.93759025      99.00000000
 2461259.5   1.962005105650   1.968563971357   0.267937231238   0.266990634141  3.162303 10.6 2461259.93622616      99.00000000
 2461260.5   1.970614885362   1.977171144109   0.267195132812   0.266227738947  3.159961 10.6 2461260.93485822      99.00000000
 2461261.5   1.979199964638   1.985753764461   0.266429555382   0.265441559429  3.157516 10.6 2461261.93348632      99.00000000
 2461262.5   1.987760167934   1.994311498859   0.265640867691   0.264632518864  3.154970 10.6 2461262.93211046      99.00000000
 2461263.5   1.996294913099   2.002843575748   0.264829426454   0.263800996824  3.152320 10.6 2461263.93073050      99.00000000
 2461264.5   2.004803996739   2.011349632501   0.263995628036   0.262947369372  3.149566 10.6 2461264.92934646      99.00000000
 2461265.5   2.013286833521   2.019829009530   0.263139854721   0.262071963820  3.146710 10.6 2461265.92795819      99.00000000
 2461266.5   2.021743239455   2.028281553265   0.262262519853   0.261175122921  3.143749 10.6 2461266.92656571      99.00000000
 2461267.5   2.030172671516   2.036706833307   0.261364016787   0.260257179891  3.140686 10.6 2461267.92516891      99.00000000
 2461268.5   2.038574999699   2.045104866928   0.260444760557   0.259318514389  3.137519 10.6 2461268.92376779      99.00000000
 2461269.5   2.046949741461   2.053475307892   0.259505142451   0.258359512391  3.134248 10.6 2461269.92236226      99.00000000
 2461270.5   2.055296822647   2.061818179636   0.258545570162   0.257380598585  3.130875 10.6 2461270.92095233      99.00000000
 2461271.5   2.063615811062   2.070133101044   0.257566428242   0.256382189148  3.127399 10.6 2461271.91953792      99.00000000
 2461272.5   2.071906672295   2.078420046688   0.256568115899   0.255364719256  3.123820 10.6 2461272.91811904      99.00000000
 2461273.5   2.080169007539   2.086678594158   0.255551011875   0.254328603812  3.120139 10.7 2461273.91669561      99.00000000
 2461274.5   2.088402807579   2.094908687063   0.254515508663   0.253274266409  3.116355 10.7 2461274.91526766      99.00000000
 2461275.5   2.096607696053   2.103109886119   0.253461980823   0.252202107174  3.112468 10.7 2461275.91383509      99.00000000
 2461276.5   2.104783681448   2.111282127668   0.252390815241   0.251112529524  3.108480 10.7 2461276.91239794      99.00000000
 2461277.5   2.112930404656   2.119424978753   0.251302382749   0.250005911561  3.104389 10.7 2461277.91095613      99.00000000
 2461278.5   2.121047887511   2.127538394779   0.250197064721   0.248882629012  3.100195 10.7 2461278.90950967      99.00000000
 2461279.5   2.129135782864   2.135621981625   0.249075228368   0.247743030832  3.095899 10.7 2461279.90805850      99.00000000
 2461280.5   2.137194118132   2.143675751917   0.247937250336   0.246587461544  3.091501 10.7 2461280.90660263      99.00000000
 2461281.5   2.145222546568   2.151699387144   0.246783496229   0.245416245781  3.087000 10.7 2461281.90514200      99.00000000
 2461282.5   2.153221085338   2.159692978862   0.245614341813   0.244229714710  3.082396 10.7 2461282.90367662      99.00000000
 2461283.5   2.161189368302   2.167656273632   0.244430156998   0.243028201264  3.077688 10.7 2461283.90220642      99.00000000
 2461284.5   2.169127380095   2.175589386182   0.243231324613   0.241812067398  3.072878 10.7 2461284.90073141      99.00000000
 2461285.5   2.177034712534   2.183492026529   0.242018228298   0.240581701030  3.067964 10.7 2461285.89925152      99.00000000
 2461286.5   2.184911297291   2.191364201476   0.240791268113   0.239337532142  3.062945 10.7 2461286.89776675      99.00000000
 2461287.5   2.192756668129   2.199205453767   0.239550851326   0.238080020495  3.057823 10.7 2461287.89627701      99.00000000
 2461288.5   2.200570694025   2.207015586679   0.238297404001   0.236809654702  3.052595 10.7 2461288.89478230      99.00000000
 2461289.5   2.208352848425   2.214793944787   0.237031363778   0.235526931421  3.047263 10.7 2461289.89328250      99.00000000
 2461290.5   2.216102943867   2.222540178818   0.235753186716   0.234232344960  3.041826 10.7 2461290.89177761      99.00000000
 2461291.5   2.223820408895   2.230253566570   0.234463341226   0.232926371161  3.036283 10.7 2461291.89026752      99.00000000
 2461292.5   2.231505024405   2.237933793123   0.233162309564   0.231609464555  3.030635 10.7 2461292.88875220      99.00000000
 2461293.5   2.239156206859   2.245580262487   0.231850582576   0.230282062861  3.024882 10.7 2461293.88723155      99.00000000
 2461294.5   2.246773743147   2.253192832037   0.230528656428   0.228944599095  3.019025 10.7 2461294.88570555      99.00000000
 2461295.5   2.254357074804   2.260771069308   0.229197029623   0.227597518776  3.013063 10.7 2461295.88417410      99.00000000
 2461296.5   2.261906025596   2.268314937809   0.227856197306   0.226241285775  3.006997 10.7 2461296.88263719      99.00000000
 2461297.5   2.269420082078   2.275824040896   0.226506652869   0.224876389032  3.000828 10.7 2461297.88109472      99.00000000
 2461298.5   2.276899112342   2.283298319272   0.225148881551   0.223503330253  2.994556 10.7 2461298.87954670      99.00000000
 2461299.5   2.284342644333   2.290737325971   0.223783367062   0.222122623611  2.988182 10.8 2461299.87799304      99.00000000
 2461300.5   2.291750579531   2.298140947307   0.222410583914   0.220734778362  2.981706 10.8 2461300.87643374      99.00000000
 2461301.5   2.299122473159   2.305508695143   0.221031007735   0.219340304471  2.975128 10.8 2461301.87486870      99.00000000
 2461302.5   2.306458246360   2.312840429738   0.219645105028   0.217939697262  2.968450 10.8 2461302.87329795      99.00000000
 2461303.5   2.313757470326   2.320135652915   0.218253346014   0.216533449588  2.961672 10.8 2461303.87172139      99.00000000
 2461304.5   2.321020077803   2.327394226129   0.216856191213   0.215122035584  2.954794 10.8 2461304.87013903      99.00000000
 2461305.5   2.328245650669   2.334615665170   0.215454106546   0.213705925622  2.947817 10.8 2461305.86855078      99.00000000
 2461306.5   2.335434129715   2.341799857985   0.214047546960   0.212285566744  2.940741 10.8 2461306.86695666      99.00000000
 2461307.5   2.342585103829   2.348946365086   0.212636974239   0.210861400187  2.933567 10.8 2461307.86535657      99.00000000
 2461308.5   2.349698516028   2.356055137367   0.211222838528   0.209433841407  2.926295 10.8 2461308.86375054      99.00000000
 2461309.5   2.356773951945   2.363125814423   0.209805599815   0.208003305922  2.918925 10.8 2461309.86213846      99.00000000
 2461310.5   2.363811340425   2.370158425125   0.208385708444   0.206570196143  2.911458 10.8 2461310.86052036      99.00000000
 2461311.5   2.370810240547   2.377152660059   0.206963630960   0.205134940345  2.903894 10.8 2461311.85889614      99.00000000
 2461312.5   2.377770538093   2.384108536551   0.205539829735   0.203697983775  2.896232 10.8 2461312.85726581      99.00000000
 2461313.5   2.384691734345   2.391025648815   0.204114792216   0.202259827562  2.888474 10.8 2461313.85562926      99.00000000
 2461314.5   2.391573643468   2.397903833124   0.202689007863   0.200821003705  2.880619 10.8 2461314.85398649      99.00000000
 2461315.5   2.398415688069   2.404742453112   0.201262998396   0.199382095983  2.872668 10.8 2461315.85233738      99.00000000
 2461316.5   2.405217601240   2.411541116822   0.199837289970   0.197943694005  2.864620 10.8 2461316.85068192      99.00000000
 2461317.5   2.411978729924   2.418299015622   0.198412443092   0.196506407265  2.856477 10.8 2461317.84901996      99.00000000
 2461318.5   2.418698740479   2.425015671598   0.196989019837   0.195070819105  2.848237 10.8 2461318.84735149      99.00000000
 2461319.5   2.425376927070   2.431690282774   0.195567613956   0.193637514025  2.839903 10.8 2461319.84567636      99.00000000
 2461320.5   2.432012917858   2.438322450400   0.194148814144   0.192207043910  2.831474 10.8 2461320.84399453      99.00000000
 2461321.5   2.438605985546   2.444911492032   0.192733235347   0.190779971231  2.822951 10.8 2461321.84230587      99.00000000
 2461322.5   2.445155751800   2.451457129084   0.191321479194   0.189356842245  2.814335 10.8 2461322.84061034      99.00000000
 2461323.5   2.451661497313   2.457958768065   0.189914167624   0.187938235036  2.805627 10.8 2461323.83890780      99.00000000
 2461324.5   2.458122862015   2.464416168136   0.188511901830   0.186524726080  2.796828 10.8 2461324.83719823      99.00000000
 2461325.5   2.464539152276   2.470828723219   0.187115299479   0.185116931100  2.787939 10.8 2461325.83548150      99.00000000
 2461326.5   2.470910035713   2.477196143687   0.185724953231   0.183715459108  2.778962 10.8 2461326.83375757      99.00000000
 2461327.5   2.477234845512   2.483517761382   0.184341471958   0.182320948036  2.769896 10.8 2461327.83202632      99.00000000
 2461328.5   2.483513271485   2.489793229426   0.182965438642   0.180934014140  2.760745 10.8 2461328.83028772      99.00000000
 2461329.5   2.489744663875   2.496021838996   0.181597454725   0.179555291480  2.751508 10.8 2461329.82854166      99.00000000
 2461330.5   2.495928723469   2.502203220891   0.180238096328   0.178185383045  2.742188 10.7 2461330.82678810      99.00000000
 2461331.5   2.502064807012   2.508336660709   0.178887960620   0.176824905981  2.732784 10.7 2461331.82502692      99.00000000
 2461332.5   2.508152617907   2.514421796253   0.177547619583   0.175474442924  2.723299 10.7 2461332.82325810      99.00000000
 2461333.5   2.514191513587   2.520457931564   0.176217667921   0.174134589841  2.713734 10.7 2461333.82148151      99.00000000
 2461334.5   2.520181196486   2.526444734565   0.174898674380   0.172805904881  2.704090 10.7 2461334.81969712      99.00000000
 2461335.5   2.526121021934   2.532381554218   0.173591231571   0.171488957871  2.694367 10.7 2461335.81790482      99.00000000
 2461336.5   2.532010687429   2.538268119189   0.172295905726   0.170184278639  2.684568 10.7 2461336.81610457      99.00000000
 2461337.5   2.537849538143   2.544103850615   0.171013289681   0.168892413667  2.674693 10.7 2461337.81429625      99.00000000
 2461338.5   2.543637251559   2.549888543232   0.169743952668   0.167613882486  2.664743 10.7 2461338.81247983      99.00000000
 2461339.5   2.549373138045   2.555621645854   0.168488497892   0.166349249474  2.654719 10.7 2461339.81065518      99.00000000
 2461340.5   2.555056820619   2.561302901652   0.167247513100   0.165099088786  2.644623 10.7 2461340.80882226      99.00000000
 2461341.5   2.560687533609   2.566931601449   0.166021631816   0.163864056815  2.634455 10.7 2461341.80698093      99.00000000
 2461342.5   2.566264804694   2.572507235917   0.164811481816   0.162644837038  2.624217 10.7 2461342.80513113      99.00000000
 2461343.5   2.571787760728   2.578028807870   0.163617745624   0.161442184709  2.613908 10.7 2461343.80327271      99.00000000
 2461344.5   2.577255820123   2.583495565323   0.162441102590   0.160256844288  2.603530 10.7 2461344.80140559      99.00000000
 2461345.5   2.582668008839   2.588906373256   0.161282286161   0.159089588289  2.593085 10.7 2461345.79952958      99.00000000
 2461346.5   2.588023660481   2.594260457995   0.160142019915   0.157941144435  2.582573 10.7 2461346.79764461      99.00000000
 2461347.5   2.593321735505   2.599556747192   0.159021074175   0.156812256945  2.571997 10.7 2461347.79575049      99.00000000
 2461348.5   2.598561521595   2.604794566312   0.157920199447   0.155703629949  2.561356 10.7 2461348.79384713      99.00000000
 2461349.5   2.603741950251   2.609972936252   0.156840185249   0.154616000379  2.550654 10.7 2461349.79193432      99.00000000
 2461350.5   2.608862294665   2.615091244517   0.155781792760   0.153550081431  2.539892 10.7 2461350.79001199      99.00000000
 2461351.5   2.613921482714   2.620148532325   0.154745816592   0.152506633811  2.529072 10.7 2461351.78807994      99.00000000
 2461352.5   2.618918792667   2.625144168301   0.153733016863   0.151486401406  2.518196 10.7 2461352.78613809      99.00000000
 2461353.5   2.623853162780   2.630077144577   0.152744183957   0.150490177426  2.507266 10.6 2461353.78418623      99.00000000
 2461354.5   2.628723885184   2.634946765501   0.151780070084   0.149518731979  2.496284 10.6 2461354.78222429      99.00000000
 2461355.5   2.633529912134   2.639751958002   0.150841457055   0.148572875378  2.485253 10.6 2461355.78025209      99.00000000
 2461356.5   2.638270548690   2.644491973499   0.149929087265   0.147653382095  2.474174 10.6 2461356.77826952      99.00000000
 2461357.5   2.642944756430   2.649165704219   0.149043734102   0.146761056557  2.463050 10.6 2461357.77627641      99.00000000
 2461358.5   2.647551846432   2.653772387608   0.148186131770   0.145896657939  2.451883 10.6 2461358.77427267      99.00000000
 2461359.5   2.652090781877   2.658310918999   0.147357047569   0.145060970777  2.440676 10.6 2461359.77225811      99.00000000
 2461360.5   2.656560872884   2.662780553318   0.146557209833   0.144254730585  2.429430 10.6 2461360.77023265      99.00000000
 2461361.5   2.660961078825   2.667180213583   0.145787381520   0.143478697436  2.418149 10.6 2461361.76819610      99.00000000
 2461362.5   2.665290705391   2.671509193037   0.145048286053   0.142733580203  2.406835 10.6 2461362.76614836      99.00000000
 2461363.5   2.669548705892   2.675766462832   0.144340682381   0.142020111876  2.395489 10.6 2461363.76408927      99.00000000
 2461364.5   2.673734379053   2.679951375298   0.143665289475   0.141338973464  2.384115 10.6 2461364.76201871      99.00000000
 2461365.5   2.677846666477   2.684062964332   0.143022864126   0.140690875407  2.372714 10.6 2461365.75993652      99.00000000
 2461366.5   2.681884847643   2.688100632908   0.142414125943   0.140076489130  2.361289 10.5 2461366.75784258      99.00000000
 2461367.5   2.685847829529   2.692063419405   0.141839839927   0.139496543564  2.349842 10.5 2461367.75573672      99.00000000
 2461368.5   2.689734836411   2.695950645236   0.141300743495   0.138951767658  2.338376 10.5 2461368.75361883      99.00000000
 2461369.5   2.693544692760   2.699761151105   0.140797633506   0.138442989803  2.326893 10.5 2461369.75148870      99.00000000
 2461370.5   2.697276515143   2.703493963696   0.140331292047   0.137971059484  2.315394 10.5 2461370.74934621      99.00000000
 2461371.5   2.700929001021   2.707147606127   0.139902571594   0.137536911655  2.303883 10.5 2461371.74719114      99.00000000
 2461372.5   2.704501136963   2.710720868641   0.139512312248   0.137141452919  2.292361 10.5 2461372.74502334      99.00000000
 2461373.5   2.707991501842   2.714212182320   0.139161420068   0.136785618434  2.280831 10.5 2461373.74284257      99.00000000
 2461374.5   2.711398989849   2.717620382407   0.138850775870   0.136470276008  2.269295 10.5 2461374.74064866      99.00000000
 2461375.5   2.714722117097   2.720944015116   0.138581311654   0.136196315097  2.257758 10.5 2461375.73844137      99.00000000
 2461376.5   2.717959745413   2.724182033507   0.138353917971   0.135964570972  2.246221 10.5 2461376.73622053      99.00000000
 2461377.5   2.721110381166   2.727333061823   0.138169524219   0.135775921009  2.234687 10.4 2461377.73398589      99.00000000
 2461378.5   2.724172894891   2.730396085246   0.138029007531   0.135631202441  2.223161 10.4 2461378.73173729      99.00000000
 2461379.5   2.727145812303   2.733369721488   0.137933277223   0.135531301943  2.211646 10.4 2461379.72947449      99.00000000
 2461380.5   2.730028032634   2.736252927971   0.137883184097   0.135477064712  2.200145 10.4 2461380.72719732      99.00000000
 2461381.5   2.732818114857   2.739044284726   0.137879607566   0.135469380483  2.188661 10.4 2461381.72490556      99.00000000
 2461382.5   2.735514997191   2.741742715188   0.137923364250   0.135509087848  2.177199 10.4 2461382.72259904      99.00000000
 2461383.5   2.738117279711   2.744346775380   0.138015297130   0.135597059576  2.165763 10.4 2461383.72027754      99.00000000
 2461384.5   2.740623945572   2.746855384114   0.138156183225   0.135734104493  2.154355 10.4 2461384.71794090      99.00000000
 2461385.5   2.743033640019   2.749267113472   0.138346824684   0.135921054502  2.142981 10.3 2461385.71558891      99.00000000
 2461386.5   2.745345393587   2.751580922709   0.138587955497   0.136158666503  2.131644 10.3 2461386.71322143      99.00000000
 2461387.5   2.747557897843   2.753795444055   0.138880334277   0.136447713103  2.120348 10.3 2461387.71083823      99.00000000
 2461388.5   2.749670231354   2.755909715692   0.139224649670   0.136788885693  2.109096 10.3 2461388.70843919      99.00000000
 2461389.5   2.751681132836   2.757922460569   0.139621614402   0.137182888661  2.097894 10.3 2461389.70602409      99.00000000
 2461390.5   2.753589730501   2.759832818976   0.140071869141   0.137630342637  2.086746 10.3 2461390.70359281      99.00000000
 2461391.5   2.755394812493   2.761639621848   0.140576077792   0.138131881312  2.075654 10.3 2461391.70114515      99.00000000
 2461392.5   2.757095558686   2.763342122983   0.141134830353   0.138688055373  2.064624 10.3 2461392.69868100      99.00000000
 2461393.5   2.758690806225   2.764939261842   0.141748740497   0.139299434801  2.053659 10.2 2461393.69620015      99.00000000
 2461394.5   2.760179780472   2.766430382518   0.142418349169   0.139966519351  2.042764 10.2 2461394.69370250      99.00000000
 2461395.5   2.761561351458   2.767814465888   0.143144226487   0.140689853187  2.031942 10.2 2461395.69118787      99.00000000
 2461396.5   2.762834760445   2.769090817526   0.143926877866   0.141469944584  2.021198 10.2 2461396.68865615      99.00000000
 2461397.5   2.763998866766   2.770258274570   0.144766850256   0.142307382712  2.010535 10.2 2461397.68610715      99.00000000
 2461398.5   2.765052875797   2.771315916230   0.145664637692   0.143202737732  1.999958 10.2 2461398.68354075      99.00000000
 2461399.5   2.765995589823   2.772262345661   0.146620784633   0.144156641016  1.989470 10.2 2461399.68095676      99.00000000
 2461400.5   2.766826156020   2.773096511028   0.147635781426   0.145169646363  1.979075 10.1 2461400.67835505      99.00000000
 2461401.5   2.767543336669   2.773817052538   0.148710157013   0.146242299933  1.968779 10.1 2461401.67573542      99.00000000
 2461402.5   2.768146280002   2.774423107760   0.149844363246   0.147375023619  1.958585 10.1 2461402.67309774      99.00000000
 2461403.5   2.768633797392   2.774913571406   0.151038863611   0.148568223678  1.948499 10.1 2461403.67044181      99.00000000
 2461404.5   2.769005135888   2.775287820645   0.152294017544   0.149822198111  1.938524 10.1 2461404.66776754      99.00000000
 2461405.5   2.769259243278   2.775544935390   0.153610174916   0.151137248672  1.928667 10.1 2461405.66507475      99.00000000
 2461406.5   2.769395532345   2.775684433587   0.154987565430   0.152513576564  1.918932 10.0 2461406.66236335      99.00000000
 2461407.5   2.769413133546   2.775705512576   0.156426398828   0.153951383446  1.909324 10.0 2461407.65963322      99.00000000
