2461039.99669435
2461040.99777379
2461041.99885038
2461042.99992343
2461044.00099226
2461045.00205622
2461046.00311465
2461047.00416691
2461048.00521233
2461049.00625024
2461050.00728007
2461051.00830123
2461052.00931316
2461053.01031531
2461054.01130716
2461055.01228821
2461056.01325799
2461057.01421603
2461058.01516192
2461059.01609526
2461060.01701568
2461061.01792286
2461062.01881647
2461063.01969626
2461064.02056198
2461065.02141344
2461066.02225046
2461067.02307291
2461068.02388071
2461069.02467380
2461070.02545215
2461071.02621578
2461072.02696474
2461073.02769909
2461074.02841895
2461075.02912445
2461076.02981574
2461077.03049299
2461078.03115641
2461079.03180620
2461080.03244259
2461081.03306583
2461082.03367618
2461083.03427392
2461084.03485933
2461085.03543273
2461086.03599444
2461087.03654477
2461088.03708407
2461089.03761270
2461090.03813101
2461091.03863937
2461092.03913816
2461093.03962778
2461094.04010862
2461095.04058111
2461096.04104567
2461097.04150274
2461098.04195278
2461099.04239626
2461100.04283364
2461101.04326543
2461102.04369211
2461103.04411419
2461104.04453217
2461105.04494658
2461106.04535793
2461107.04576672
2461108.04617347
2461109.04657869
2461110.04698288
2461111.04738654
2461112.04779019
2461113.04819431
2461114.04859940
2461115.04900594
2461116.04941442
2461117.04982532
2461118.05023909
2461119.05065620
2461120.05107708
2461121.05150217
2461122.05193191
2461123.05236671
2461124.05280699
2461125.05325317
2461126.05370565
2461127.05416484
2461128.05463116
2461129.05510501
2461130.05558679
2461131.05607690
2461132.05657571
2461133.05708360
2461134.05760094
2461135.05812806
2461136.05866531
2461137.05921298
2461138.05977138
2461139.06034077
2461140.06092142
2461141.06151355
2461142.06211738
2461143.06273309
2461144.06336084
2461145.06400077
2461146.06465299
2461147.06531756
2461148.06599452
2461149.06668387
2461150.06738557
2461151.06809955
2461152.06882571
2461153.06956393
2461154.07031404
2461155.07107590
2461156.07184929
2461157.07263403
2461158.07342985
2461159.07423652
2461160.07505373
2461161.07588119
2461162.07671854
2461163.07756542
2461164.07842143
2461165.07928614
2461166.08015911
2461167.08103985
2461168.08192784
2461169.08282256
2461170.08372345
2461171.08462991
2461172.08554134
2461173.08645710
2461174.08737654
2461175.08829897
2461176.08922368
2461177.09014994
2461178.09107698
2461179.09200401
2461180.09293022
2461181.09385481
2461182.09477695
2461183.09569586
2461184.09661073
2461185.09752080
2461186.09842529
2461187.09932346
2461188.10021458
2461189.10109792
2461190.10197278
2461191.10283849
2461192.10369438
2461193.10453980
2461194.10537413
2461195.10619677
2461196.10700714
2461197.10780470
2461198.10858890
2461199.10935926
2461200.11011529
2461201.11085654
2461202.11158257
2461203.11229299
2461204.11298741
2461205.11366545
2461206.11432674
2461207.11497094
2461208.11559771
2461209.11620672
2461210.11679768
2461211.11737032
2461212.11792441
2461213.11845976
2461214.11897620
2461215.11947361
2461216.11995188
2461217.12041095
2461218.12085076
2461219.12127130
2461220.12167256
2461221.12205458
2461222.12241739
2461223.12276106
2461224.12308568
2461225.12339135
2461226.12367819
2461227.12394633
2461228.12419593
2461229.12442714
2461230.12464012
2461231.12483507
2461232.12501214
2461233.12517151
2461234.12531335
2461235.12543780
2461236.12554500
2461237.12563507
2461238.12570813
2461239.12576428
2461240.12580362
2461241.12582629
2461242.12583238
2461243.12582202
2461244.12579534
2461245.12575244
2461246.12569345
2461247.12561848
2461248.12552764
2461249.12542105
2461250.12529879
2461251.12516098
2461252.12500770
2461253.12483903
2461254.12465506
2461255.12445584
2461256.12424145
2461257.12401193
2461258.12376731
2461259.12350759
2461260.12323276
2461261.12294278
2461262.12263757
2461263.12231700
2461264.12198090
2461265.12162907
2461266.12126123
2461267.12087707
2461268.12047624
2461269.12005836
2461270.11962298
2461271.11916965
2461272.11869786
2461273.11820708
2461274.11769672
2461275.11716617
2461276.11661476
2461277.11604179
2461278.11544650
2461279.11482808
2461280.11418570
2461281.11351847
2461282.11282544
2461283.11210561
2461284.11135797
2461285.11058139
2461286.10977472
2461287.10893673
2461288.10806610
2461289.10716144
2461290.10622126
2461291.10524396
2461292.10422784
2461293.10317108
2461294.10207173
2461295.10092774
2461296.09973693
2461297.09849702
2461298.09720562
2461299.09586025
2461300.09445834
2461301.09299726
2461302.09147428
2461303.08988661
2461304.08823141
2461305.08650580
2461306.08470688
2461307.08283172
2461308.08087742
2461309.07884113
2461310.07672006
2461311.07451153
2461312.07221301
2461313.06982212
2461314.06733669
2461315.06475475
2461316.06207465
2461317.05929498
2461318.05641470
2461319.05343316
2461320.05035011
2461321.04716583
2461322.04388111
2461323.04049733
2461324.03701657
2461325.03344159
2461326.02977591
2461327.02602386
2461328.02219058
2461329.01828205
2461330.01430504
2461331.01026712
2461332.00617659
2461333.00204239
2461333.99787405
2461334.99368155
2461335.98947524
2461336.98526570
2461337.98106360
2461338.97687956
2461339.97272403
2461340.96860713
2461341.96453847
2461342.96052711
2461343.95658136
2461344.95270877
2461345.94891604
2461346.94520900
2461347.94159262
2461348.93807103
2461349.93464752
2461350.93132464
2461351.92810421
2461352.92498739
2461353.92197478
2461354.91906639
2461355.91626182
2461356.91356023
2461357.91096041
2461358.90846088
2461359.90605989
2461360.90375546
2461361.90154548
2461362.89942769
2461363.89739972
2461364.89545918
2461365.89360360
2461366.89183053
2461367.89013752
2461368.88852212
2461369.88698191
2461370.88551446
2461371.88411738
2461372.88278827
2461373.88152479
2461374.88032460
2461375.87918543
2461376.87810507
2461377.87708139
2461378.87611234
2461379.87519595
2461380.87433034
2461381.87351374
2461382.87274445
2461383.87202088
2461384.87134151
2461385.87070492
2461386.87010977
2461387.86955481
2461388.86903884
2461389.86856078
2461390.86811959
2461391.86771429
2461392.86734399
2461393.86700787
2461394.86670513
2461395.86643509
2461396.86619705
2461397.86599042
2461398.86581458
2461399.86566898
2461400.86555303
2461401.86546616
2461402.86540781
2461403.86537741
2461404.86537438
2461405.86539818
2461406.86544826
2461407.86552410
2461408.86562518
2461409.86575099
