 2455561.5   5.268029537336   5.270919907047  -0.454742244975  -0.454182562259  3.858379  9.1 2455562.06213243      99.00000000
 2455562.5   5.275421604400   5.278309343147  -0.453515144887  -0.452948356878  3.863356  9.1 2455563.06057307      99.00000000
 2455563.5   5.282814789249   5.285700094695  -0.452271367487  -0.451697525923  3.868187  9.1 2455564.05901384      99.00000000
 2455564.5   5.290208674950   5.293091641862  -0.451011062258  -0.450430260491  3.872871  9.1 2455565.05745469      99.00000000
 2455565.5   5.297602717762   5.300483321018  -0.449734392812  -0.449146749347  3.877407  9.1 2455566.05589551      99.00000000
 2455566.5   5.304996490782   5.307874596841  -0.448441518275  -0.447847157005  3.881795  9.1 2455567.05433625      99.00000000
 2455567.5   5.312389451374   5.315264851022  -0.447132609363  -0.446531641884  3.886034  9.1 2455568.05277681      99.00000000
 2455568.5   5.319781182934   5.322653633744  -0.445807828887  -0.445200341923  3.890124  9.1 2455569.05121713      99.00000000
 2455569.5   5.327171161386   5.330040429226  -0.444467349949  -0.443853399485  3.894065  9.1 2455570.04965712      99.00000000
 2455570.5   5.334558993800   5.337424886112  -0.443111335773  -0.442490946779  3.897857  9.1 2455571.04809673      99.00000000
 2455571.5   5.341944183615   5.344806571958  -0.441739959902  -0.441113130384  3.901499  9.1 2455572.04653588      99.00000000
 2455572.5   5.349326366695   5.352185198967  -0.440353385018  -0.439720092277  3.904990  9.1 2455573.04497451      99.00000000
 2455573.5   5.356705076475   5.359560380852  -0.438951784653  -0.438311993049  3.908333  9.1 2455574.04341255      99.00000000
 2455574.5   5.364079978986   5.366931860777  -0.437535320513  -0.436888989946  3.911525  9.0 2455575.04184996      99.00000000
 2455575.5   5.371450639405   5.374299270853  -0.436104165287  -0.435451260925  3.914567  9.0 2455576.04028667      99.00000000
 2455576.5   5.378816757332   5.381662358263  -0.434658478225  -0.433998981272  3.917459  9.0 2455577.03872264      99.00000000
 2455577.5   5.386177935567   5.389020742262  -0.433198428957  -0.432532348420  3.920202  9.0 2455578.03715780      99.00000000
 2455578.5   5.393533915771   5.396374136488  -0.431724171583  -0.431051554743  3.922795  9.0 2455579.03559212      99.00000000
 2455579.5   5.400884348490   5.403722109863  -0.430235870114  -0.429556808159  3.925238  9.0 2455580.03402554      99.00000000
 2455580.5   5.408229026791   5.411064324364  -0.428733672147  -0.428048295346  3.927532  9.0 2455581.03245803      99.00000000
 2455581.5   5.415567653594   5.418400329034  -0.427217737289  -0.426526196340  3.929676  9.0 2455582.03088954      99.00000000
 2455582.5   5.422900068656   5.425729834726  -0.425688211711  -0.424990647019  3.931671  9.0 2455583.02932005      99.00000000
 2455583.5   5.430226009619   5.433052526053  -0.424145260055  -0.423441769500  3.933517  9.0 2455584.02774950      99.00000000
 2455584.5   5.437545332139   5.440368306969  -0.422589039970  -0.421879658984  3.935212  9.0 2455585.02617788      99.00000000
 2455585.5   5.444857769069   5.447677043309  -0.421019735119  -0.420304438693  3.936758  9.0 2455586.02460514      99.00000000
 2455586.5   5.452163151737   5.454978733986  -0.419437526669  -0.418716251170  3.938153  8.9 2455587.02303126      99.00000000
 2455587.5   5.459461175525   5.462273220711  -0.417842624933  -0.417115299419  3.939397  8.9 2455588.02145619      99.00000000
 2455588.5   5.466751627521   5.469560377706  -0.416235236920  -0.415501811564  3.940490  8.9 2455589.01987991      99.00000000
 2455589.5   5.474034159217   5.476839872756  -0.414615597279  -0.413876061767  3.941431  8.9 2455590.01830235      99.00000000
 2455590.5   5.481308517844   5.484111407553  -0.412983933491  -0.412238323117  3.942220  8.9 2455591.01672348      99.00000000
 2455591.5   5.488574322182   5.491374514097  -0.411340497697  -0.410588889319  3.942857  8.9 2455592.01514323      99.00000000
 2455592.5   5.495831294109   5.498628810007  -0.409685530679  -0.408928031433  3.943341  8.9 2455593.01356157      99.00000000
 2455593.5   5.503079035261   5.505873797441  -0.408019295164  -0.407256027709  3.943673  8.9 2455594.01197841      99.00000000
 2455594.5   5.510317257685   5.513109111196  -0.406342038818  -0.405573125806  3.943852  8.9 2455595.01039372      99.00000000
 2455595.5   5.517545560825   5.520334306860  -0.404654029078  -0.403879579759  3.943878  8.9 2455596.00880742      99.00000000
 2455596.5   5.524763660949   5.527549093910  -0.402955515253  -0.402175615705  3.943751  8.9 2455597.00721949      99.00000000
 2455597.5   5.531971168023   5.534753109778  -0.401246764989  -0.400461473215  3.943473  9.0 2455598.00562984      99.00000000
 2455598.5   5.539167813455   5.541946139800  -0.399528025611  -0.398737371095  3.943041  9.0 2455599.00403845      99.00000000
 2455599.5   5.546353226449   5.549127883592  -0.397799562264  -0.397003549541  3.942458  9.0 2455600.00244525      99.00000000
 2455600.5   5.553527159997   5.556298170818  -0.396061618422  -0.395260233141  3.941724  9.0 2455601.00085021      99.00000000
 2455601.5   5.560689266978   5.563456728622  -0.394314455483  -0.393507672210  3.940838  9.0 2455601.99925328      99.00000000
 2455602.5   5.567839325078   5.570603399107  -0.392558312136  -0.391746102906  3.939801  9.0 2455602.99765443      99.00000000
 2455603.5   5.574977013567   5.577737909503  -0.390793445007  -0.389975788725  3.938614  9.0 2455603.99605360      99.00000000
 2455604.5   5.582102138249   5.584860089800  -0.389020086557  -0.388196978834  3.937278  9.0 2455604.99445077      99.00000000
 2455605.5   5.589214409895   5.591969642935  -0.387238486555  -0.386409949961  3.935792  9.0 2455605.99284590      99.00000000
 2455606.5   5.596313669898   5.599066361867  -0.385448868514  -0.384614961531  3.934158  9.0 2455606.99123896      99.00000000
 2455607.5   5.603399670266   5.606149905447  -0.383651472381  -0.382812294225  3.932375  9.0 2455607.98962991      99.00000000
 2455608.5   5.610472298648   5.613220031059  -0.381846510454  -0.381002196713  3.930446  9.0 2455608.98801874      99.00000000
 2455609.5   5.617531356756   5.620276400890  -0.380034212779  -0.379184917809  3.928369  9.1 2455609.98640541      99.00000000
 2455610.5   5.624576779956   5.627318848946  -0.378214784411  -0.377360650646  3.926146  9.1 2455610.98478991      99.00000000
 2455611.5   5.631608408735   5.634347201753  -0.376388454961  -0.375529578879  3.923777  9.1 2455611.98317221      99.00000000
 2455612.5   5.638626199617   5.641361508195  -0.374555437187  -0.373691847925  3.921262  9.1 2455612.98155231      99.00000000
 2455613.5   5.645629991464   5.648361774835  -0.372715978401  -0.371847641910  3.918601  9.1 2455613.97993018      99.00000000
 2455614.5   5.652619715575   5.655348108934  -0.370870316192  -0.369997163273  3.915795  9.1 2455614.97830581      99.00000000
 2455615.5   5.659595167939   5.662320427257  -0.369018727311  -0.368140691224  3.912843  9.1 2455615.97667918      99.00000000
 2455616.5   5.666556227808   5.669278645537  -0.367161478110  -0.366278524956  3.909746  9.1 2455616.97505026      99.00000000
 2455617.5   5.673502639243   5.676222468277  -0.365298871302  -0.364411014919  3.906503  9.1 2455617.97341901      99.00000000
 2455618.5   5.680434235435   5.683151641139  -0.363431193653  -0.362538495380  3.903115  9.1 2455618.97178542      99.00000000
 2455619.5   5.687350723529   5.690065766455  -0.361558763645  -0.360661322412  3.899582  9.1 2455619.97014941      99.00000000
 2455620.5   5.694251908832   5.696964551088  -0.359681878679  -0.358779816523  3.895904  9.2 2455620.96851098      99.00000000
 2455621.5   5.701137479000   5.703847605868  -0.357800864742  -0.356894311790  3.892081  9.2 2455621.96687005      99.00000000
 2455622.5   5.708007226471   5.710714675959  -0.355916023291  -0.355005104077  3.888114  9.2 2455622.96522660      99.00000000
 2455623.5   5.714860831848   5.717565427296  -0.354027682588  -0.353112505104  3.884003  9.2 2455623.96358058      99.00000000
 2455624.5   5.721698085136   5.724399666545  -0.352136143860  -0.351216791834  3.879749  9.2 2455624.96193195      99.00000000
 2455625.5   5.728518668951   5.731217119743  -0.350241733949  -0.349318263033  3.875352  9.2 2455625.96028066      99.00000000
 2455626.5   5.735322379043   5.738017645262  -0.348344750578  -0.347417188273  3.870813  9.2 2455626.95862668      99.00000000
 2455627.5   5.742108907471   5.744801007892  -0.346445516285  -0.345513865537  3.866133  9.2 2455627.95696996      99.00000000
 2455628.5   5.748878062396   5.751567088777  -0.344544322816  -0.343608568367  3.861312  9.2 2455628.95531048      99.00000000
 2455629.5   5.755629551151   5.758315659587  -0.342641486328  -0.341701603118  3.856351  9.2 2455629.95364819      99.00000000
 2455630.5   5.762363199384   5.765046593946  -0.340737290854  -0.339793253388  3.851251  9.2 2455630.95198307      99.00000000
 2455631.5   5.769078734281   5.771759644516  -0.338832044603  -0.337883836818  3.846014  9.2 2455631.95031507      99.00000000
 2455632.5   5.775776003631   5.778454656816  -0.336926022268  -0.335973647109  3.840639  9.2 2455632.94864417      99.00000000
 2455633.5   5.782454759886   5.785131349308  -0.335019522194  -0.334063010444  3.835129  9.2 2455633.94697034      99.00000000
 2455634.5   5.789114879842   5.791789530812  -0.333112807451  -0.332152224358  3.829483  9.2 2455634.94529356      99.00000000
 2455635.5   5.795756149826   5.798428888696  -0.331206164046  -0.330241611563  3.823703  9.2 2455635.94361379      99.00000000
 2455636.5   5.802378485463   5.805049221471  -0.329299841425  -0.328331452310  3.817790  9.2 2455636.94193102      99.00000000
 2455637.5   5.808981715997   5.811650250743  -0.327394112979  -0.326422033675  3.811744  9.3 2455637.94024522      99.00000000
 2455638.5   5.815565800364   5.818231877460  -0.325489217795  -0.324513579978  3.805568  9.3 2455638.93855638      99.00000000
 2455639.5   5.822130605367   5.824793997723  -0.323585425320  -0.322606313928  3.799261  9.3 2455639.93686448      99.00000000
 2455640.5   5.828676113214   5.831336717739  -0.321682979239  -0.320700411778  3.792824  9.3 2455640.93516952      99.00000000
 2455641.5   5.835202192171   5.837860084506  -0.319782164955  -0.318796096086  3.786258  9.3 2455641.93347148      99.00000000
 2455642.5   5.841708800480   5.844364217511  -0.317883251567  -0.316893603393  3.779563  9.3 2455642.93177035      99.00000000
 2455643.5   5.848195760183   5.850849021038  -0.315986556711  -0.314993259914  3.772741  9.3 2455643.93006611      99.00000000
 2455644.5   5.854662969565   5.857314378825  -0.314092382328  -0.313095408435  3.765790  9.3 2455644.92835874      99.00000000
 2455645.5   5.861110187632   5.863759963645  -0.312201075860  -0.311200450232  3.758711  9.3 2455645.92664820      99.00000000
 2455646.5   5.867537255070   5.870185500181  -0.310312962247  -0.309308759214  3.751506  9.3 2455646.92493447      99.00000000
 2455647.5   5.873943883394   5.876590589886  -0.308428405573  -0.307420733731  3.744174  9.3 2455647.92321749      99.00000000
 2455648.5   5.880329876759   5.882974953185  -0.306547740921  -0.305536725774  3.736716  9.3 2455648.92149724      99.00000000
 2455649.5   5.886694919740   5.889338224764  -0.304671338506  -0.303657106951  3.729133  9.3 2455649.91977366      99.00000000
 2455650.5   5.893038796965   5.895680172716  -0.302799535879  -0.301782203946  3.721426  9.3 2455650.91804671      99.00000000
 2455651.5   5.899361178850   5.902000480649  -0.300932704086  -0.299912368203  3.713595  9.3 2455651.91631634      99.00000000
 2455652.5   5.905661839848   5.908298960734  -0.299071179413  -0.298047910794  3.705642  9.3 2455652.91458252      99.00000000
 2455653.5   5.911940443366   5.914575332650  -0.297215330807  -0.296189173026  3.697566  9.3 2455653.91284519      99.00000000
 2455654.5   5.918196759834   5.920829434401  -0.295365490621  -0.294336460191  3.689370  9.3 2455654.91110431      99.00000000
 2455655.5   5.924430451616   5.927060999094  -0.293522023011  -0.292490113156  3.681055  9.3 2455655.90935984      99.00000000
 2455656.5   5.930641291388   5.933269864160  -0.291685253595  -0.290650440851  3.672620  9.3 2455656.90761174      99.00000000
 2455657.5   5.936828947119   5.939455747533  -0.289855538898  -0.288817792126  3.664069  9.3 2455657.90585996      99.00000000
 2455658.5   5.942993200679   5.945618458582  -0.288033195057  -0.286992485785  3.655401  9.3 2455658.90410446      99.00000000
 2455659.5   5.949133732696   5.951757677709  -0.286218568416  -0.285174881547  3.646619  9.3 2455659.90234520      99.00000000
 2455660.5   5.955250341342   5.957873172525  -0.284411963326  -0.283365306827  3.637723  9.3 2455660.90058215      99.00000000
 2455661.5   5.961342727121   5.963964583668  -0.282613713887  -0.281564126307  3.628715  9.3 2455661.89881526      99.00000000
 2455662.5   5.967410712096   5.970031648964  -0.280824110836  -0.279771665047  3.619596  9.3 2455662.89704450      99.00000000
 2455663.5   5.973454024709   5.976073998889  -0.279043474571  -0.277988276033  3.610368  9.3 2455663.89526983      99.00000000
 2455664.5   5.979472519171   5.982091393782  -0.277272081574  -0.276214258871  3.601031  9.3 2455664.89349123      99.00000000
 2455665.5   5.985465959036   5.988083533183  -0.275510239618  -0.274449926026  3.591588  9.3 2455665.89170865      99.00000000
 2455666.5   5.991434234165   5.994050301447  -0.273758215107  -0.272695522528  3.582039  9.3 2455666.88992208      99.00000000
 2455667.5   5.997377139003   5.999991565338  -0.272016312052  -0.270951304110  3.572386  9.3 2455667.88813148      99.00000000
 2455668.5   6.003294582726   6.005907375847  -0.270284801330  -0.269217477435  3.562629  9.3 2455668.88633685      99.00000000
 2455669.5   6.009186359611   6.011797693959  -0.268564002802  -0.267494304629  3.552771  9.3 2455669.88453814      99.00000000
 2455670.5   6.015052354427   6.017662530723  -0.266854213443  -0.265782054877  3.542810  9.3 2455670.88273535      99.00000000
 2455671.5   6.020892312721   6.023501668357  -0.265155787555  -0.264081095338  3.532749  9.3 2455671.88092843      99.00000000
 2455672.5   6.026706052969   6.029314867096  -0.263469058737  -0.262391804762  3.522589  9.3 2455672.87911736      99.00000000
 2455673.5   6.032493246671   6.035101680628  -0.261794415716  -0.260714629200  3.512329  9.3 2455673.87730208      99.00000000
 2455674.5   6.038253640993   6.040861726861  -0.260132219396  -0.259049979629  3.501970  9.3 2455674.87548254      99.00000000
 2455675.5   6.043986845203   6.046594510536  -0.258482878300  -0.257398296789  3.491515  9.3 2455675.87365869      99.00000000
 2455676.5   6.049692556340   6.052299664636  -0.256846765159  -0.255759965895  3.480962  9.3 2455676.87183048      99.00000000
 2455677.5   6.055370344464   6.057976736155  -0.255224295117  -0.254135398180  3.470315  9.3 2455677.86999782      99.00000000
 2455678.5   6.061019876483   6.063625402797  -0.253615843085  -0.252524953001  3.459573  9.3 2455678.86816068      99.00000000
 2455679.5   6.066640698268   6.069245246597  -0.252021824497  -0.250929022960  3.448738  9.3 2455679.86631897      99.00000000
 2455680.5   6.072232456935   6.074835968337  -0.250442612486  -0.249347954429  3.437811  9.3 2455680.86447264      99.00000000
 2455681.5   6.077794681129   6.080397161070  -0.248878620105  -0.247782132585  3.426794  9.3 2455681.86262161      99.00000000
 2455682.5   6.083327003413   6.085928525693  -0.247330216414  -0.246231900059  3.415688  9.3 2455682.86076583      99.00000000
 2455683.5   6.088828940124   6.091429643538  -0.245797809560  -0.244697642795  3.404494  9.3 2455683.85890522      99.00000000
 2455684.5   6.094300115012   6.096900191560  -0.244281761450  -0.243179707595  3.393214  9.3 2455684.85703973      99.00000000
 2455685.5   6.099740039259   6.102339713783  -0.242782471674  -0.241678488801  3.381850  9.3 2455685.85516927      99.00000000
 2455686.5   6.105148336559   6.107747838943  -0.241300290939  -0.240194343515  3.370402  9.3 2455686.85329379      99.00000000
 2455687.5   6.110524522992   6.113124056398  -0.239835606209  -0.238727677047  3.358873  9.3 2455687.85141321      99.00000000
 2455688.5   6.115868233031   6.118467942884  -0.238388753322  -0.237278853722  3.347265  9.3 2455688.84952748      99.00000000
 2455689.5   6.121178998506   6.123778948389  -0.236960103762  -0.235848279723  3.335579  9.3 2455689.84763652      99.00000000
 2455690.5   6.126456474881   6.129056635054  -0.235549976799  -0.234436309300  3.323816  9.3 2455690.84574028      99.00000000
 2455691.5   6.131700218637   6.134300472224  -0.234158728214  -0.233043326344  3.311980  9.3 2455691.84383869      99.00000000
 2455692.5   6.136909913187   6.139510082813  -0.232786662295  -0.231669648774  3.300071  9.3 2455692.84193169      99.00000000
 2455693.5   6.142085143582   6.144685038278  -0.231434123052  -0.230315613323  3.288091  9.3 2455693.84001922      99.00000000
 2455694.5   6.147225620412   6.149825096244  -0.230101406798  -0.228981485171  3.276042  9.3 2455694.83810124      99.00000000
 2455695.5   6.152330949318   6.154929969088  -0.228788856677  -0.227667556194  3.263925  9.3 2455695.83617768      99.00000000
 2455696.5   6.157400850140   6.159999519686  -0.227496776231  -0.226374070814  3.251743  9.2 2455696.83424850      99.00000000
 2455697.5   6.162434919423   6.165033479497  -0.226225526616  -0.225101342232  3.239495  9.2 2455697.83231362      99.00000000
 2455698.5   6.167432845998   6.170031614332  -0.224975438819  -0.223849682750  3.227185  9.2 2455698.83037302      99.00000000
 2455699.5   6.172394171714   6.174993455687  -0.223746909666  -0.222619507201  3.214812  9.2 2455699.82842661      99.00000000
 2455700.5   6.177318512260   6.179918529066  -0.222540308397  -0.221411231562  3.202378  9.2 2455700.82647433      99.00000000
 2455701.5   6.182205325207   6.184806160685  -0.221356068721  -0.220225346600  3.189885  9.2 2455701.82451610      99.00000000
 2455702.5   6.187054141607   6.189655755074  -0.220194589865  -0.219062300365  3.177333  9.2 2455702.82255184      99.00000000
 2455703.5   6.191864340855   6.194466602059  -0.219056327658  -0.217922578471  3.164724  9.2 2455703.82058144      99.00000000
 2455704.5   6.196635387761   6.199238124686  -0.217941694282  -0.216806601973  3.152060  9.2 2455704.81860482      99.00000000
 2455705.5   6.201366606982   6.203969649042  -0.216851152077  -0.215714825046  3.139341  9.2 2455705.81662187      99.00000000
 2455706.5   6.206057419590   6.208660629347  -0.215785114001  -0.214647641083  3.126570  9.2 2455706.81463251      99.00000000
 2455707.5   6.210707113623   6.213310406914  -0.214744040542  -0.213605484675  3.113749  9.2 2455707.81263660      99.00000000
 2455708.5   6.215315079359   6.217918435996  -0.213728340134  -0.212588735763  3.100878  9.2 2455708.81063407      99.00000000
 2455709.5   6.219880576761   6.222484044161  -0.212738468002  -0.211597821231  3.087960  9.2 2455709.80862478      99.00000000
 2455710.5   6.224402971171   6.227006661756  -0.211774825332  -0.210633116372  3.074997  9.2 2455710.80660864      99.00000000
 2455711.5   6.228881499438   6.231485581604  -0.210837859135  -0.209695047247  3.061990  9.2 2455711.80458554      99.00000000
 2455712.5   6.233315507807   6.235920189217  -0.209927959508  -0.208783990810  3.048943  9.2 2455712.80255536      99.00000000
 2455713.5   6.237704217996   6.240309720763  -0.209045560283  -0.207900378554  3.035856  9.1 2455713.80051799      99.00000000
 2455714.5   6.242046968151   6.244653497088  -0.208191034459  -0.207044594201  3.022732  9.1 2455714.79847332      99.00000000
 2455715.5   6.246342978890   6.248950687345  -0.207364796172  -0.206217075977  3.009573  9.1 2455715.79642123      99.00000000
 2455716.5   6.250591596624   6.253200556950  -0.206567195131  -0.205418208370  2.996382  9.1 2455716.79436162      99.00000000
 2455717.5   6.254792057970   6.257402245436  -0.205798620969  -0.204648420396  2.983161  9.1 2455717.79229436      99.00000000
 2455718.5   6.258943733403   6.261555030502  -0.205059397716  -0.203908071452  2.969912  9.1 2455718.79021937      99.00000000
 2455719.5   6.263045887760   6.265658111700  -0.204349891364  -0.203197549674  2.956638  9.1 2455719.78813651      99.00000000
 2455720.5   6.267097922356   6.269710871992  -0.203670404773  -0.202517159595  2.943341  9.1 2455720.78604570      99.00000000
 2455721.5   6.271099130110   6.273712642892  -0.203021288526  -0.201867230002  2.930023  9.1 2455721.78394682      99.00000000
 2455722.5   6.275048935289   6.277662940101  -0.202402836008  -0.201248011859  2.916687  9.1 2455722.78183979      99.00000000
 2455723.5   6.278946642622   6.281561193129  -0.201815397105  -0.200659801039  2.903334  9.1 2455723.77972449      99.00000000
 2455724.5   6.282791674471   0.002221642586  -0.201259272702  -0.200102846760  2.889968  9.1 2455724.77760083      99.00000000
 2455725.5   0.003398007170   0.006014274864  -0.200734830018  -0.199577482217  2.876589  9.0 2455725.77546869      99.00000000
 2455726.5   0.007135636344   0.009753186130  -0.200242394505  -0.199084027695  2.863201  9.0 2455726.77332800      99.00000000
 2455727.5   0.010818475747   0.013437545086  -0.199782364183  -0.198622906773  2.849804  9.0 2455727.77117861      99.00000000
 2455728.5   0.014445828077   0.017066546253  -0.199355096134  -0.198194523898  2.836401  9.0 2455728.76902042      99.00000000
 2455729.5   0.018016824469   0.020639193218  -0.198961018002  -0.197799360089  2.822994  9.0 2455729.76685329      99.00000000
 2455730.5   0.021530676760   0.024154588459  -0.198600509038  -0.197437838515  2.809584  9.0 2455730.76467710      99.00000000
 2455731.5   0.024986429710   0.027611709829  -0.198274010825  -0.197110425841  2.796175  9.0 2455731.76249169      99.00000000
 2455732.5   0.028383220458   0.031009675929  -0.197981906143  -0.196817509433  2.782767  9.0 2455732.76029691      99.00000000
 2455733.5   0.031720030710   0.034347490750  -0.197724632313  -0.196559514457  2.769364  9.0 2455733.75809262      99.00000000
 2455734.5   0.034995947786   0.037624291301  -0.197502560181  -0.196336788740  2.755968  9.0 2455734.75587866      99.00000000
 2455735.5   0.038209912540   0.040839082671  -0.197316111020  -0.196149725092  2.742580  8.9 2455735.75365487      99.00000000
 2455736.5   0.041360980112   0.043990988703  -0.197165635292  -0.195998644181  2.729205  8.9 2455736.75142109      99.00000000
 2455737.5   0.044448063446   0.047078988484  -0.197051532119  -0.195883916829  2.715844  8.9 2455737.74917716      99.00000000
 2455738.5   0.047470195085   0.050102172530  -0.196974126516  -0.195805843472  2.702500  8.9 2455738.74692292      99.00000000
 2455739.5   0.050426268103   0.053059478234  -0.196933790280  -0.195764777282  2.689176  8.9 2455739.74465820      99.00000000
 2455740.5   0.053315301172   0.055949948258  -0.196930816708  -0.195761001633  2.675875  8.9 2455740.74238285      99.00000000
 2455741.5   0.056136178863   0.058772463612  -0.196965542358  -0.195794854864  2.662599  8.9 2455741.74009668      99.00000000
 2455742.5   0.058887921734   0.061526007758  -0.197038219136  -0.195866604814  2.649353  8.9 2455742.73779956      99.00000000
 2455743.5   0.061569426738   0.064209406271  -0.197149137501  -0.195976572272  2.636139  8.8 2455743.73549130      99.00000000
 2455744.5   0.064179741948   0.066821609893  -0.197298497131  -0.196124998005  2.622960  8.8 2455744.73317176      99.00000000
 2455745.5   0.066717804802   0.069361452525  -0.197486533499  -0.196312160894  2.609820  8.8 2455745.73084077      99.00000000
 2455746.5   0.069182717677   0.071827954343  -0.197713389249  -0.196538237605  2.596721  8.8 2455746.72849818      99.00000000
 2455747.5   0.071573479027   0.074220079647  -0.197979245997  -0.196803423102  2.583668  8.8 2455747.72614385      99.00000000
 2455748.5   0.073889255391   0.076537023384  -0.198284197196  -0.197107797447  2.570664  8.8 2455748.72377764      99.00000000
 2455749.5   0.076129102629   0.078777927944  -0.198628384560  -0.197451464225  2.557711  8.8 2455749.72139939      99.00000000
 2455750.5   0.078292234381   0.080942128525  -0.199011870475  -0.197834432862  2.544813  8.8 2455750.71900899      99.00000000
 2455751.5   0.080377735681   0.083028833132  -0.199434776461  -0.198256771450  2.531973  8.7 2455751.71660629      99.00000000
 2455752.5   0.082384831754   0.085037357697  -0.199897152487  -0.198718490431  2.519195  8.7 2455752.71419118      99.00000000
 2455753.5   0.084312598069   0.086966812374  -0.200399115372  -0.199219691156  2.506480  8.7 2455753.71176351      99.00000000
 2455754.5   0.086160233453   0.088816366852  -0.200940713374  -0.199760433864  2.493833  8.7 2455754.70932315      99.00000000
 2455755.5   0.087926770055   0.090584970625  -0.201522063390  -0.200340870512  2.481256  8.7 2455755.70686995      99.00000000
 2455756.5   0.089611354253   0.092271658436  -0.202143210033  -0.200961093404  2.468752  8.7 2455756.70440379      99.00000000
 2455757.5   0.091212959450   0.093875293684  -0.202804261424  -0.201621257864  2.456324  8.7 2455757.70192448      99.00000000
 2455758.5   0.092730676873   0.095394885434  -0.203505243363  -0.202321425126  2.443975  8.6 2455758.69943190      99.00000000
 2455759.5   0.094163431325   0.096829318889  -0.204246235342  -0.203061691931  2.431708  8.6 2455759.69692587      99.00000000
 2455760.5   0.095510280049   0.098177655364  -0.205027222122  -0.203842041532  2.419527  8.6 2455760.69440624      99.00000000
 2455761.5   0.096770127700   0.099438838460  -0.205848232482  -0.204662486133  2.407435  8.6 2455761.69187283      99.00000000
 2455762.5   0.097942029057   0.100611983466  -0.206709190192  -0.205522923533  2.395436  8.6 2455762.68932551      99.00000000
 2455763.5   0.099024899354   0.101696075047  -0.207610056594  -0.206423285116  2.383532  8.6 2455763.68676409      99.00000000
 2455764.5   0.100017818497   0.102690261530  -0.208550681029  -0.207363390578  2.371728  8.5 2455764.68418844      99.00000000
 2455765.5   0.100919735850   0.103593552939  -0.209530946578  -0.208343096576  2.360027  8.5 2455765.68159839      99.00000000
 2455766.5   0.101729776637   0.104405122399  -0.210550618796  -0.209362147686  2.348434  8.5 2455766.67899381      99.00000000
 2455767.5   0.102446942697   0.105124002445  -0.211609493351  -0.210420325989  2.336951  8.5 2455767.67637454      99.00000000
 2455768.5   0.103070423398   0.105749390650  -0.212707241941  -0.211517299359  2.325583  8.5 2455768.67374045      99.00000000
 2455769.5   0.103599294768   0.106280343106  -0.213843561009  -0.212652772713  2.314335  8.5 2455769.67109141      99.00000000
 2455770.5   0.104032837370   0.106716087861  -0.215018014562  -0.213826332863  2.303209  8.4 2455770.66842730      99.00000000
 2455771.5   0.104370235408   0.107055725107  -0.216230184501  -0.215037598491  2.292211  8.4 2455771.66574800      99.00000000
 2455772.5   0.104610901719   0.107298563353  -0.217479511961  -0.216286056705  2.281345  8.4 2455772.66305342      99.00000000
 2455773.5   0.104754174259   0.107443840263  -0.218765452075  -0.217571207187  2.270614  8.4 2455773.66034345      99.00000000
 2455774.5   0.104799642551   0.107491081855  -0.220087317474  -0.218892391305  2.260024  8.4 2455774.65761804      99.00000000
 2455775.5   0.104746833130   0.107439816095  -0.221444440837  -0.220248942120  2.249578  8.4 2455775.65487710      99.00000000
 2455776.5   0.104595528919   0.107289899328  -0.222836022105  -0.221640028268  2.239281  8.3 2455776.65212061      99.00000000
 2455777.5   0.104345438264   0.107041164367  -0.224261297208  -0.223064831656  2.229137  8.3 2455777.64934852      99.00000000
 2455778.5   0.103996508141   0.106693692839  -0.225719384350  -0.224522411634  2.219149  8.3 2455778.64656082      99.00000000
 2455779.5   0.103548583816   0.106247433072  -0.227209452667  -0.226011892095  2.209321  8.3 2455779.64375750      99.00000000
 2455780.5   0.103001726415   0.105702490948  -0.228730562141  -0.227532313345  2.199658  8.3 2455780.64093858      99.00000000
 2455781.5   0.102355873040   0.105058784672  -0.230281829123  -0.229082800171  2.190163  8.3 2455781.63810403      99.00000000
 2455782.5   0.101611165180   0.104316385396  -0.231862259569  -0.230662389842  2.180839  8.2 2455782.63525389      99.00000000
 2455783.5   0.100767611732   0.103475202848  -0.233470912834  -0.232270185987  2.171691  8.2 2455783.63238816      99.00000000
 2455784.5   0.099825428044   0.102535349487  -0.235106730377  -0.233905176201  2.162722  8.2 2455784.62950688      99.00000000
 2455785.5   0.098784700361   0.101496827066  -0.236768699739  -0.235566386181  2.153934  8.2 2455785.62661006      99.00000000
 2455786.5   0.097645733861   0.100359889457  -0.238455680390  -0.237252698969  2.145333  8.2 2455786.62369775      99.00000000
 2455787.5   0.096408716849   0.099124712758  -0.240166569254  -0.238963017786  2.136922  8.1 2455787.62076998      99.00000000
 2455788.5   0.095074075912   0.097791747443  -0.241900125174  -0.240696091806  2.128704  8.1 2455788.61782682      99.00000000
 2455789.5   0.093642137557   0.096361370930  -0.243655137292  -0.242450688546  2.120682  8.1 2455789.61486832      99.00000000
 2455790.5   0.092113487835   0.094834235148  -0.245430249434  -0.244225423612  2.112862  8.1 2455790.61189458      99.00000000
 2455791.5   0.090488628796   0.093210911531  -0.247224132072  -0.246018937791  2.105246  8.1 2455791.60890566      99.00000000
 2455792.5   0.088768340502   0.091492243678  -0.249035306930  -0.247829725841  2.097839  8.1 2455792.60590172      99.00000000
 2455793.5   0.086953331186   0.089678991173  -0.250862322080  -0.249656314442  2.090643  8.0 2455793.60288284      99.00000000
 2455794.5   0.085044601600   0.087772189454  -0.252703576027  -0.251497088300  2.083663  8.0 2455794.59984921      99.00000000
 2455795.5   0.083043089930   0.085772791372  -0.254557494746  -0.253350468676  2.076903  8.0 2455795.59680096      99.00000000
 2455796.5   0.080950040284   0.083682032116  -0.256422354266  -0.255214737502  2.070367  8.0 2455796.59373830      99.00000000
 2455797.5   0.078766644779   0.081501067975  -0.258296458661  -0.257088216737  2.064057  8.0 2455797.59066141      99.00000000
 2455798.5   0.076494418579   0.079231349373  -0.260177960916  -0.258969089848  2.057978  7.9 2455798.58757055      99.00000000
 2455799.5   0.074134841124   0.076874265498  -0.262065042312  -0.260855579333  2.052134  7.9 2455799.58446594      99.00000000
 2455800.5   0.071689737898   0.074431539240  -0.263955733532  -0.262745761513  2.046527  7.9 2455800.58134788      99.00000000
 2455801.5   0.069160918077   0.071904891161  -0.265848098717  -0.264637738613  2.041162  7.9 2455801.57821665      99.00000000
 2455802.5   0.066550555781   0.069296455114  -0.267740061572  -0.266529449753  2.036042  7.9 2455802.57507258      99.00000000
 2455803.5   0.063860812942   0.066608428234  -0.269629598436  -0.268418852804  2.031170  7.9 2455803.57191603      99.00000000
 2455804.5   0.061094207433   0.063843438184  -0.271514571473  -0.270303759259  2.026549  7.8 2455804.56874739      99.00000000
 2455805.5   0.058253213344   0.061004107371  -0.273392927597  -0.272182050327  2.022181  7.8 2455805.56556704      99.00000000
 2455806.5   0.055340618089   0.058093354535  -0.275262530573  -0.274051533943  2.018069  7.8 2455806.56237543      99.00000000
 2455807.5   0.052359113810   0.055113941334  -0.277121354724  -0.275910157654  2.014216  7.8 2455807.55917298      99.00000000
 2455808.5   0.049311662917   0.052068823234  -0.278967307281  -0.277755836134  2.010623  7.8 2455808.55596017      99.00000000
 2455809.5   0.046201097916   0.048960763999  -0.280798413463  -0.279586628569  2.007292  7.8 2455809.55273744      99.00000000
 2455810.5   0.043030503629   0.045792746667  -0.282612631766  -0.281400540403  2.004225  7.7 2455810.54950528      99.00000000
 2455811.5   0.039802824919   0.042567610458  -0.284408035973  -0.283195692232  2.001423  7.7 2455811.54626415      99.00000000
 2455812.5   0.036521259131   0.039288464738  -0.286182629379  -0.284970124634  1.998888  7.7 2455812.54301456      99.00000000
 2455813.5   0.033188864572   0.035958310222  -0.287934527608  -0.286721975834  1.996621  7.7 2455813.53975697      99.00000000
 2455814.5   0.029808957167   0.032580440247  -0.289661773985  -0.288449295529  1.994623  7.7 2455814.53649192      99.00000000
 2455815.5   0.026384716463   0.029158045639  -0.291362523574  -0.290150230085  1.992896  7.7 2455815.53321990      99.00000000
 2455816.5   0.022919584564   0.025694607607  -0.293034859784  -0.291822842320  1.991440  7.7 2455816.52994145      99.00000000
 2455817.5   0.019416869075   0.022193491750  -0.294676979298  -0.293465300899  1.990256  7.7 2455817.52665708      99.00000000
 2455818.5   0.015880143444   0.018658337806  -0.296287010017  -0.295075703178  1.989346  7.7 2455818.52336737      99.00000000
 2455819.5   0.012312846327   0.015092649028  -0.297863196765  -0.296652265475  1.988709  7.7 2455819.52007284      99.00000000
 2455820.5   0.008718682259   0.011500184173  -0.299403720691  -0.298193146140  1.988347  7.6 2455820.51677409      99.00000000
 2455821.5   0.005101217074   0.007884546927  -0.300906885340  -0.299696634105  1.988261  7.6 2455821.51347167      99.00000000
 2455822.5   0.001464278524   0.004249582487  -0.302370937134  -0.301160970734  1.988449  7.6 2455822.51016619      99.00000000
 2455823.5   6.280996855788   0.000598967743  -0.303794250862  -0.302584535943  1.988914  7.7 2455823.50685823      99.00000000
 2455824.5   6.277332272358   6.280121918596  -0.305175150502  -0.303965669083  1.989654  7.7 2455824.50354840      99.00000000
 2455825.5   6.273659620518   6.276451552501  -0.306512093245  -0.305302852467  1.990671  7.7 2455825.50023730 2455826.49692555
 2455826.5   6.269982936976   6.272777137564  -0.307803490464  -0.306594530692  1.991963  7.7 2455827.49361381      99.00000000
 2455827.5   6.266306102394   6.269102463008  -0.309047890559  -0.307839289582  1.993530  7.7 2455828.49030265      99.00000000
 2455828.5   6.262633248327   6.265431568347  -0.310243801806  -0.309035671455  1.995373  7.7 2455829.48699276      99.00000000
 2455829.5   6.258968348159   6.261768360106  -0.311389876827  -0.310182348219  1.997490  7.7 2455830.48368475      99.00000000
 2455830.5   6.255315619612   6.258117045446  -0.312484741529  -0.311277937916  1.999881  7.7 2455831.48037929      99.00000000
 2455831.5   6.251679103742   6.254481732844  -0.313527185039  -0.312321188528  2.002544  7.7 2455832.47707700      99.00000000
 2455832.5   6.248063050479   6.250866808439  -0.314515996292  -0.313310822709  2.005478  7.7 2455833.47377858      99.00000000
 2455833.5   6.244471478523   6.247276448971  -0.315450155523  -0.314245752757  2.008681  7.8 2455834.47048461      99.00000000
 2455834.5   6.240908547794   6.243714929693  -0.316328668791  -0.315124942496  2.012152  7.8 2455835.46719576      99.00000000
 2455835.5   6.237378118711   6.240186139913  -0.317150748068  -0.315947602401  2.015888  7.8 2455836.46391260      99.00000000
 2455836.5   6.233884137029   6.236693967089  -0.317915633888  -0.316713007426  2.019886  7.8 2455837.46063577      99.00000000
 2455837.5   6.230430214279   6.233241911312  -0.318622761871  -0.317420645565  2.024145  7.8 2455838.45736577      99.00000000
 2455838.5   6.227020032722   6.229833532467  -0.319271579608  -0.318070015669  2.028661  7.8 2455839.45410320      99.00000000
 2455839.5   6.223656941439   6.226472077876  -0.319861709459  -0.318660777886  2.033431  7.9 2455840.45084853      99.00000000
 2455840.5   6.220344367942   6.223160909164  -0.320392768640  -0.319192568915  2.038453  7.9 2455841.44760230      99.00000000
 2455841.5   6.217085417198   6.219903104381  -0.320864533391  -0.319665166759  2.043723  7.9 2455842.44436497      99.00000000
 2455842.5   6.213883280896   6.216701862939  -0.321276763797  -0.320078318698  2.049239  7.9 2455843.44113703      99.00000000
 2455843.5   6.210740835808   6.213560097042  -0.321629368460  -0.320431910068  2.054998  7.9 2455844.43791890      99.00000000
 2455844.5   6.207661049889   6.210480829458  -0.321922232483  -0.320725796416  2.060996  7.9 2455845.43471105      99.00000000
 2455845.5   6.204646581353   6.207466783919  -0.322155381098  -0.320959971396  2.067231  8.0 2455846.43151387      99.00000000
 2455846.5   6.201700182753   6.204520779936  -0.322328809891  -0.321134400988  2.073699  8.0 2455847.42832779      99.00000000
 2455847.5   6.198824302056   6.201645325268  -0.322442646922  -0.321249189242  2.080397  8.0 2455848.42515316      99.00000000
 2455848.5   6.196021484880   6.198843010299  -0.322496985164  -0.321304413505  2.087321  8.0 2455849.42199039      99.00000000
 2455849.5   6.193293977752   6.196116105642  -0.322492043218  -0.321300286931  2.094469  8.0 2455850.41883980      99.00000000
 2455850.5   6.190644127980   6.193466958597  -0.322428000081  -0.321236993700  2.101838  8.1 2455851.41570177      99.00000000
 2455851.5   6.188073989169   6.190897598122  -0.322305154377  -0.321114847643  2.109423  8.1 2455852.41257659      99.00000000
 2455852.5   6.185585718693   6.188410133775  -0.322123761250  -0.320934127419  2.117221  8.1 2455853.40946460      99.00000000
 2455853.5   6.183181186275   6.186006368402  -0.321884189859  -0.320695231442  2.125229  8.1 2455854.40636607      99.00000000
 2455854.5   6.180862369678   6.183688200470  -0.321586762291  -0.320398512960  2.133444  8.1 2455855.40328132      99.00000000
 2455855.5   6.178630967154   6.181457247610  -0.321231909644  -0.320044430841  2.141862  8.1 2455856.40021057      99.00000000
 2455856.5   6.176488790825   6.179315256530  -0.320820013961  -0.319633384150  2.150478  8.2 2455857.39715412      99.00000000
 2455857.5   6.174437381018   6.177263739640  -0.320351564787  -0.319165860270  2.159290  8.2 2455858.39411218      99.00000000
 2455858.5   6.172478392319   6.175304383214  -0.319827006663  -0.318642275570  2.168294  8.2 2455859.39108502      99.00000000
 2455859.5   6.170613202396   6.173438666011  -0.319246898688  -0.318063135432  2.177486  8.2 2455860.38807281      99.00000000
 2455860.5   6.168843282104   6.171668210451  -0.318611768422  -0.317428900978  2.186860  8.2 2455861.38507580      99.00000000
 2455861.5   6.167169793842   6.169994329648  -0.317922271729  -0.316740173121  2.196415  8.2 2455862.38209414      99.00000000
 2455862.5   6.165593949320   6.168418322313  -0.317179045713  -0.315997569299  2.206143  8.3 2455863.37912802      99.00000000
 2455863.5   6.164116612857   6.166941039914  -0.316382858717  -0.315201881842  2.216042  8.3 2455864.37617753      99.00000000
 2455864.5   6.162738669209   6.165563266863  -0.315534453825  -0.314353908879  2.226107  8.3 2455865.37324282      99.00000000
 2455865.5   6.161460651320   6.164285396690  -0.314634687113  -0.313454568727  2.236333  8.3 2455866.37032392      99.00000000
 2455866.5   6.160283124898   6.163107867533  -0.313684367366  -0.312504719016  2.246715  8.3 2455867.36742093      99.00000000
 2455867.5   6.159206333201   6.162030837551  -0.312684392544  -0.311505283826  2.257249  8.4 2455868.36453384      99.00000000
 2455868.5   6.158230582793   6.161054577976  -0.311635594758  -0.310457099039  2.267930  8.4 2455869.36166271      99.00000000
 2455869.5   6.157355890412   6.160179113358  -0.310538880081  -0.309361057573  2.278755  8.4 2455870.35880751      99.00000000
 2455870.5   6.156582360289   6.159404586821  -0.309395079604  -0.308217966724  2.289718  8.4 2455871.35596826      99.00000000
 2455871.5   6.155909829678   6.158730894069  -0.308205090917  -0.307028695125  2.300816  8.4 2455872.35314490      99.00000000
 2455872.5   6.155338238343   6.158158043108  -0.306969732616  -0.305794031314  2.312045  8.4 2455873.35033744      99.00000000
 2455873.5   6.154867275303   6.157685793007  -0.305689885234  -0.304514828013  2.323400  8.5 2455874.34754581      99.00000000
 2455874.5   6.154496743225   6.157314010643  -0.304366347566  -0.303191861261  2.334877  8.5 2455875.34476998      99.00000000
 2455875.5   6.154226208626   6.157042313896  -0.302999976289  -0.301825972619  2.346473  8.5 2455876.34200986      99.00000000
 2455876.5   6.154055362491   6.156870425567  -0.301591543835  -0.300417929010  2.358184  8.5 2455877.33926542      99.00000000
 2455877.5   6.153983674447   6.156797822576  -0.300141876925  -0.298968562499  2.370005  8.5 2455878.33653656      99.00000000
 2455878.5   6.154010749378   6.156824090132  -0.298651716310  -0.297478629791  2.381934  8.5 2455879.33382323      99.00000000
 2455879.5   6.154135984944   6.156948580771  -0.297121854687  -0.295948948464  2.393966  8.5 2455880.33112531      99.00000000
 2455880.5   6.154358923451   6.157170771495  -0.295552998530  -0.294380255466  2.406097  8.6 2455881.32844274      99.00000000
 2455881.5   6.154678912108   6.157489933240  -0.293945905572  -0.292773340153  2.418325  8.6 2455882.32577541      99.00000000
 2455882.5   6.155095449840   6.157905489817  -0.292301248676  -0.291128902723  2.430645  8.6 2455883.32312325      99.00000000
 2455883.5   6.155607850108   6.158416695410  -0.290619752991  -0.289447685629  2.443054  8.6 2455884.32048612      99.00000000
 2455884.5   6.156215582310   6.159022991728  -0.288902062070  -0.287730333987  2.455548  8.6 2455885.31786397      99.00000000
 2455885.5   6.156917936038   6.159723687114  -0.287148875389  -0.285977528850  2.468124  8.6 2455886.31525666      99.00000000
 2455886.5   6.157714354782   6.160518298590  -0.285360817654  -0.284189855731  2.480777  8.6 2455887.31266411      99.00000000
 2455887.5   6.158604097977   6.161406208026  -0.283538577752  -0.282367949452  2.493505  8.7 2455888.31008620      99.00000000
 2455888.5   6.159586563006   6.162386956268  -0.281682781459  -0.280512381054  2.506303  8.7 2455889.30752284      99.00000000
 2455889.5   6.160660942727   6.163459853201  -0.279794130353  -0.278623816823  2.519168  8.7 2455890.30497389      99.00000000
 2455890.5   6.161826538296   6.164624241920  -0.277873273825  -0.276702906972  2.532094  8.7 2455891.30243924      99.00000000
 2455891.5   6.163082421379   6.165879140066  -0.275920941980  -0.274750421134  2.545080  8.7 2455892.29991873      99.00000000
 2455892.5   6.164427752322   6.167223580243  -0.273937811121  -0.272767098806  2.558120  8.7 2455893.29741224      99.00000000
 2455893.5   6.165861460941   6.168656343256  -0.271924628280  -0.270753750026  2.571210  8.7 2455894.29491957      99.00000000
 2455894.5   6.167382576610   6.170176339204  -0.269882072812  -0.268711097589  2.584347  8.8 2455895.29244057      99.00000000
 2455895.5   6.168989923642   6.171782329676  -0.267810879179  -0.266639892703  2.597526  8.8 2455896.28997505      99.00000000
 2455896.5   6.170682451837   6.173473258677  -0.265711701865  -0.264540783237  2.610745  8.8 2455897.28752284      99.00000000
 2455897.5   6.172458933575   6.175247935371  -0.263585241364  -0.262414447873  2.624000  8.8 2455898.28508374      99.00000000
 2455898.5   6.174318285785   6.177105338341  -0.261432113867  -0.260261473768  2.637287  8.8 2455899.28265759      99.00000000
 2455899.5   6.176259264931   6.179044296121  -0.259252979426  -0.258082490649  2.650603  8.8 2455900.28024418      99.00000000
 2455900.5   6.178280780882   6.181063790926  -0.257048414124  -0.255878046653  2.663945  8.8 2455901.27784336      99.00000000
 2455901.5   6.180381592314   6.183162647245  -0.254819038177  -0.253648738832  2.677309  8.8 2455902.27545491      99.00000000
 2455902.5   6.182560615634   6.185339835172  -0.252565388845  -0.251395087839  2.690694  8.9 2455903.27307869      99.00000000
 2455903.5   6.184816623458   6.187594163715  -0.250288047481  -0.249117666719  2.704095  8.9 2455904.27071448      99.00000000
 2455904.5   6.187148550612   6.189924581624  -0.247987512703  -0.246816975583  2.717510  8.9 2455905.26836215      99.00000000
 2455905.5   6.189555196676   6.192329875891  -0.245664326486  -0.244493568708  2.730936  8.9 2455906.26602148      99.00000000
 2455906.5   6.192035529366   6.194808973811  -0.243318947986  -0.242147927948  2.744370  8.9 2455907.26369234      99.00000000
 2455907.5   6.194588390479   6.197360652546  -0.240951879374  -0.239780586246  2.757810  8.9 2455908.26137453      99.00000000
 2455908.5   6.197212795524   6.199983848003  -0.238563541005  -0.237391998192  2.771254  8.9 2455909.25906791      99.00000000
 2455909.5   6.199907641420   6.202677377124  -0.236154397706  -0.234982660071  2.784697  8.9 2455910.25677230      99.00000000
 2455910.5   6.202672000923   6.205440249581  -0.233724835675  -0.232552979857  2.798139  8.9 2455911.25448757      99.00000000
 2455911.5   6.205504830797   6.208271392464  -0.231275289397  -0.230103398285  2.811576  8.9 2455912.25221354      99.00000000
 2455912.5   6.208405260396   6.211169950413  -0.228806120125  -0.227634263879  2.825007  9.0 2455913.24995009      99.00000000
 2455913.5   6.211372299848   6.214134997199  -0.226317743239  -0.225145960631  2.838427  9.0 2455914.24769705      99.00000000
 2455914.5   6.214405122555   6.217165810362  -0.223810508070  -0.222638792613  2.851835  9.0 2455915.24545431      99.00000000
 2455915.5   6.217502772791   6.220261558269  -0.221284825564  -0.220113121379  2.865228  9.0 2455916.24322171      99.00000000
 2455916.5   6.220664441633   6.223421543976  -0.218741049048  -0.217569260225  2.878603  9.0 2455917.24099914      99.00000000
 2455917.5   6.223889173995   6.226644876081  -0.216179601283  -0.215007615245  2.891958  9.0 2455918.23878642      99.00000000
 2455918.5   6.227176140010   6.229930713521  -0.213600854260  -0.212428573735  2.905289  9.0 2455919.23658345      99.00000000
 2455919.5   6.230524346173   6.233277975195  -0.211005252906  -0.209832625605  2.918594  9.0 2455920.23439005      99.00000000
 2455920.5   6.233932909527   6.236685642727  -0.208393191004  -0.207220225137  2.931869  9.0 2455921.23220610      99.00000000
 2455921.5   6.237400780465   6.240152529915  -0.205765129900  -0.204591889901  2.945112  9.0 2455922.23003140      99.00000000
 2455922.5   6.240927024477   6.243677606120  -0.203121471199  -0.201948057501  2.958321  9.0 2455923.22786583      99.00000000
 2455923.5   6.244510555809   6.247259749528  -0.200462673631  -0.199289196575  2.971492  9.0 2455924.22570919      99.00000000
 2455924.5   6.248150420924   6.250898026313  -0.197789126885  -0.196615684320  2.984622  9.1 2455925.22356135      99.00000000
 2455925.5   6.251845534603   6.254591408736  -0.195101270484  -0.193927933920  2.997711  9.1 2455926.22142213      99.00000000
 2455926.5   6.255594957855   6.258339032801  -0.192399470806  -0.191226280107  3.010754  9.1 2455927.21929139      99.00000000
 2455927.5   6.259397632140   6.262139916840  -0.189684142128  -0.188511106397  3.023751  9.1 2455928.21716896      99.00000000
 2455928.5   6.263252650874   6.265993223222  -0.186955625634  -0.185782727636  3.036698  9.1 2455929.21505471      99.00000000
