2455560.22056106
2455561.21788173
2455562.21520447
2455563.21252926
2455564.20985609
2455565.20718495
2455566.20451582
2455567.20184869
2455568.19918355
2455569.19652037
2455570.19385913
2455571.19119983
2455572.18854243
2455573.18588692
2455574.18323327
2455575.18058148
2455576.17793150
2455577.17528334
2455578.17263696
2455579.16999233
2455580.16734945
2455581.16470829
2455582.16206882
2455583.15943104
2455584.15679490
2455585.15416041
2455586.15152753
2455587.14889625
2455588.14626654
2455589.14363839
2455590.14101177
2455591.13838666
2455592.13576304
2455593.13314088
2455594.13052015
2455595.12790083
2455596.12528288
2455597.12266630
2455598.12005103
2455599.11743706
2455600.11482436
2455601.11221289
2455602.10960263
2455603.10699355
2455604.10438562
2455605.10177882
2455606.09917310
2455607.09656844
2455608.09396481
2455609.09136220
2455610.08876055
2455611.08615986
2455612.08356009
2455613.08096122
2455614.07836321
2455615.07576606
2455616.07316972
2455617.07057418
2455618.06797940
2455619.06538536
2455620.06279203
2455621.06019937
2455622.05760736
2455623.05501597
2455624.05242516
2455625.04983491
2455626.04724517
2455627.04465593
2455628.04206714
2455629.03947878
2455630.03689082
2455631.03430322
2455632.03171594
2455633.02912897
2455634.02654227
2455635.02395581
2455636.02136956
2455637.01878349
2455638.01619757
2455639.01361179
2455640.01102612
2455641.00844058
2455642.00585489
2455643.00326895
2455644.00068337
2455644.99809775
2455645.99551206
2455646.99292627
2455647.99034035
2455648.98775427
2455649.98516800
2455650.98258152
2455651.97999479
2455652.97740779
2455653.97482047
2455654.97223282
2455655.96964480
2455656.96705638
2455657.96446753
2455658.96187822
2455659.95928842
2455660.95669810
2455661.95410724
2455662.95151579
2455663.94892375
2455664.94633107
2455665.94373774
2455666.94114373
2455667.93854900
2455668.93595356
2455669.93335735
2455670.93076037
2455671.92816259
2455672.92556399
2455673.92296453
2455674.92036420
2455675.91776297
2455676.91516081
2455677.91255769
2455678.90995359
2455679.90734849
2455680.90474234
2455681.90213514
2455682.89952684
2455683.89691743
2455684.89430688
2455685.89169515
2455686.88908224
2455687.88646810
2455688.88385273
2455689.88123608
2455690.87861815
2455691.87599890
2455692.87337832
2455693.87075638
2455694.86813308
2455695.86550837
2455696.86288226
2455697.86025472
2455698.85762574
2455699.85499529
2455700.85236335
2455701.84972992
2455702.84709496
2455703.84445846
2455704.84182039
2455705.83918074
2455706.83653949
2455707.83389661
2455708.83125209
2455709.82860591
2455710.82595804
2455711.82330847
2455712.82065718
2455713.81800415
2455714.81534936
2455715.81269279
2455716.81003443
2455717.80737427
2455718.80471229
2455719.80204847
2455720.79938280
2455721.79671528
2455722.79404589
2455723.79137462
2455724.78870147
2455725.78602642
2455726.78334946
2455727.78067059
2455728.77798980
2455729.77530707
2455730.77262241
2455731.76993578
2455732.76724720
2455733.76455665
2455734.76186411
2455735.75916958
2455736.75647305
2455737.75377450
2455738.75107394
2455739.74837136
2455740.74566674
2455741.74296008
2455742.74025138
2455743.73754063
2455744.73482783
2455745.73211297
2455746.72939605
2455747.72667708
2455748.72395605
2455749.72123297
2455750.71850785
2455751.71578068
2455752.71305147
2455753.71032022
2455754.70758695
2455755.70485165
2455756.70211434
2455757.69937501
2455758.69663367
2455759.69389032
2455760.69114497
2455761.68839763
2455762.68564830
2455763.68289699
2455764.68014370
2455765.67738844
2455766.67463122
2455767.67187204
2455768.66911093
2455769.66634788
2455770.66358291
2455771.66081604
2455772.65804726
2455773.65527661
2455774.65250410
2455775.64972974
2455776.64695356
2455777.64417558
2455778.64139581
2455779.63861428
2455780.63583102
2455781.63304604
2455782.63025937
2455783.62747103
2455784.62468104
2455785.62188943
2455786.61909622
2455787.61630143
2455788.61350508
2455789.61070720
2455790.60790780
2455791.60510693
2455792.60230459
2455793.59950082
2455794.59669565
2455795.59388909
2455796.59108118
2455797.58827194
2455798.58546141
2455799.58264962
2455800.57983659
2455801.57702237
2455802.57420698
2455803.57139047
2455804.56857286
2455805.56575421
2455806.56293454
2455807.56011390
2455808.55729232
2455809.55446985
2455810.55164652
2455811.54882237
2455812.54599744
2455813.54317177
2455814.54034539
2455815.53751834
2455816.53469065
2455817.53186237
2455818.52903354
2455819.52620418
2455820.52337435
2455821.52054407
2455822.51771340
2455823.51488236
2455824.51205099
2455825.50921935
2455826.50638746
2455827.50355538
2455828.50072314
2455829.49789079
2455830.49505837
2455831.49222593
2455832.48939352
2455833.48656118
2455834.48372896
2455835.48089691
2455836.47806506
2455837.47523347
2455838.47240218
2455839.46957123
2455840.46674066
2455841.46391052
2455842.46108084
2455843.45825167
2455844.45542304
2455845.45259500
2455846.44976759
2455847.44694084
2455848.44411479
2455849.44128948
2455850.43846495
2455851.43564125
2455852.43281840
2455853.42999645
2455854.42717543
2455855.42435539
2455856.42153637
2455857.41871840
2455858.41590153
2455859.41308579
2455860.41027123
2455861.40745788
2455862.40464579
2455863.40183500
2455864.39902553
2455865.39621743
2455866.39341073
2455867.39060547
2455868.38780166
2455869.38499935
2455870.38219857
2455871.37939934
2455872.37660168
2455873.37380564
2455874.37101122
2455875.36821847
2455876.36542740
2455877.36263804
2455878.35985041
2455879.35706454
2455880.35428045
2455881.35149816
2455882.34871771
2455883.34593911
2455884.34316238
2455885.34038754
2455886.33761463
2455887.33484366
2455888.33207466
2455889.32930764
2455890.32654263
2455891.32377964
2455892.32101870
2455893.31825981
2455894.31550300
2455895.31274827
2455896.30999564
2455897.30724511
2455898.30449669
2455899.30175040
2455900.29900624
2455901.29626421
2455902.29352432
2455903.29078657
2455904.28805098
2455905.28531754
2455906.28258626
2455907.27985714
2455908.27713018
2455909.27440539
2455910.27168276
2455911.26896231
2455912.26624403
2455913.26352793
2455914.26081400
2455915.25810225
2455916.25539268
2455917.25268528
2455918.24998007
2455919.24727702
2455920.24457615
2455921.24187745
2455922.23918090
2455923.23648650
2455924.23379425
2455925.23110412
2455926.22841611
2455927.22573021
2455928.22304640
2455929.22036467
