 2456643.5  88.59   0.6   7.0 15.60 14.28 0.999   3.4  0.01  51.69  25.22  26.12  28.67  24.87   0.45 108.65   6.54   0.70
 2456644.5  88.51   0.6   7.0 15.62 14.30 0.999   3.5  0.01  51.73 115.95  26.15 119.48  24.89   0.46 108.52   6.54   0.71
 2456645.5  88.43   0.6   7.0 15.63 14.31 0.999   3.5  0.01  51.76 206.69  26.18 210.29  24.90   0.47 108.40   6.55   0.72
 2456646.5  88.34   0.6   7.0 15.65 14.33 0.999   3.6  0.02  51.79 297.42  26.20 301.10  24.91   0.48 108.28   6.55   0.73
 2456647.5  88.25   0.6   7.0 15.66 14.34 0.999   3.7  0.02  51.82  28.16  26.23  31.91  24.92   0.49 108.17   6.56   0.75
 2456648.5  88.16   0.6   7.0 15.68 14.36 0.999   3.7  0.02  51.85 118.90  26.26 122.72  24.93   0.50 108.06   6.56   0.76
 2456649.5  88.07   0.6   7.0 15.69 14.37 0.999   3.8  0.02  51.88 209.64  26.29 213.53  24.94   0.51 107.95   6.57   0.77
 2456650.5  87.98   0.6   7.0 15.71 14.39 0.999   3.9  0.02  51.91 300.38  26.31 304.35  24.95   0.52 107.85   6.57   0.78
 2456651.5  87.88   0.6   7.0 15.73 14.40 0.999   3.9  0.02  51.94  31.13  26.34  35.16  24.96   0.53 107.75   6.58   0.79
 2456652.5  87.79   0.6   7.0 15.75 14.42 0.999   4.0  0.02  51.97 121.88  26.37 125.98  24.97   0.54 107.65   6.59   0.81
 2456653.5  87.69   0.6   7.0 15.76 14.44 0.999   4.1  0.02  52.01 212.62  26.39 216.80  24.98   0.55 107.55   6.59   0.82
 2456654.5  87.59   0.6   7.0 15.78 14.45 0.999   4.1  0.02  52.04 303.37  26.42 307.62  24.99   0.56 107.45   6.60   0.83
 2456655.5  87.49   0.6   7.0 15.80 14.47 0.999   4.2  0.02  52.07  34.13  26.44  38.43  25.00   0.57 107.36   6.61   0.84
 2456656.5  87.38   0.6   7.0 15.82 14.49 0.999   4.3  0.02  52.10 124.88  26.47 129.25  25.01   0.58 107.27   6.61   0.85
 2456657.5  87.28   0.6   7.0 15.84 14.50 0.999   4.3  0.02  52.13 215.64  26.49 220.08  25.02   0.59 107.18   6.62   0.86
 2456658.5  87.17   0.6   7.0 15.86 14.52 0.999   4.4  0.02  52.16 306.39  26.51 310.90  25.03   0.60 107.10   6.63   0.87
 2456659.5  87.07   0.6   7.0 15.88 14.54 0.998   4.4  0.02  52.19  37.15  26.54  41.72  25.05   0.60 107.01   6.63   0.89
 2456660.5  86.96   0.6   7.0 15.90 14.56 0.998   4.5  0.02  52.22 127.91  26.56 132.54  25.06   0.61 106.93   6.64   0.90
 2456661.5  86.85   0.6   7.0 15.92 14.58 0.998   4.6  0.02  52.26 218.68  26.58 223.37  25.07   0.62 106.85   6.65   0.91
 2456662.5  86.74   0.6   7.0 15.94 14.60 0.998   4.6  0.03  52.29 309.44  26.60 314.19  25.08   0.63 106.76   6.66   0.92
 2456663.5  86.62   0.6   7.0 15.96 14.62 0.998   4.7  0.03  52.32  40.21  26.63  45.02  25.09   0.64 106.69   6.66   0.93
 2456664.5  86.51   0.6   7.0 15.98 14.64 0.998   4.7  0.03  52.35 130.98  26.65 135.84  25.10   0.65 106.61   6.67   0.94
 2456665.5  86.39   0.6   7.0 16.00 14.66 0.998   4.8  0.03  52.38 221.75  26.67 226.67  25.11   0.65 106.53   6.68   0.95
 2456666.5  86.28   0.6   7.1 16.02 14.68 0.998   4.8  0.03  52.41 312.52  26.69 317.50  25.12   0.66 106.46   6.69   0.96
 2456667.5  86.16   0.6   7.1 16.04 14.70 0.998   4.9  0.03  52.44  43.30  26.71  48.33  25.13   0.67 106.38   6.70   0.97
 2456668.5  86.04   0.6   7.1 16.06 14.72 0.998   4.9  0.03  52.47 134.08  26.73 139.15  25.14   0.68 106.31   6.70   0.98
 2456669.5  85.92   0.6   7.1 16.09 14.74 0.998   5.0  0.03  52.50 224.85  26.74 229.98  25.15   0.68 106.24   6.71   0.99
 2456670.5  85.80   0.6   7.1 16.11 14.76 0.998   5.0  0.03  52.54 315.63  26.76 320.81  25.16   0.69 106.17   6.72   1.00
 2456671.5  85.68   0.6   7.1 16.13 14.78 0.998   5.1  0.03  52.57  46.42  26.78  51.65  25.17   0.70 106.10   6.73   1.01
 2456672.5  85.56   0.6   7.1 16.16 14.80 0.998   5.1  0.03  52.60 137.20  26.80 142.48  25.18   0.71 106.03   6.74   1.02
 2456673.5  85.43   0.6   7.1 16.18 14.82 0.998   5.1  0.03  52.63 227.99  26.82 233.31  25.19   0.71 105.97   6.75   1.02
 2456674.5  85.31   0.6   7.1 16.20 14.85 0.998   5.2  0.03  52.66 318.78  26.83 324.14  25.20   0.72 105.90   6.76   1.03
 2456675.5  85.18   0.6   7.1 16.23 14.87 0.998   5.2  0.03  52.69  49.57  26.85  54.97  25.21   0.73 105.83   6.77   1.04
 2456676.5  85.05   0.6   7.1 16.25 14.89 0.998   5.3  0.03  52.72 140.36  26.86 145.81  25.22   0.73 105.77   6.78   1.05
 2456677.5  84.93   0.6   7.1 16.28 14.91 0.998   5.3  0.03  52.75 231.15  26.88 236.64  25.24   0.74 105.71   6.79   1.06
 2456678.5  84.80   0.6   7.1 16.30 14.94 0.998   5.3  0.04  52.78 321.95  26.89 327.48  25.25   0.74 105.64   6.80   1.07
 2456679.5  84.67   0.6   7.1 16.33 14.96 0.998   5.4  0.04  52.82  52.75  26.91  58.31  25.26   0.75 105.58   6.81   1.07
 2456680.5  84.54   0.6   7.1 16.35 14.98 0.998   5.4  0.04  52.85 143.55  26.92 149.15  25.27   0.76 105.52   6.82   1.08
 2456681.5  84.41   0.6   7.1 16.38 15.01 0.998   5.4  0.04  52.88 234.35  26.94 239.98  25.28   0.76 105.46   6.83   1.09
 2456682.5  84.27   0.6   7.1 16.40 15.03 0.998   5.5  0.04  52.91 325.15  26.95 330.82  25.29   0.77 105.40   6.84   1.10
 2456683.5  84.14   0.6   7.1 16.43 15.05 0.998   5.5  0.04  52.94  55.96  26.96  61.66  25.30   0.77 105.34   6.85   1.10
 2456684.5  84.01   0.5   7.1 16.45 15.08 0.998   5.5  0.04  52.97 146.76  26.97 152.49  25.31   0.78 105.28   6.86   1.11
 2456685.5  83.87   0.5   7.1 16.48 15.10 0.998   5.5  0.04  53.00 237.57  26.99 243.33  25.32   0.78 105.22   6.87   1.12
 2456686.5  83.74   0.5   7.1 16.51 15.13 0.998   5.6  0.04  53.03 328.38  27.00 334.17  25.33   0.79 105.17   6.88   1.13
 2456687.5  83.60   0.5   7.1 16.53 15.15 0.998   5.6  0.04  53.06  59.20  27.01  65.01  25.34   0.79 105.11   6.89   1.13
 2456688.5  83.47   0.5   7.1 16.56 15.18 0.998   5.6  0.04  53.10 150.01  27.02 155.84  25.35   0.79 105.06   6.90   1.14
 2456689.5  83.33   0.5   7.1 16.59 15.20 0.998   5.6  0.04  53.13 240.83  27.03 246.68  25.36   0.80 105.00   6.91   1.14
 2456690.5  83.20   0.5   7.1 16.61 15.23 0.998   5.6  0.04  53.16 331.65  27.04 337.52  25.37   0.80 104.95   6.92   1.15
 2456691.5  83.06   0.5   7.1 16.64 15.25 0.998   5.7  0.04  53.19  62.47  27.05  68.36  25.38   0.81 104.89   6.93   1.16
 2456692.5  82.92   0.5   7.1 16.67 15.28 0.998   5.7  0.04  53.22 153.29  27.05 159.20  25.39   0.81 104.84   6.94   1.16
 2456693.5  82.78   0.5   7.1 16.70 15.30 0.998   5.7  0.04  53.25 244.12  27.06 250.04  25.40   0.81 104.79   6.95   1.17
 2456694.5  82.65   0.5   7.1 16.72 15.33 0.998   5.7  0.04  53.28 334.94  27.07 340.88  25.41   0.82 104.73   6.96   1.17
 2456695.5  82.51   0.5   7.1 16.75 15.35 0.998   5.7  0.04  53.31  65.77  27.08  71.72  25.42   0.82 104.68   6.98   1.18
 2456696.5  82.37   0.5   7.1 16.78 15.38 0.998   5.7  0.04  53.34 156.60  27.08 162.56  25.43   0.82 104.63   6.99   1.18
 2456697.5  82.23   0.5   7.1 16.81 15.41 0.998   5.7  0.04  53.37 247.43  27.09 253.40  25.44   0.82 104.58   7.00   1.19
 2456698.5  82.09   0.5   7.1 16.84 15.43 0.998   5.7  0.04  53.41 338.26  27.09 344.24  25.45   0.82 104.53   7.01   1.19
 2456699.5  81.95   0.5   7.1 16.87 15.46 0.998   5.7  0.04  53.44  69.10  27.10  75.08  25.46   0.83 104.48   7.02   1.20
 2456700.5  81.82   0.5   7.1 16.89 15.48 0.998   5.7  0.04  53.47 159.94  27.10 165.92  25.47   0.83 104.43   7.03   1.20
 2456701.5  81.68   0.5   7.1 16.92 15.51 0.998   5.7  0.04  53.50 250.77  27.11 256.76  25.48   0.83 104.38   7.05   1.20
 2456702.5  81.54   0.5   7.1 16.95 15.54 0.998   5.7  0.04  53.53 341.61  27.11 347.60  25.49   0.83 104.33   7.06   1.21
 2456703.5  81.40   0.5   7.1 16.98 15.56 0.998   5.7  0.04  53.56  72.46  27.12  78.44  25.50   0.83 104.28   7.07   1.21
 2456704.5  81.26   0.5   7.1 17.01 15.59 0.998   5.7  0.04  53.59 163.30  27.12 169.28  25.51   0.83 104.23   7.08   1.21
 2456705.5  81.12   0.5   7.1 17.04 15.62 0.998   5.7  0.04  53.62 254.14  27.12 260.12  25.53   0.83 104.18   7.09   1.22
 2456706.5  80.99   0.5   7.1 17.07 15.64 0.998   5.7  0.04  53.65 344.99  27.12 350.96  25.54   0.83 104.14   7.11   1.22
 2456707.5  80.85   0.5   7.1 17.10 15.67 0.998   5.7  0.04  53.69  75.84  27.12  81.80  25.55   0.83 104.09   7.12   1.22
 2456708.5  80.71   0.5   7.1 17.13 15.70 0.998   5.7  0.04  53.72 166.69  27.13 172.64  25.56   0.83 104.04   7.13   1.23
 2456709.5  80.58   0.5   7.1 17.15 15.72 0.998   5.7  0.04  53.75 257.54  27.13 263.48  25.57   0.83 103.99   7.14   1.23
 2456710.5  80.44   0.5   7.1 17.18 15.75 0.998   5.7  0.04  53.78 348.40  27.13 354.31  25.58   0.83 103.95   7.15   1.23
 2456711.5  80.30   0.5   7.1 17.21 15.78 0.998   5.6  0.04  53.81  79.25  27.13  85.15  25.59   0.83 103.90   7.17   1.23
 2456712.5  80.17   0.4   7.1 17.24 15.80 0.998   5.6  0.04  53.84 170.11  27.13 175.99  25.60   0.83 103.85   7.18   1.23
 2456713.5  80.03   0.4   7.1 17.27 15.83 0.998   5.6  0.04  53.87 260.97  27.13 266.83  25.61   0.83 103.80   7.19   1.23
 2456714.5  79.90   0.4   7.1 17.30 15.86 0.998   5.6  0.04  53.90 351.82  27.12 357.67  25.62   0.82 103.76   7.20   1.24
 2456715.5  79.76   0.4   7.1 17.33 15.88 0.998   5.6  0.04  53.93  82.69  27.12  88.50  25.63   0.82 103.71   7.21   1.24
 2456716.5  79.63   0.4   7.1 17.36 15.91 0.998   5.5  0.04  53.97 173.55  27.12 179.34  25.64   0.82 103.66   7.23   1.24
 2456717.5  79.50   0.4   7.1 17.39 15.94 0.998   5.5  0.04  54.00 264.41  27.12 270.18  25.65   0.82 103.62   7.24   1.24
 2456718.5  79.36   0.4   7.1 17.42 15.96 0.998   5.5  0.04  54.03 355.28  27.11   1.01  25.66   0.81 103.57   7.25   1.24
 2456719.5  79.23   0.4   7.1 17.44 15.99 0.998   5.4  0.04  54.06  86.14  27.11  91.85  25.67   0.81 103.52   7.26   1.24
 2456720.5  79.10   0.4   7.1 17.47 16.01 0.998   5.4  0.04  54.09 177.01  27.11 182.69  25.68   0.81 103.47   7.28   1.24
 2456721.5  78.97   0.4   7.1 17.50 16.04 0.998   5.4  0.04  54.12 267.88  27.10 273.52  25.69   0.80 103.43   7.29   1.24
 2456722.5  78.84   0.4   7.1 17.53 16.07 0.998   5.3  0.04  54.15 358.75  27.10   4.36  25.70   0.80 103.38   7.30   1.24
 2456723.5  78.72   0.4   7.1 17.56 16.09 0.998   5.3  0.04  54.18  89.63  27.09  95.19  25.71   0.80 103.33   7.31   1.24
 2456724.5  78.59   0.4   7.1 17.59 16.12 0.998   5.3  0.04  54.21 180.50  27.08 186.02  25.72   0.79 103.28   7.32   1.24
 2456725.5  78.46   0.4   7.1 17.62 16.14 0.998   5.2  0.04  54.24 271.37  27.08 276.86  25.73   0.79 103.23   7.34   1.23
 2456726.5  78.34   0.4   7.1 17.64 16.17 0.998   5.2  0.04  54.28   2.25  27.07   7.69  25.74   0.78 103.18   7.35   1.23
 2456727.5  78.21   0.4   7.1 17.67 16.20 0.998   5.1  0.04  54.31  93.13  27.06  98.52  25.75   0.78 103.13   7.36   1.23
 2456728.5  78.09   0.4   7.1 17.70 16.22 0.998   5.1  0.03  54.34 184.00  27.06 189.35  25.76   0.77 103.08   7.37   1.23
 2456729.5  77.97   0.4   7.1 17.73 16.25 0.998   5.0  0.03  54.37 274.88  27.05 280.18  25.77   0.76 103.03   7.38   1.23
 2456730.5  77.85   0.4   7.1 17.75 16.27 0.998   5.0  0.03  54.40   5.76  27.04  11.01  25.78   0.76 102.98   7.40   1.22
 2456731.5  77.73   0.4   7.1 17.78 16.30 0.998   4.9  0.03  54.43  96.64  27.03 101.84  25.79   0.75 102.93   7.41   1.22
 2456732.5  77.61   0.3   7.1 17.81 16.32 0.998   4.9  0.03  54.46 187.53  27.02 192.67  25.80   0.74 102.87   7.42   1.22
 2456733.5  77.50   0.3   7.1 17.84 16.35 0.998   4.8  0.03  54.49 278.41  27.01 283.50  25.81   0.74 102.82   7.43   1.22
 2456734.5  77.38   0.3   7.1 17.86 16.37 0.998   4.8  0.03  54.52   9.29  27.00  14.32  25.82   0.73 102.76   7.44   1.21
 2456735.5  77.27   0.3   7.0 17.89 16.39 0.998   4.7  0.03  54.56 100.18  26.99 105.15  25.83   0.72 102.70   7.45   1.21
 2456736.5  77.15   0.3   7.0 17.91 16.42 0.998   4.7  0.03  54.59 191.07  26.98 195.97  25.84   0.71 102.65   7.46   1.21
 2456737.5  77.04   0.3   7.0 17.94 16.44 0.998   4.6  0.03  54.62 281.95  26.97 286.80  25.85   0.71 102.59   7.48   1.20
 2456738.5  76.93   0.3   7.0 17.97 16.46 0.998   4.5  0.03  54.65  12.84  26.96  17.62  25.86   0.70 102.52   7.49   1.20
 2456739.5  76.83   0.3   7.0 17.99 16.49 0.998   4.5  0.03  54.68 103.73  26.95 108.44  25.87   0.69 102.46   7.50   1.20
 2456740.5  76.72   0.3   7.0 18.02 16.51 0.999   4.4  0.03  54.71 194.62  26.94 199.27  25.88   0.68 102.40   7.51   1.19
 2456741.5  76.61   0.3   7.0 18.04 16.53 0.999   4.3  0.03  54.74 285.51  26.92 290.09  25.89   0.67 102.33   7.52   1.19
 2456742.5  76.51   0.3   7.0 18.07 16.55 0.999   4.3  0.03  54.77  16.40  26.91  20.91  25.90   0.66 102.26   7.53   1.18
 2456743.5  76.41   0.3   7.0 18.09 16.58 0.999   4.2  0.02  54.80 107.29  26.90 111.73  25.91   0.65 102.19   7.54   1.18
 2456744.5  76.31   0.3   7.0 18.11 16.60 0.999   4.1  0.02  54.83 198.18  26.88 202.54  25.92   0.64 102.12   7.55   1.17
 2456745.5  76.21   0.3   7.0 18.14 16.62 0.999   4.1  0.02  54.87 289.07  26.87 293.36  25.93   0.63 102.04   7.56   1.17
 2456746.5  76.11   0.3   7.0 18.16 16.64 0.999   4.0  0.02  54.90  19.97  26.86  24.18  25.94   0.62 101.96   7.57   1.16
 2456747.5  76.02   0.3   7.0 18.18 16.66 0.999   3.9  0.02  54.93 110.86  26.84 114.99  25.95   0.61 101.88   7.58   1.16
 2456748.5  75.93   0.3   7.0 18.20 16.68 0.999   3.8  0.02  54.96 201.75  26.83 205.81  25.96   0.60 101.79   7.59   1.15
 2456749.5  75.84   0.3   7.0 18.23 16.70 0.999   3.8  0.02  54.99 292.65  26.81 296.62  25.97   0.59 101.70   7.60   1.15
 2456750.5  75.75   0.2   7.0 18.25 16.72 0.999   3.7  0.02  55.02  23.54  26.80  27.43  25.98   0.57 101.60   7.61   1.14
 2456751.5  75.66   0.2   7.0 18.27 16.74 0.999   3.6  0.02  55.05 114.43  26.78 118.24  25.99   0.56 101.51   7.62   1.14
 2456752.5  75.58   0.2   7.0 18.29 16.76 0.999   3.5  0.02  55.08 205.33  26.77 209.05  26.00   0.55 101.40   7.63   1.13
 2456753.5  75.49   0.2   7.0 18.31 16.77 0.999   3.4  0.02  55.11 296.22  26.75 299.86  26.01   0.54 101.29   7.64   1.12
 2456754.5  75.41   0.2   7.0 18.33 16.79 0.999   3.4  0.02  55.14  27.12  26.73  30.67  26.02   0.53 101.18   7.65   1.12
 2456755.5  75.33   0.2   7.0 18.35 16.81 0.999   3.3  0.01  55.18 118.01  26.72 121.47  26.03   0.51 101.05   7.66   1.11
 2456756.5  75.26   0.2   7.0 18.37 16.83 0.999   3.2  0.01  55.21 208.91  26.70 212.28  26.04   0.50 100.92   7.67   1.10
 2456757.5  75.18   0.2   7.0 18.38 16.84 0.999   3.1  0.01  55.24 299.80  26.68 303.08  26.05   0.49 100.79   7.68   1.10
 2456758.5  75.11   0.2   7.0 18.40 16.86 0.999   3.0  0.01  55.27  30.70  26.66  33.88  26.06   0.47 100.64   7.68   1.09
 2456759.5  75.04   0.2   7.0 18.42 16.87 0.999   2.9  0.01  55.30 121.59  26.65 124.69  26.07   0.46 100.48   7.69   1.08
 2456760.5  74.97   0.2   7.0 18.44 16.89 0.999   2.8  0.01  55.33 212.49  26.63 215.49  26.08   0.45 100.31   7.70   1.08
 2456761.5  74.91   0.2   7.0 18.45 16.90 0.999   2.7  0.01  55.36 303.38  26.61 306.29  26.09   0.43 100.13   7.71   1.07
 2456762.5  74.84   0.2   7.0 18.47 16.92 0.999   2.6  0.01  55.39  34.28  26.59  37.08  26.10   0.42  99.94   7.71   1.06
 2456763.5  74.78   0.2   7.0 18.48 16.93 1.000   2.5  0.01  55.42 125.17  26.57 127.88  26.11   0.40  99.73   7.72   1.05
 2456764.5  74.72   0.2   7.0 18.50 16.94 1.000   2.5  0.01  55.45 216.07  26.55 218.67  26.12   0.39  99.51   7.73   1.04
 2456765.5  74.66   0.2   6.9 18.51 16.96 1.000   2.4  0.01  55.49 306.96  26.53 309.47  26.13   0.37  99.26   7.74   1.04
 2456766.5  74.61   0.2   6.9 18.53 16.97 1.000   2.3  0.01  55.52  37.85  26.51  40.26  26.14   0.36  98.99   7.74   1.03
 2456767.5  74.56   0.2   6.9 18.54 16.98 1.000   2.2  0.01  55.55 128.75  26.49 131.05  26.15   0.34  98.70   7.75   1.02
 2456768.5  74.51   0.2   6.9 18.55 16.99 1.000   2.1  0.01  55.58 219.64  26.48 221.84  26.15   0.33  98.37   7.75   1.01
 2456769.5  74.46   0.1   6.9 18.56 17.00 1.000   2.0  0.01  55.61 310.53  26.46 312.63  26.16   0.31  98.02   7.76   1.00
 2456770.5  74.41   0.1   6.9 18.57 17.01 1.000   1.9  0.00  55.64  41.42  26.44  43.42  26.17   0.30  97.62   7.77   1.00
 2456771.5  74.37   0.1   6.9 18.59 17.02 1.000   1.8  0.00  55.67 132.31  26.42 134.20  26.18   0.28  97.17   7.77   0.99
 2456772.5  74.33   0.1   6.9 18.60 17.03 1.000   1.7  0.00  55.70 223.20  26.39 224.99  26.19   0.27  96.67   7.78   0.98
 2456773.5  74.29   0.1   6.9 18.61 17.04 1.000   1.6  0.00  55.73 314.09  26.37 315.77  26.20   0.25  96.11   7.78   0.97
 2456774.5  74.26   0.1   6.9 18.61 17.05 1.000   1.5  0.00  55.76  44.98  26.35  46.55  26.21   0.23  95.46   7.79   0.96
 2456775.5  74.22   0.1   6.9 18.62 17.05 1.000   1.4  0.00  55.80 135.87  26.33 137.34  26.22   0.22  94.71   7.79   0.95
 2456776.5  74.19   0.1   6.9 18.63 17.06 1.000   1.3  0.00  55.83 226.75  26.31 228.11  26.23   0.20  93.84   7.80   0.94
 2456777.5  74.16   0.1   6.9 18.64 17.07 1.000   1.2  0.00  55.86 317.64  26.29 318.89  26.24   0.19  92.82   7.80   0.94
 2456778.5  74.14   0.1   6.9 18.64 17.07 1.000   1.1  0.00  55.89  48.52  26.27  49.67  26.25   0.17  91.60   7.80   0.93
 2456779.5  74.11   0.1   6.9 18.65 17.08 1.000   1.0  0.00  55.92 139.41  26.25 140.44  26.26   0.15  90.11   7.81   0.92
 2456780.5  74.09   0.1   6.9 18.65 17.08 1.000   0.9  0.00  55.95 230.29  26.23 231.22  26.27   0.14  88.27   7.81   0.91
 2456781.5  74.07   0.1   6.9 18.66 17.08 1.000   0.8  0.00  55.98 321.17  26.21 321.99  26.28   0.12  85.93   7.81   0.90
 2456782.5  74.06   0.1   6.9 18.66 17.09 1.000   0.7  0.00  56.01  52.05  26.19  52.76  26.29   0.11  82.90   7.82   0.89
 2456783.5  74.05   0.1   6.9 18.67 17.09 1.000   0.6  0.00  56.04 142.93  26.17 143.53  26.30   0.09  78.80   7.82   0.88
 2456784.5  74.03   0.1   6.9 18.67 17.09 1.000   0.5  0.00  56.07 233.81  26.14 234.30  26.31   0.08  73.07   7.82   0.87
 2456785.5  74.03   0.1   6.9 18.67 17.09 1.000   0.4  0.00  56.11 324.69  26.12 325.06  26.32   0.06  64.68   7.82   0.86
 2456786.5  74.02   0.1   6.9 18.67 17.09 1.000   0.3  0.00  56.14  55.56  26.10  55.83  26.33   0.05  52.03   7.82   0.86
 2456787.5  74.02   0.1   6.9 18.67 17.10 1.000   0.3  0.00  56.17 146.44  26.08 146.59  26.34   0.04  33.39   7.82   0.85
 2456788.5  74.02   0.1   6.9 18.67 17.09 1.000   0.3  0.00  56.20 237.31  26.06 237.35  26.35   0.04  10.01   7.83   0.84
 2456789.5  74.02   0.1   6.9 18.67 17.09 1.000   0.3  0.00  56.23 328.18  26.04 328.12  26.36   0.05 348.21   7.83   0.83
 2456790.5  74.02   0.1   6.9 18.67 17.09 1.000   0.3  0.00  56.26  59.05  26.02  58.87  26.37   0.06 332.39   7.83   0.82
 2456791.5  74.03   0.1   6.9 18.67 17.09 1.000   0.4  0.00  56.29 149.92  26.00 149.63  26.38   0.07 321.89   7.83   0.81
 2456792.5  74.04   0.1   6.9 18.67 17.09 1.000   0.5  0.00  56.32 240.79  25.98 240.39  26.39   0.08 314.85   7.83   0.80
 2456793.5  74.05   0.1   6.9 18.67 17.09 1.000   0.6  0.00  56.35 331.65  25.96 331.14  26.40   0.10 309.94   7.83   0.79
 2456794.5  74.06   0.1   6.9 18.66 17.08 1.000   0.7  0.00  56.38  62.52  25.94  61.90  26.41   0.11 306.38   7.83   0.78
 2456795.5  74.08   0.1   6.9 18.66 17.08 1.000   0.8  0.00  56.42 153.38  25.92 152.65  26.42   0.13 303.69   7.83   0.77
 2456796.5  74.10   0.1   6.9 18.65 17.07 1.000   0.9  0.00  56.45 244.24  25.89 243.40  26.42   0.14 301.59   7.82   0.76
 2456797.5  74.12   0.1   6.9 18.65 17.07 1.000   1.0  0.00  56.48 335.10  25.87 334.15  26.43   0.16 299.92   7.82   0.76
 2456798.5  74.15   0.1   6.9 18.64 17.06 1.000   1.1  0.00  56.51  65.95  25.85  64.90  26.44   0.18 298.56   7.82   0.75
 2456799.5  74.17   0.1   6.9 18.64 17.05 1.000   1.2  0.00  56.54 156.81  25.83 155.65  26.45   0.19 297.43   7.82   0.74
 2456800.5  74.20   0.1   6.9 18.63 17.05 1.000   1.3  0.00  56.57 247.66  25.82 246.39  26.46   0.21 296.48   7.82   0.73
 2456801.5  74.23   0.1   6.9 18.62 17.04 1.000   1.4  0.00  56.60 338.51  25.80 337.14  26.47   0.22 295.67   7.82   0.72
 2456802.5  74.27   0.1   6.9 18.61 17.03 1.000   1.5  0.00  56.63  69.36  25.78  67.88  26.48   0.24 294.97   7.81   0.71
 2456803.5  74.30   0.1   6.9 18.60 17.02 1.000   1.6  0.00  56.66 160.21  25.76 158.62  26.49   0.26 294.36   7.81   0.70
 2456804.5  74.34   0.1   6.9 18.59 17.01 1.000   1.7  0.00  56.69 251.06  25.74 249.36  26.50   0.27 293.82   7.81   0.69
 2456805.5  74.38   0.2   6.9 18.58 17.00 1.000   1.8  0.00  56.72 341.90  25.72 340.10  26.51   0.29 293.35   7.80   0.69
 2456806.5  74.43   0.2   6.9 18.57 16.99 1.000   1.9  0.01  56.76  72.74  25.70  70.84  26.52   0.30 292.92   7.80   0.68
 2456807.5  74.47   0.2   6.9 18.56 16.98 1.000   2.0  0.01  56.79 163.58  25.68 161.57  26.53   0.32 292.55   7.80   0.67
 2456808.5  74.52   0.2   6.9 18.55 16.97 1.000   2.1  0.01  56.82 254.42  25.67 252.31  26.54   0.33 292.20   7.79   0.66
 2456809.5  74.57   0.2   6.9 18.54 16.96 1.000   2.2  0.01  56.85 345.26  25.65 343.04  26.55   0.35 291.89   7.79   0.65
 2456810.5  74.62   0.2   6.9 18.52 16.95 1.000   2.3  0.01  56.88  76.09  25.63  73.77  26.56   0.36 291.61   7.78   0.65
 2456811.5  74.68   0.2   7.0 18.51 16.94 1.000   2.4  0.01  56.91 166.92  25.61 164.50  26.57   0.38 291.35   7.78   0.64
 2456812.5  74.73   0.2   7.0 18.49 16.92 1.000   2.5  0.01  56.94 257.75  25.60 255.23  26.58   0.39 291.11   7.77   0.63
 2456813.5  74.79   0.2   7.0 18.48 16.91 0.999   2.6  0.01  56.97 348.58  25.58 345.96  26.59   0.41 290.90   7.77   0.62
 2456814.5  74.86   0.2   7.0 18.46 16.89 0.999   2.7  0.01  57.00  79.40  25.56  76.69  26.59   0.42 290.69   7.76   0.61
 2456815.5  74.92   0.2   7.0 18.45 16.88 0.999   2.8  0.01  57.03 170.23  25.55 167.41  26.60   0.44 290.51   7.76   0.61
 2456816.5  74.99   0.2   7.0 18.43 16.86 0.999   2.9  0.01  57.06 261.05  25.53 258.14  26.61   0.45 290.33   7.75   0.60
 2456817.5  75.05   0.2   7.0 18.42 16.85 0.999   2.9  0.01  57.10 351.86  25.52 348.86  26.62   0.47 290.17   7.74   0.59
 2456818.5  75.12   0.2   7.0 18.40 16.83 0.999   3.0  0.01  57.13  82.68  25.50  79.58  26.63   0.48 290.02   7.74   0.58
 2456819.5  75.20   0.2   7.0 18.38 16.82 0.999   3.1  0.01  57.16 173.49  25.49 170.30  26.64   0.49 289.88   7.73   0.58
 2456820.5  75.27   0.2   7.0 18.36 16.80 0.999   3.2  0.01  57.19 264.31  25.47 261.02  26.65   0.51 289.74   7.72   0.57
 2456821.5  75.35   0.3   7.0 18.34 16.78 0.999   3.3  0.02  57.22 355.11  25.46 351.74  26.66   0.52 289.61   7.71   0.56
 2456822.5  75.43   0.3   7.0 18.33 16.76 0.999   3.4  0.02  57.25  85.92  25.45  82.46  26.67   0.53 289.50   7.71   0.56
 2456823.5  75.51   0.3   7.0 18.31 16.75 0.999   3.5  0.02  57.28 176.73  25.43 173.17  26.68   0.54 289.38   7.70   0.55
 2456824.5  75.59   0.3   7.0 18.29 16.73 0.999   3.6  0.02  57.31 267.53  25.42 263.89  26.69   0.56 289.28   7.69   0.54
 2456825.5  75.67   0.3   7.0 18.27 16.71 0.999   3.6  0.02  57.34 358.33  25.41 354.60  26.70   0.57 289.17   7.68   0.54
 2456826.5  75.76   0.3   7.0 18.24 16.69 0.999   3.7  0.02  57.37  89.13  25.40  85.32  26.71   0.58 289.08   7.68   0.53
 2456827.5  75.85   0.3   7.0 18.22 16.67 0.999   3.8  0.02  57.41 179.92  25.39 176.03  26.72   0.59 288.99   7.67   0.53
 2456828.5  75.94   0.3   7.0 18.20 16.65 0.999   3.9  0.02  57.44 270.71  25.38 266.74  26.73   0.60 288.90   7.66   0.52
 2456829.5  76.03   0.3   7.0 18.18 16.63 0.999   3.9  0.02  57.47   1.51  25.36 357.45  26.73   0.61 288.81   7.65   0.52
 2456830.5  76.12   0.3   7.0 18.16 16.61 0.999   4.0  0.02  57.50  92.29  25.35  88.16  26.74   0.62 288.73   7.64   0.51
 2456831.5  76.22   0.3   7.0 18.13 16.59 0.999   4.1  0.02  57.53 183.08  25.35 178.87  26.75   0.64 288.65   7.63   0.50
 2456832.5  76.32   0.3   7.0 18.11 16.57 0.999   4.2  0.02  57.56 273.86  25.34 269.57  26.76   0.65 288.58   7.62   0.50
 2456833.5  76.41   0.3   7.0 18.09 16.55 0.999   4.2  0.02  57.59   4.64  25.33   0.28  26.77   0.66 288.51   7.61   0.49
 2456834.5  76.52   0.3   7.0 18.06 16.52 0.999   4.3  0.03  57.62  95.42  25.32  90.99  26.78   0.67 288.44   7.60   0.49
 2456835.5  76.62   0.3   7.0 18.04 16.50 0.999   4.4  0.03  57.65 186.20  25.31 181.69  26.79   0.68 288.37   7.59   0.48
 2456836.5  76.72   0.4   7.0 18.02 16.48 0.998   4.4  0.03  57.68 276.97  25.30 272.39  26.80   0.69 288.31   7.58   0.48
 2456837.5  76.83   0.4   7.0 17.99 16.46 0.998   4.5  0.03  57.71   7.75  25.30   3.10  26.81   0.69 288.24   7.57   0.48
 2456838.5  76.93   0.4   7.0 17.97 16.43 0.998   4.6  0.03  57.75  98.52  25.29  93.80  26.82   0.70 288.18   7.56   0.47
 2456839.5  77.04   0.4   7.0 17.94 16.41 0.998   4.6  0.03  57.78 189.28  25.29 184.50  26.83   0.71 288.12   7.55   0.47
 2456840.5  77.15   0.4   7.1 17.92 16.39 0.998   4.7  0.03  57.81 280.05  25.28 275.20  26.84   0.72 288.06   7.54   0.46
 2456841.5  77.26   0.4   7.1 17.89 16.36 0.998   4.8  0.03  57.84  10.81  25.28   5.90  26.84   0.73 288.01   7.53   0.46
 2456842.5  77.37   0.4   7.1 17.86 16.34 0.998   4.8  0.03  57.87 101.57  25.27  96.59  26.85   0.74 287.95   7.52   0.46
 2456843.5  77.49   0.4   7.1 17.84 16.31 0.998   4.9  0.03  57.90 192.33  25.27 187.29  26.86   0.74 287.90   7.51   0.45
 2456844.5  77.60   0.4   7.1 17.81 16.29 0.998   4.9  0.03  57.93 283.08  25.27 277.99  26.87   0.75 287.85   7.50   0.45
 2456845.5  77.72   0.4   7.1 17.78 16.27 0.998   5.0  0.03  57.96  13.84  25.26   8.68  26.88   0.76 287.80   7.49   0.45
 2456846.5  77.84   0.4   7.1 17.76 16.24 0.998   5.0  0.03  57.99 104.59  25.26  99.38  26.89   0.76 287.75   7.48   0.45
 2456847.5  77.96   0.4   7.1 17.73 16.22 0.998   5.1  0.03  58.02 195.33  25.26 190.07  26.90   0.77 287.70   7.47   0.44
 2456848.5  78.08   0.4   7.1 17.70 16.19 0.998   5.1  0.04  58.05 286.08  25.26 280.77  26.91   0.78 287.65   7.45   0.44
 2456849.5  78.20   0.4   7.1 17.68 16.17 0.998   5.2  0.04  58.08  16.82  25.26  11.46  26.92   0.78 287.60   7.44   0.44
 2456850.5  78.32   0.4   7.1 17.65 16.14 0.998   5.2  0.04  58.12 107.57  25.26 102.15  26.93   0.79 287.55   7.43   0.44
 2456851.5  78.44   0.4   7.1 17.62 16.12 0.998   5.3  0.04  58.15 198.31  25.26 192.85  26.94   0.79 287.51   7.42   0.43
 2456852.5  78.57   0.4   7.1 17.59 16.09 0.998   5.3  0.04  58.18 289.04  25.26 283.54  26.95   0.80 287.46   7.41   0.43
 2456853.5  78.69   0.4   7.1 17.56 16.06 0.998   5.4  0.04  58.21  19.78  25.26  14.23  26.95   0.80 287.41   7.40   0.43
 2456854.5  78.82   0.5   7.1 17.54 16.04 0.998   5.4  0.04  58.24 110.51  25.26 104.92  26.96   0.81 287.37   7.38   0.43
 2456855.5  78.95   0.5   7.1 17.51 16.01 0.998   5.4  0.04  58.27 201.24  25.27 195.61  26.97   0.81 287.32   7.37   0.43
 2456856.5  79.08   0.5   7.1 17.48 15.99 0.998   5.5  0.04  58.30 291.97  25.27 286.30  26.98   0.82 287.28   7.36   0.43
 2456857.5  79.20   0.5   7.1 17.45 15.96 0.998   5.5  0.04  58.33  22.70  25.27  16.99  26.99   0.82 287.24   7.35   0.43
 2456858.5  79.33   0.5   7.1 17.42 15.94 0.998   5.5  0.04  58.36 113.42  25.28 107.68  27.00   0.82 287.19   7.34   0.43
 2456859.5  79.47   0.5   7.1 17.39 15.91 0.998   5.6  0.04  58.39 204.14  25.28 198.36  27.01   0.83 287.15   7.32   0.43
 2456860.5  79.60   0.5   7.1 17.37 15.88 0.998   5.6  0.04  58.42 294.86  25.29 289.05  27.02   0.83 287.11   7.31   0.43
 2456861.5  79.73   0.5   7.1 17.34 15.86 0.998   5.6  0.04  58.46  25.58  25.29  19.74  27.03   0.83 287.06   7.30   0.43
 2456862.5  79.86   0.5   7.1 17.31 15.83 0.998   5.7  0.04  58.49 116.30  25.30 110.43  27.04   0.84 287.02   7.29   0.43
 2456863.5  79.99   0.5   7.1 17.28 15.80 0.998   5.7  0.04  58.52 207.01  25.30 201.11  27.04   0.84 286.98   7.27   0.43
 2456864.5  80.13   0.5   7.1 17.25 15.78 0.998   5.7  0.04  58.55 297.72  25.31 291.80  27.05   0.84 286.93   7.26   0.43
 2456865.5  80.26   0.5   7.1 17.22 15.75 0.998   5.7  0.04  58.58  28.43  25.32  22.49  27.06   0.84 286.89   7.25   0.43
 2456866.5  80.40   0.5   7.1 17.19 15.73 0.997   5.7  0.04  58.61 119.14  25.33 113.17  27.07   0.84 286.85   7.24   0.43
 2456867.5  80.53   0.5   7.1 17.16 15.70 0.997   5.8  0.04  58.64 209.85  25.34 203.86  27.08   0.84 286.81   7.22   0.43
 2456868.5  80.67   0.5   7.1 17.13 15.67 0.997   5.8  0.04  58.67 300.55  25.35 294.54  27.09   0.85 286.76   7.21   0.43
 2456869.5  80.81   0.5   7.1 17.11 15.65 0.997   5.8  0.04  58.70  31.25  25.36  25.23  27.10   0.85 286.72   7.20   0.44
 2456870.5  80.94   0.5   7.1 17.08 15.62 0.997   5.8  0.04  58.73 121.95  25.37 115.91  27.11   0.85 286.68   7.19   0.44
 2456871.5  81.08   0.5   7.1 17.05 15.59 0.997   5.8  0.04  58.76 212.65  25.38 206.59  27.12   0.85 286.64   7.17   0.44
 2456872.5  81.22   0.5   7.1 17.02 15.57 0.997   5.8  0.04  58.79 303.35  25.39 297.28  27.12   0.85 286.59   7.16   0.44
 2456873.5  81.35   0.5   7.1 16.99 15.54 0.997   5.8  0.04  58.83  34.04  25.40  27.96  27.13   0.85 286.55   7.15   0.45
 2456874.5  81.49   0.5   7.1 16.96 15.52 0.997   5.8  0.04  58.86 124.74  25.41 118.65  27.14   0.85 286.51   7.14   0.45
 2456875.5  81.63   0.5   7.1 16.93 15.49 0.997   5.9  0.04  58.89 215.43  25.43 209.33  27.15   0.85 286.46   7.12   0.45
 2456876.5  81.77   0.5   7.1 16.90 15.46 0.997   5.9  0.04  58.92 306.12  25.44 300.02  27.16   0.84 286.42   7.11   0.45
 2456877.5  81.90   0.6   7.1 16.88 15.44 0.997   5.9  0.04  58.95  36.81  25.45  30.70  27.17   0.84 286.38   7.10   0.46
 2456878.5  82.04   0.6   7.1 16.85 15.41 0.997   5.9  0.04  58.98 127.49  25.47 121.38  27.18   0.84 286.33   7.09   0.46
 2456879.5  82.18   0.6   7.1 16.82 15.39 0.997   5.9  0.04  59.01 218.18  25.48 212.07  27.19   0.84 286.29   7.07   0.46
 2456880.5  82.32   0.6   7.1 16.79 15.36 0.997   5.9  0.04  59.04 308.86  25.50 302.75  27.20   0.84 286.24   7.06   0.47
 2456881.5  82.46   0.6   7.1 16.76 15.34 0.997   5.9  0.04  59.07  39.54  25.51  33.43  27.20   0.84 286.20   7.05   0.47
 2456882.5  82.59   0.6   7.1 16.73 15.31 0.997   5.8  0.04  59.10 130.22  25.53 124.12  27.21   0.83 286.15   7.04   0.48
 2456883.5  82.73   0.6   7.1 16.71 15.29 0.997   5.8  0.04  59.13 220.90  25.55 214.80  27.22   0.83 286.11   7.02   0.48
 2456884.5  82.87   0.6   7.1 16.68 15.26 0.997   5.8  0.04  59.17 311.58  25.56 305.49  27.23   0.83 286.06   7.01   0.49
 2456885.5  83.01   0.6   7.1 16.65 15.24 0.997   5.8  0.04  59.20  42.25  25.58  36.17  27.24   0.83 286.02   7.00   0.49
 2456886.5  83.14   0.6   7.1 16.62 15.21 0.997   5.8  0.04  59.23 132.93  25.60 126.85  27.25   0.82 285.97   6.99   0.49
 2456887.5  83.28   0.6   7.1 16.60 15.19 0.997   5.8  0.04  59.26 223.60  25.62 217.54  27.26   0.82 285.92   6.97   0.50
 2456888.5  83.42   0.6   7.1 16.57 15.16 0.997   5.8  0.04  59.29 314.27  25.63 308.22  27.27   0.82 285.87   6.96   0.51
 2456889.5  83.55   0.6   7.1 16.54 15.14 0.997   5.8  0.04  59.32  44.94  25.65  38.91  27.27   0.81 285.83   6.95   0.51
 2456890.5  83.69   0.6   7.1 16.52 15.11 0.997   5.8  0.04  59.35 135.61  25.67 129.59  27.28   0.81 285.78   6.94   0.52
 2456891.5  83.83   0.6   7.1 16.49 15.09 0.998   5.7  0.04  59.38 226.28  25.69 220.28  27.29   0.81 285.73   6.93   0.52
 2456892.5  83.96   0.6   7.1 16.46 15.06 0.998   5.7  0.04  59.41 316.94  25.71 310.96  27.30   0.80 285.68   6.91   0.53
 2456893.5  84.10   0.6   7.1 16.44 15.04 0.998   5.7  0.04  59.44  47.61  25.73  41.65  27.31   0.80 285.63   6.90   0.53
 2456894.5  84.23   0.6   7.1 16.41 15.02 0.998   5.7  0.04  59.47 138.27  25.76 132.34  27.32   0.79 285.58   6.89   0.54
 2456895.5  84.36   0.6   7.1 16.38 14.99 0.998   5.6  0.04  59.50 228.93  25.78 223.02  27.33   0.79 285.53   6.88   0.55
 2456896.5  84.50   0.6   7.1 16.36 14.97 0.998   5.6  0.04  59.54 319.59  25.80 313.71  27.34   0.78 285.48   6.87   0.55
 2456897.5  84.63   0.6   7.1 16.33 14.95 0.998   5.6  0.04  59.57  50.25  25.82  44.39  27.34   0.78 285.42   6.85   0.56
 2456898.5  84.76   0.6   7.1 16.31 14.92 0.998   5.6  0.04  59.60 140.91  25.84 135.08  27.35   0.77 285.37   6.84   0.57
 2456899.5  84.89   0.6   7.1 16.28 14.90 0.998   5.5  0.04  59.63 231.57  25.87 225.77  27.36   0.77 285.32   6.83   0.58
 2456900.5  85.02   0.6   7.1 16.26 14.88 0.998   5.5  0.04  59.66 322.23  25.89 316.46  27.37   0.76 285.26   6.82   0.58
 2456901.5  85.15   0.6   7.1 16.23 14.86 0.998   5.5  0.04  59.69  52.88  25.91  47.15  27.38   0.76 285.21   6.81   0.59
 2456902.5  85.28   0.6   7.1 16.21 14.83 0.998   5.4  0.04  59.72 143.54  25.94 137.84  27.39   0.75 285.15   6.80   0.60
 2456903.5  85.41   0.6   7.1 16.18 14.81 0.998   5.4  0.04  59.75 234.19  25.96 228.52  27.40   0.74 285.10   6.79   0.61
 2456904.5  85.54   0.6   7.1 16.16 14.79 0.998   5.4  0.04  59.78 324.84  25.99 319.21  27.41   0.74 285.04   6.77   0.61
 2456905.5  85.66   0.6   7.1 16.13 14.77 0.998   5.3  0.03  59.81  55.50  26.01  49.90  27.41   0.73 284.98   6.76   0.62
 2456906.5  85.79   0.6   7.1 16.11 14.75 0.998   5.3  0.03  59.84 146.15  26.04 140.60  27.42   0.73 284.93   6.75   0.63
 2456907.5  85.91   0.6   7.1 16.09 14.73 0.998   5.2  0.03  59.87 236.80  26.06 231.29  27.43   0.72 284.87   6.74   0.64
 2456908.5  86.04   0.6   7.1 16.06 14.71 0.998   5.2  0.03  59.91 327.45  26.09 321.98  27.44   0.71 284.81   6.73   0.65
 2456909.5  86.16   0.6   7.1 16.04 14.69 0.998   5.2  0.03  59.94  58.10  26.11  52.67  27.45   0.71 284.74   6.72   0.66
 2456910.5  86.28   0.6   7.1 16.02 14.67 0.998   5.1  0.03  59.97 148.75  26.14 143.36  27.46   0.70 284.68   6.71   0.66
 2456911.5  86.40   0.6   7.1 16.00 14.65 0.998   5.1  0.03  60.00 239.39  26.17 234.06  27.47   0.69 284.62   6.70   0.67
 2456912.5  86.52   0.6   7.1 15.97 14.63 0.998   5.0  0.03  60.03 330.04  26.20 324.75  27.47   0.68 284.56   6.69   0.68
 2456913.5  86.64   0.6   7.1 15.95 14.61 0.998   5.0  0.03  60.06  60.69  26.22  55.45  27.48   0.68 284.49   6.68   0.69
 2456914.5  86.76   0.6   7.1 15.93 14.59 0.998   4.9  0.03  60.09 151.33  26.25 146.14  27.49   0.67 284.43   6.67   0.70
 2456915.5  86.88   0.6   7.1 15.91 14.57 0.998   4.9  0.03  60.12 241.98  26.28 236.84  27.50   0.66 284.36   6.66   0.71
 2456916.5  86.99   0.6   7.1 15.89 14.55 0.998   4.8  0.03  60.15 332.62  26.31 327.53  27.51   0.65 284.29   6.65   0.72
 2456917.5  87.11   0.6   7.1 15.87 14.53 0.998   4.8  0.03  60.18  63.26  26.33  58.23  27.52   0.65 284.22   6.64   0.73
 2456918.5  87.22   0.6   7.1 15.85 14.51 0.998   4.7  0.03  60.21 153.91  26.36 148.93  27.53   0.64 284.15   6.63   0.74
 2456919.5  87.33   0.6   7.1 15.83 14.49 0.998   4.7  0.03  60.24 244.55  26.39 239.63  27.53   0.63 284.08   6.62   0.75
 2456920.5  87.44   0.6   7.1 15.81 14.48 0.998   4.6  0.03  60.27 335.19  26.42 330.33  27.54   0.62 284.00   6.61   0.76
 2456921.5  87.55   0.6   7.0 15.79 14.46 0.998   4.5  0.02  60.31  65.84  26.45  61.03  27.55   0.61 283.93   6.60   0.77
 2456922.5  87.66   0.6   7.0 15.77 14.44 0.998   4.5  0.02  60.34 156.48  26.48 151.73  27.56   0.60 283.85   6.59   0.78
 2456923.5  87.76   0.6   7.0 15.75 14.42 0.999   4.4  0.02  60.37 247.12  26.51 242.43  27.57   0.60 283.78   6.58   0.79
 2456924.5  87.87   0.6   7.0 15.73 14.41 0.999   4.4  0.02  60.40 337.76  26.54 333.13  27.58   0.59 283.70   6.57   0.81
 2456925.5  87.97   0.6   7.0 15.71 14.39 0.999   4.3  0.02  60.43  68.40  26.57  63.83  27.59   0.58 283.62   6.56   0.82
 2456926.5  88.07   0.6   7.0 15.69 14.38 0.999   4.3  0.02  60.46 159.04  26.60 154.54  27.59   0.57 283.53   6.56   0.83
 2456927.5  88.17   0.6   7.0 15.68 14.36 0.999   4.2  0.02  60.49 249.68  26.63 245.24  27.60   0.56 283.45   6.55   0.84
 2456928.5  88.27   0.6   7.0 15.66 14.34 0.999   4.1  0.02  60.52 340.32  26.66 335.95  27.61   0.55 283.36   6.54   0.85
 2456929.5  88.37   0.6   7.0 15.64 14.33 0.999   4.1  0.02  60.55  70.96  26.69  66.66  27.62   0.54 283.27   6.53   0.86
 2456930.5  88.47   0.6   7.0 15.62 14.31 0.999   4.0  0.02  60.58 161.60  26.72 157.36  27.63   0.53 283.18   6.52   0.87
 2456931.5  88.56   0.6   7.0 15.61 14.30 0.999   3.9  0.02  60.61 252.24  26.75 248.07  27.64   0.52 283.09   6.51   0.88
 2456932.5  88.65   0.6   7.0 15.59 14.28 0.999   3.9  0.02  60.64 342.88  26.78 338.78  27.64   0.51 283.00   6.50   0.90
 2456933.5  88.75   0.6   7.0 15.57 14.27 0.999   3.8  0.02  60.68  73.52  26.81  69.49  27.65   0.50 282.90   6.50   0.91
 2456934.5  88.84   0.6   7.0 15.56 14.26 0.999   3.7  0.02  60.71 164.16  26.84 160.20  27.66   0.49 282.80   6.49   0.92
 2456935.5  88.92   0.6   7.0 15.54 14.24 0.999   3.7  0.02  60.74 254.80  26.87 250.91  27.67   0.48 282.69   6.48   0.93
 2456936.5  89.01   0.6   7.0 15.53 14.23 0.999   3.6  0.02  60.77 345.44  26.90 341.63  27.68   0.47 282.59   6.47   0.95
 2456937.5  89.09   0.6   7.0 15.51 14.22 0.999   3.5  0.01  60.80  76.08  26.94  72.34  27.69   0.46 282.48   6.47   0.96
 2456938.5  89.18   0.6   7.0 15.50 14.20 0.999   3.4  0.01  60.83 166.72  26.97 163.05  27.69   0.45 282.37   6.46   0.97
 2456939.5  89.26   0.6   7.0 15.49 14.19 0.999   3.4  0.01  60.86 257.36  27.00 253.77  27.70   0.44 282.25   6.45   0.98
 2456940.5  89.34   0.6   7.0 15.47 14.18 0.999   3.3  0.01  60.89 348.00  27.03 344.49  27.71   0.43 282.13   6.44   1.00
 2456941.5  89.42   0.6   7.0 15.46 14.17 0.999   3.2  0.01  60.92  78.64  27.06  75.20  27.72   0.42 282.00   6.44   1.01
 2456942.5  89.49   0.6   7.0 15.44 14.16 0.999   3.1  0.01  60.95 169.28  27.09 165.92  27.73   0.41 281.87   6.43   1.02
 2456943.5  89.57   0.6   7.0 15.43 14.14 0.999   3.1  0.01  60.98 259.92  27.12 256.64  27.74   0.40 281.74   6.42   1.03
 2456944.5  89.64   0.6   7.0 15.42 14.13 0.999   3.0  0.01  61.01 350.56  27.16 347.36  27.74   0.39 281.60   6.42   1.05
 2456945.5  89.71   0.6   7.0 15.41 14.12 0.999   2.9  0.01  61.04  81.20  27.19  78.08  27.75   0.38 281.45   6.41   1.06
 2456946.5  89.78   0.6   7.0 15.40 14.11 0.999   2.8  0.01  61.08 171.84  27.22 168.81  27.76   0.37 281.30   6.41   1.07
 2456947.5  89.85   0.6   7.0 15.38 14.10 0.999   2.8  0.01  61.11 262.48  27.25 259.53  27.77   0.36 281.14   6.40   1.09
 2456948.5  89.91   0.6   7.0 15.37 14.09 0.999   2.7  0.01  61.14 353.13  27.28 350.25  27.78   0.35 280.98   6.39   1.10
 2456949.5  89.98   0.6   7.0 15.36 14.08 0.999   2.6  0.01  61.17  83.77  27.31  80.98  27.79   0.34 280.80   6.39   1.11
 2456950.5  90.04   0.6   7.0 15.35 14.07 1.000   2.5  0.01  61.20 174.41  27.35 171.71  27.79   0.33 280.62   6.38   1.13
 2456951.5  90.10   0.6   7.0 15.34 14.07 1.000   2.4  0.01  61.23 265.05  27.38 262.43  27.80   0.32 280.43   6.38   1.14
 2456952.5  90.15   0.6   7.0 15.33 14.06 1.000   2.4  0.01  61.26 355.70  27.41 353.16  27.81   0.31 280.23   6.37   1.15
 2456953.5  90.21   0.6   7.0 15.32 14.05 1.000   2.3  0.01  61.29  86.34  27.44  83.89  27.82   0.30 280.01   6.37   1.17
 2456954.5  90.26   0.6   7.0 15.31 14.04 1.000   2.2  0.01  61.32 176.99  27.47 174.62  27.83   0.29 279.78   6.36   1.18
 2456955.5  90.31   0.6   6.9 15.30 14.03 1.000   2.1  0.01  61.35 267.63  27.50 265.36  27.84   0.28 279.54   6.36   1.20
 2456956.5  90.36   0.6   6.9 15.30 14.03 1.000   2.0  0.00  61.38 358.28  27.54 356.09  27.84   0.27 279.27   6.35   1.21
 2456957.5  90.41   0.5   6.9 15.29 14.02 1.000   2.0  0.00  61.41  88.93  27.57  86.82  27.85   0.25 278.99   6.35   1.22
 2456958.5  90.46   0.5   6.9 15.28 14.01 1.000   1.9  0.00  61.44 179.57  27.60 177.56  27.86   0.24 278.69   6.34   1.24
 2456959.5  90.50   0.5   6.9 15.27 14.01 1.000   1.8  0.00  61.48 270.22  27.63 268.30  27.87   0.23 278.36   6.34   1.25
 2456960.5  90.54   0.5   6.9 15.27 14.00 1.000   1.7  0.00  61.51   0.87  27.66 359.03  27.88   0.22 278.01   6.33   1.27
 2456961.5  90.58   0.5   6.9 15.26 13.99 1.000   1.6  0.00  61.54  91.52  27.69  89.77  27.88   0.21 277.62   6.33   1.28
 2456962.5  90.62   0.5   6.9 15.25 13.99 1.000   1.5  0.00  61.57 182.17  27.72 180.51  27.89   0.20 277.19   6.33   1.29
 2456963.5  90.66   0.5   6.9 15.25 13.98 1.000   1.4  0.00  61.60 272.82  27.76 271.26  27.90   0.19 276.71   6.32   1.31
 2456964.5  90.69   0.5   6.9 15.24 13.98 1.000   1.4  0.00  61.63   3.47  27.79   2.00  27.91   0.18 276.18   6.32   1.32
 2456965.5  90.72   0.5   6.9 15.24 13.98 1.000   1.3  0.00  61.66  94.12  27.82  92.74  27.92   0.17 275.59   6.31   1.34
 2456966.5  90.75   0.5   6.9 15.23 13.97 1.000   1.2  0.00  61.69 184.78  27.85 183.49  27.93   0.15 274.91   6.31   1.35
 2456967.5  90.78   0.5   6.9 15.23 13.97 1.000   1.1  0.00  61.72 275.43  27.88 274.23  27.93   0.14 274.13   6.31   1.37
 2456968.5  90.80   0.5   6.9 15.22 13.96 1.000   1.0  0.00  61.75   6.09  27.91   4.98  27.94   0.13 273.23   6.30   1.38
 2456969.5  90.82   0.5   6.9 15.22 13.96 1.000   0.9  0.00  61.78  96.74  27.94  95.73  27.95   0.12 272.18   6.30   1.39
 2456970.5  90.85   0.5   6.9 15.21 13.96 1.000   0.9  0.00  61.81 187.40  27.97 186.48  27.96   0.11 270.91   6.30   1.41
 2456971.5  90.86   0.5   6.9 15.21 13.96 1.000   0.8  0.00  61.84 278.06  28.00 277.23  27.97   0.10 269.37   6.30   1.42
 2456972.5  90.88   0.5   6.9 15.21 13.95 1.000   0.7  0.00  61.88   8.71  28.03   7.98  27.97   0.09 267.46   6.29   1.44
 2456973.5  90.90   0.5   6.9 15.21 13.95 1.000   0.6  0.00  61.91  99.37  28.06  98.73  27.98   0.08 265.01   6.29   1.45
 2456974.5  90.91   0.5   6.9 15.20 13.95 1.000   0.5  0.00  61.94 190.03  28.09 189.49  27.99   0.07 261.77   6.29   1.47
 2456975.5  90.92   0.5   6.9 15.20 13.95 1.000   0.4  0.00  61.97 280.70  28.12 280.24  28.00   0.06 257.31   6.29   1.48
 2456976.5  90.93   0.5   6.9 15.20 13.95 1.000   0.4  0.00  62.00  11.36  28.15  11.00  28.01   0.05 250.87   6.29   1.50
 2456977.5  90.93   0.5   6.9 15.20 13.95 1.000   0.3  0.00  62.03 102.02  28.18 101.76  28.01   0.04 241.06   6.28   1.51
 2456978.5  90.94   0.5   6.9 15.20 13.95 1.000   0.2  0.00  62.06 192.69  28.21 192.52  28.02   0.03 225.61   6.28   1.53
 2456979.5  90.94   0.5   6.9 15.20 13.95 1.000   0.2  0.00  62.09 283.35  28.23 283.28  28.03   0.03 202.72   6.28   1.54
 2456980.5  90.94   0.5   6.9 15.20 13.95 1.000   0.2  0.00  62.12  14.02  28.26  14.04  28.04   0.03 176.64   6.28   1.56
 2456981.5  90.93   0.5   6.9 15.20 13.95 1.000   0.2  0.00  62.15 104.69  28.29 104.80  28.05   0.03 155.92   6.28   1.57
 2456982.5  90.93   0.5   6.9 15.20 13.95 1.000   0.3  0.00  62.18 195.36  28.32 195.57  28.05   0.04 142.41   6.28   1.58
 2456983.5  90.92   0.5   6.9 15.20 13.95 1.000   0.4  0.00  62.21 286.03  28.35 286.33  28.06   0.05 133.80   6.28   1.60
 2456984.5  90.91   0.5   6.9 15.20 13.96 1.000   0.4  0.00  62.24  16.70  28.38  17.10  28.07   0.06 128.06   6.28   1.61
 2456985.5  90.90   0.5   6.9 15.21 13.96 1.000   0.5  0.00  62.27 107.37  28.40 107.87  28.08   0.07 124.02   6.28   1.63
 2456986.5  90.89   0.5   6.9 15.21 13.96 1.000   0.6  0.00  62.31 198.05  28.43 198.63  28.09   0.08 121.05   6.28   1.64
 2456987.5  90.87   0.5   6.9 15.21 13.96 1.000   0.7  0.00  62.34 288.72  28.46 289.40  28.09   0.09 118.78   6.28   1.66
 2456988.5  90.86   0.5   6.9 15.21 13.97 1.000   0.8  0.00  62.37  19.40  28.49  20.18  28.10   0.10 116.99   6.28   1.67
 2456989.5  90.84   0.5   6.9 15.22 13.97 1.000   0.9  0.00  62.40 110.08  28.51 110.95  28.11   0.11 115.54   6.28   1.69
 2456990.5  90.81   0.5   6.9 15.22 13.97 1.000   1.0  0.00  62.43 200.76  28.54 201.72  28.12   0.12 114.34   6.28   1.70
 2456991.5  90.79   0.5   6.9 15.22 13.98 1.000   1.0  0.00  62.46 291.44  28.57 292.50  28.13   0.14 113.33   6.28   1.72
 2456992.5  90.76   0.5   6.9 15.23 13.98 1.000   1.1  0.00  62.49  22.12  28.59  23.27  28.13   0.15 112.47   6.28   1.73
 2456993.5  90.73   0.5   6.9 15.23 13.99 1.000   1.2  0.00  62.52 112.81  28.62 114.05  28.14   0.16 111.73   6.28   1.75
 2456994.5  90.70   0.5   6.9 15.24 13.99 1.000   1.3  0.00  62.55 203.49  28.64 204.83  28.15   0.17 111.07   6.28   1.76
 2456995.5  90.67   0.5   6.9 15.24 14.00 1.000   1.4  0.00  62.58 294.18  28.67 295.61  28.16   0.18 110.50   6.28   1.77
 2456996.5  90.64   0.5   6.9 15.25 14.00 1.000   1.5  0.00  62.61  24.87  28.69  26.39  28.17   0.19 109.98   6.28   1.79
 2456997.5  90.60   0.5   6.9 15.26 14.01 1.000   1.5  0.00  62.64 115.56  28.72 117.17  28.17   0.20 109.52   6.28   1.80
 2456998.5  90.56   0.5   6.9 15.26 14.02 1.000   1.6  0.00  62.67 206.25  28.74 207.95  28.18   0.21 109.10   6.29   1.82
 2456999.5  90.52   0.5   6.9 15.27 14.02 1.000   1.7  0.00  62.70 296.94  28.77 298.74  28.19   0.22 108.72   6.29   1.83
 2457000.5  90.48   0.5   6.9 15.28 14.03 1.000   1.8  0.00  62.74  27.63  28.79  29.52  28.20   0.24 108.37   6.29   1.85
 2457001.5  90.43   0.5   6.9 15.28 14.04 1.000   1.9  0.00  62.77 118.33  28.82 120.31  28.20   0.25 108.05   6.29   1.86
 2457002.5  90.39   0.5   6.9 15.29 14.04 1.000   2.0  0.00  62.80 209.03  28.84 211.10  28.21   0.26 107.75   6.29   1.87
 2457003.5  90.34   0.5   6.9 15.30 14.05 1.000   2.1  0.00  62.83 299.73  28.86 301.89  28.22   0.27 107.47   6.30   1.89
 2457004.5  90.29   0.5   7.0 15.31 14.06 1.000   2.1  0.01  62.86  30.43  28.89  32.68  28.23   0.28 107.21   6.30   1.90
 2457005.5  90.23   0.5   7.0 15.32 14.07 1.000   2.2  0.01  62.89 121.13  28.91 123.47  28.24   0.29 106.97   6.30   1.92
 2457006.5  90.18   0.5   7.0 15.33 14.08 1.000   2.3  0.01  62.92 211.83  28.93 214.26  28.24   0.30 106.74   6.30   1.93
 2457007.5  90.12   0.5   7.0 15.34 14.09 1.000   2.4  0.01  62.95 302.54  28.96 305.05  28.25   0.31 106.52   6.31   1.94
 2457008.5  90.06   0.5   7.0 15.35 14.10 1.000   2.5  0.01  62.98  33.24  28.98  35.85  28.26   0.32 106.32   6.31   1.96
 2457009.5  90.00   0.5   7.0 15.36 14.11 1.000   2.5  0.01  63.01 123.95  29.00 126.64  28.27   0.33 106.13   6.31   1.97
 2457010.5  89.94   0.5   7.0 15.37 14.12 0.999   2.6  0.01  63.04 214.66  29.02 217.44  28.28   0.34 105.94   6.32   1.98
 2457011.5  89.87   0.5   7.0 15.38 14.13 0.999   2.7  0.01  63.07 305.37  29.04 308.24  28.28   0.35 105.77   6.32   2.00
 2457012.5  89.80   0.5   7.0 15.39 14.14 0.999   2.8  0.01  63.10  36.09  29.06  39.04  28.29   0.37 105.60   6.33   2.01
 2457013.5  89.74   0.5   7.0 15.40 14.15 0.999   2.9  0.01  63.13 126.80  29.08 129.84  28.30   0.38 105.44   6.33   2.03
 2457014.5  89.66   0.5   7.0 15.42 14.16 0.999   2.9  0.01  63.17 217.52  29.10 220.64  28.31   0.39 105.29   6.33   2.04
 2457015.5  89.59   0.5   7.0 15.43 14.17 0.999   3.0  0.01  63.20 308.24  29.12 311.44  28.31   0.40 105.14   6.34   2.05
 2457016.5  89.52   0.5   7.0 15.44 14.19 0.999   3.1  0.01  63.23  38.96  29.14  42.24  28.32   0.41 105.00   6.34   2.07
 2457017.5  89.44   0.5   7.0 15.45 14.20 0.999   3.2  0.01  63.26 129.68  29.16 133.05  28.33   0.42 104.86   6.35   2.08
 2457018.5  89.36   0.5   7.0 15.47 14.21 0.999   3.2  0.01  63.29 220.40  29.18 223.85  28.34   0.43 104.73   6.35   2.09
 2457019.5  89.28   0.5   7.0 15.48 14.22 0.999   3.3  0.01  63.32 311.13  29.20 314.66  28.34   0.44 104.60   6.36   2.10
 2457020.5  89.20   0.5   7.0 15.50 14.24 0.999   3.4  0.01  63.35  41.86  29.22  45.47  28.35   0.45 104.48   6.36   2.12
 2457021.5  89.12   0.5   7.0 15.51 14.25 0.999   3.5  0.01  63.38 132.59  29.24 136.28  28.36   0.46 104.36   6.37   2.13
 2457022.5  89.03   0.5   7.0 15.52 14.27 0.999   3.5  0.01  63.41 223.32  29.26 227.09  28.37   0.47 104.24   6.37   2.14
 2457023.5  88.94   0.6   7.0 15.54 14.28 0.999   3.6  0.02  63.44 314.05  29.28 317.90  28.38   0.48 104.13   6.38   2.15
 2457024.5  88.85   0.6   7.0 15.56 14.29 0.999   3.7  0.02  63.47  44.79  29.29  48.71  28.38   0.49 104.02   6.38   2.17
 2457025.5  88.76   0.6   7.0 15.57 14.31 0.999   3.7  0.02  63.50 135.52  29.31 139.52  28.39   0.50 103.91   6.39   2.18
 2457026.5  88.67   0.6   7.0 15.59 14.32 0.999   3.8  0.02  63.53 226.26  29.33 230.33  28.40   0.51 103.80   6.39   2.19
 2457027.5  88.58   0.6   7.0 15.60 14.34 0.999   3.9  0.02  63.56 317.00  29.34 321.15  28.41   0.51 103.70   6.40   2.20
 2457028.5  88.48   0.6   7.0 15.62 14.36 0.999   3.9  0.02  63.60  47.74  29.36  51.96  28.41   0.52 103.60   6.41   2.22
 2457029.5  88.39   0.6   7.0 15.64 14.37 0.999   4.0  0.02  63.63 138.49  29.38 142.78  28.42   0.53 103.51   6.41   2.23
 2457030.5  88.29   0.6   7.0 15.66 14.39 0.999   4.1  0.02  63.66 229.23  29.39 233.59  28.43   0.54 103.41   6.42   2.24
 2457031.5  88.19   0.6   7.0 15.67 14.41 0.999   4.1  0.02  63.69 319.98  29.41 324.41  28.44   0.55 103.32   6.43   2.25
 2457032.5  88.08   0.6   7.0 15.69 14.42 0.999   4.2  0.02  63.72  50.73  29.42  55.23  28.44   0.56 103.23   6.43   2.26
 2457033.5  87.98   0.6   7.0 15.71 14.44 0.999   4.2  0.02  63.75 141.48  29.44 146.05  28.45   0.57 103.14   6.44   2.27
 2457034.5  87.88   0.6   7.0 15.73 14.46 0.999   4.3  0.02  63.78 232.24  29.45 236.87  28.46   0.58 103.05   6.45   2.28
 2457035.5  87.77   0.6   7.1 15.75 14.47 0.999   4.4  0.02  63.81 322.99  29.47 327.69  28.47   0.59 102.97   6.45   2.30
 2457036.5  87.66   0.6   7.1 15.77 14.49 0.999   4.4  0.02  63.84  53.75  29.48  58.51  28.47   0.60 102.88   6.46   2.31
 2457037.5  87.55   0.6   7.1 15.79 14.51 0.998   4.5  0.02  63.87 144.51  29.49 149.33  28.48   0.60 102.80   6.47   2.32
 2457038.5  87.44   0.6   7.1 15.81 14.53 0.998   4.5  0.02  63.90 235.27  29.51 240.16  28.49   0.61 102.72   6.48   2.33
 2457039.5  87.33   0.6   7.1 15.83 14.55 0.998   4.6  0.03  63.93 326.04  29.52 330.98  28.50   0.62 102.64   6.48   2.34
 2457040.5  87.22   0.5   7.1 15.85 14.57 0.998   4.6  0.03  63.96  56.80  29.53  61.81  28.50   0.63 102.56   6.49   2.35
 2457041.5  87.10   0.5   7.1 15.87 14.59 0.998   4.7  0.03  63.99 147.57  29.54 152.63  28.51   0.64 102.49   6.50   2.36
 2457042.5  86.99   0.5   7.1 15.89 14.61 0.998   4.8  0.03  64.03 238.34  29.56 243.46  28.52   0.64 102.41   6.51   2.37
