 2456657.5   5.870476986857   5.873727117147  -0.248053330454  -0.246799871723  3.748002 12.5 2456658.15692018      99.00000000
 2456658.5   5.875383288166   5.878631302817  -0.246212110788  -0.244955975356  3.758924 12.5 2456659.15496956      99.00000000
 2456659.5   5.880318863899   5.883564748974  -0.244355772783  -0.243097039103  3.769733 12.5 2456660.15302352      99.00000000
 2456660.5   5.885283085356   5.888526676321  -0.242484545288  -0.241223334045  3.780427 12.5 2456661.15108194      99.00000000
 2456661.5   5.890275226495   5.893516269964  -0.240598682231  -0.239335120986  3.791003 12.5 2456662.14914470      99.00000000
 2456662.5   5.895294636911   5.898532880762  -0.238698416705  -0.237432605147  3.801460 12.5 2456663.14721172      99.00000000
 2456663.5   5.900340593385   5.903575862285  -0.236783998027  -0.235515988786  3.811797 12.5 2456664.14528286      99.00000000
 2456664.5   5.905412470659   5.908644701400  -0.234855647715  -0.233585446126  3.822013 12.5 2456665.14335804      99.00000000
 2456665.5   5.910509587754   5.913738825325  -0.232913599876  -0.231641176820  3.832106 12.5 2456666.14143715      99.00000000
 2456666.5   5.915631370640   5.918857740203  -0.230958059765  -0.229683369075  3.842075 12.5 2456667.13952011      99.00000000
 2456667.5   5.920777193160   5.924000863733  -0.228989246292  -0.227712240975  3.851919 12.5 2456668.13760682      99.00000000
 2456668.5   5.925946535055   5.929167684934  -0.227007351229  -0.225727995757  3.861637 12.5 2456669.13569721      99.00000000
 2456669.5   5.931138821717   5.934357610283  -0.225012582140  -0.223730860517  3.871228 12.5 2456670.13379117      99.00000000
 2456670.5   5.936353580977   5.939570128043  -0.223005121177  -0.221721041090  3.880691 12.5 2456671.13188866      99.00000000
 2456671.5   5.941590283671   5.944804656717  -0.220985167981  -0.219698761630  3.890026 12.5 2456672.12998957      99.00000000
 2456672.5   5.946848500014   5.950060709392  -0.218952898025  -0.217664219852  3.899230 12.5 2456673.12809385      99.00000000
 2456673.5   5.952127740990   5.955337743085  -0.216908505640  -0.215617627488  3.908305 12.5 2456674.12620142      99.00000000
 2456674.5   5.957427614034   5.960635321756  -0.214852162103  -0.213559166207  3.917247 12.5 2456675.12431222      99.00000000
 2456675.5   5.962747664855   5.965952964361  -0.212784058944  -0.211489029640  3.926058 12.5 2456676.12242617      99.00000000
 2456676.5   5.968087532235   5.971290303738  -0.210704365835  -0.209407380841  3.934734 12.5 2456677.12054322      99.00000000
 2456677.5   5.973446790228   5.976646930475  -0.208613274172  -0.207314396557  3.943277 12.5 2456678.11866331      99.00000000
 2456678.5   5.978825102221   5.982022546075  -0.206510954725  -0.205210226300  3.951684 12.5 2456679.11678638      99.00000000
 2456679.5   5.984222063606   5.987416802493  -0.204397601468  -0.203095038470  3.959955 12.5 2456680.11491237      99.00000000
 2456680.5   5.989637355071   5.992829449877  -0.202273389060  -0.200968980714  3.968089 12.5 2456681.11304124      99.00000000
 2456681.5   5.995070585332   5.998260171221  -0.200138517110  -0.198832228003  3.976084 12.5 2456682.11117290      99.00000000
 2456682.5   6.000521442865   6.003708722317  -0.197993167769  -0.196684945018  3.983939 12.5 2456683.10930734      99.00000000
 2456683.5   6.005989537528   6.009174757261  -0.195837550758  -0.194527337168  3.991654 12.5 2456684.10744447      99.00000000
 2456684.5   6.011474549551   6.014657958432  -0.193671861268  -0.192359614228  3.999227 12.5 2456685.10558425      99.00000000
 2456685.5   6.016976069490   6.020157860997  -0.191496325522  -0.190182038676  4.006657 12.5 2456686.10372662      99.00000000
 2456686.5   6.022493745698   6.025674000085  -0.189311158053  -0.187994878253  4.013942 12.5 2456687.10187151      99.00000000
 2456687.5   6.028027126521   6.031205779492  -0.187116605978  -0.185798435552  4.021082 12.5 2456688.10001886      99.00000000
 2456688.5   6.033575812977   6.036752675359  -0.184912903255  -0.183592981309  4.028075 12.5 2456689.09816859      99.00000000
 2456689.5   6.039139310648   6.042314139382  -0.182700311741  -0.181378779721  4.034920 12.5 2456690.09632062      99.00000000
 2456690.5   6.044717191923   6.047889780568  -0.180479072312  -0.179156039597  4.041617 12.5 2456691.09447490      99.00000000
 2456691.5   6.050308955268   6.053479201017  -0.178249445089  -0.176924970446  4.048164 12.5 2456692.09263132      99.00000000
 2456692.5   6.055914188149   6.059082111305  -0.176011661524  -0.174685755205  4.054561 12.5 2456693.09078985      99.00000000
 2456693.5   6.061532422380   6.064698144144  -0.173765967623  -0.172438607626  4.060808 12.5 2456694.08895040      99.00000000
 2456694.5   6.067163289458   6.070326989582  -0.171512578882  -0.170183731072  4.066904 12.5 2456695.08711292      99.00000000
 2456695.5   6.072806369433   6.075968243405  -0.169251726087  -0.167921361130  4.072848 12.5 2456696.08527735      99.00000000
 2456696.5   6.078461340996   6.081621566731  -0.166983611300  -0.165651715795  4.078642 12.4 2456697.08344364      99.00000000
 2456697.5   6.084127828303   6.087286544583  -0.164708454222  -0.163375036492  4.084283 12.4 2456698.08161172      99.00000000
 2456698.5   6.089805550051   6.092962844911  -0.162426447753  -0.161091539622  4.089773 12.4 2456699.07978157      99.00000000
 2456699.5   6.095494167067   6.098650073946  -0.160137804143  -0.158801459972  4.095111 12.4 2456700.07795312      99.00000000
 2456700.5   6.101193431805   6.104347932019  -0.157842709915  -0.156505003430  4.100296 12.4 2456701.07612634      99.00000000
 2456701.5   6.106903036970   6.110056068009  -0.155541371955  -0.154202391230  4.105329 12.4 2456702.07430118      99.00000000
 2456702.5   6.112622765105   6.115774234341  -0.153233972087  -0.151893812799  4.110209 12.4 2456703.07247761      99.00000000
 2456703.5   6.118352337550   6.121502140872  -0.150920713432  -0.149579470773  4.114935 12.4 2456704.07065557      99.00000000
 2456704.5   6.124091563411   6.127239607183  -0.148601774908  -0.147259534828  4.119509 12.4 2456705.06883506      99.00000000
 2456705.5   6.129840188193   6.132986411915  -0.146277358051  -0.144934189004  4.123929 12.4 2456706.06701602      99.00000000
 2456706.5   6.135598041771   6.138742437917  -0.143947641521  -0.142603587993  4.128195 12.4 2456707.06519842      99.00000000
 2456707.5   6.141364886519   6.144507514028  -0.141612828357  -0.140267907504  4.132307 12.4 2456708.06338224      99.00000000
 2456708.5   6.147140564333   6.150281552419  -0.139273100432  -0.137927302816  4.136264 12.4 2456709.06156744      99.00000000
 2456709.5   6.152924844321   6.156064384374  -0.136928666070  -0.135581961153  4.140067 12.4 2456710.05975400      99.00000000
 2456710.5   6.158717568879   6.161855893276  -0.134579714419  -0.133232060878  4.143713 12.4 2456711.05794188      99.00000000
 2456711.5   6.164518500703   6.167655848942  -0.132226463473  -0.130877823903  4.147204 12.4 2456712.05613105      99.00000000
 2456712.5   6.170327467616   6.173464042824  -0.129869114368  -0.128519472709  4.150538 12.3 2456713.05432149      99.00000000
 2456713.5   6.176144208778   6.179280132591  -0.127507899638  -0.126157277848  4.153715 12.3 2456714.05251314      99.00000000
 2456714.5   6.181968519040   6.185103798717  -0.125143036924  -0.123791505187  4.156735 12.3 2456715.05070598      99.00000000
 2456715.5   6.187800096587   6.190934621568  -0.122774776404  -0.121422450541  4.159596 12.3 2456716.04889994      99.00000000
 2456716.5   6.193638690919   6.196772270018  -0.120403352403  -0.119050375141  4.162298 12.3 2456717.04709501      99.00000000
 2456717.5   6.199483957061   6.202616389430  -0.118029028534  -0.116675539067  4.164841 12.3 2456718.04529110      99.00000000
 2456718.5   6.205335611229   6.208466762975  -0.115652046613  -0.114298150677  4.167224 12.3 2456719.04348819      99.00000000
 2456719.5   6.211193291836   6.214323144273  -0.113272670539  -0.111918424241  4.169448 12.3 2456720.04168621      99.00000000
 2456720.5   6.217056718026   6.220185370197  -0.110891135187  -0.109536547870  4.171512 12.3 2456721.03988512      99.00000000
 2456721.5   6.222925549022   6.226053182837  -0.108507692282  -0.107152743446  4.173416 12.3 2456722.03808487      99.00000000
 2456722.5   6.228799537293   6.231926367993  -0.106122561673  -0.104767222079  4.175161 12.3 2456723.03628542      99.00000000
 2456723.5   6.234678381587   6.237804613720  -0.103735979861  -0.102380228980  4.176747 12.2 2456724.03448672      99.00000000
 2456724.5   6.240561874674   6.243687672877  -0.101348152707  -0.099991989442  4.178174 12.2 2456725.03268876      99.00000000
 2456725.5   6.246449753115   6.249575227957  -0.098959304892  -0.097602752098  4.179443 12.2 2456726.03089147      99.00000000
 2456726.5   6.252341843657   6.255467048623  -0.096569632436  -0.095212737127  4.180553 12.2 2456727.02909485      99.00000000
 2456727.5   6.258237913106   6.261362848745  -0.094179352005  -0.092822182972  4.181506 12.2 2456728.02729885      99.00000000
 2456728.5   6.264137815502   6.267262438200  -0.091788652742  -0.090431296572  4.182301 12.2 2456729.02550344      99.00000000
 2456729.5   6.270041342977   6.273165577405  -0.089397745359  -0.088040301153  4.182939 12.2 2456730.02370861      99.00000000
 2456730.5   6.275948373731   6.279072128771  -0.087006813510  -0.085649386269  4.183420 12.2 2456731.02191433      99.00000000
 2456731.5   6.281858723281   0.001796604094  -0.084616063022  -0.083258755637  4.183745 12.2 2456732.02012056      99.00000000
 2456732.5   0.004586985165   0.007709543312  -0.082225673211  -0.080868577358  4.183913 12.1 2456733.01832730      99.00000000
 2456733.5   0.010503610211   0.013625521443  -0.079835846630  -0.078479033515  4.183926 12.1 2456734.01653452      99.00000000
 2456734.5   0.016423210243   0.019544519460  -0.077446760623  -0.076090273161  4.183783 12.1 2456735.01474221      99.00000000
 2456735.5   0.022345635834   0.025466457033  -0.075058617746  -0.073702466225  4.183484 12.1 2456736.01295034      99.00000000
 2456736.5   0.028270814458   0.031391325189  -0.072671597533  -0.071315760937  4.183030 12.1 2456737.01115890      99.00000000
 2456737.5   0.034198598098   0.037319019907  -0.070285907380  -0.068930341889  4.182421 12.1 2456738.00936787      99.00000000
 2456738.5   0.040128907716   0.043249474068  -0.067901734191  -0.066546388728  4.181656 12.1 2456739.00757724      99.00000000
 2456739.5   0.046061580267   0.049182496631  -0.065519295341  -0.064164131401  4.180736 12.1 2456740.00578698      99.00000000
 2456740.5   0.051996513260   0.055117917477  -0.063138789832  -0.061783800688  4.179661 12.1 2456741.00399708      99.00000000
 2456741.5   0.057933512092   0.061055446007  -0.060760448979  -0.059405672727  4.178430 12.1 2456742.00220750      99.00000000
 2456742.5   0.063872435801   0.066994839177  -0.058384486695  -0.057030008854  4.177043 12.1 2456743.00041822      99.00000000
 2456743.5   0.069813046190   0.072935779753  -0.056011149375  -0.054657092924  4.175501 12.1 2456743.99862919      99.00000000
 2456744.5   0.075755156923   0.078878052431  -0.053640664649  -0.052287168739  4.173803 12.2 2456744.99684040      99.00000000
 2456745.5   0.081698486969   0.084821410529  -0.051273289838  -0.049920482704  4.171950 12.2 2456745.99505178      99.00000000
 2456746.5   0.087642815175   0.090765721158  -0.048909258906  -0.047557234121  4.169941 12.2 2456746.99326331      99.00000000
 2456747.5   0.093587838382   0.096710792950  -0.046548830001  -0.045197634788  4.167777 12.2 2456747.99147494      99.00000000
 2456748.5   0.099533329073   0.102656496009  -0.044192232058  -0.042841871206  4.165458 12.2 2456748.98968663      99.00000000
 2456749.5   0.105478993133   0.108602592140  -0.041839713448  -0.040490165191  4.162985 12.2 2456749.98789833      99.00000000
 2456750.5   0.111424624691   0.114548881905  -0.039491490122  -0.038142726178  4.160359 12.2 2456750.98611002      99.00000000
 2456751.5   0.117369958908   0.120495066813  -0.037147796406  -0.035799798946  4.157579 12.2 2456751.98432166      99.00000000
 2456752.5   0.123314822264   0.126440916729  -0.034808834580  -0.033461606680  4.154648 12.2 2456752.98253321      99.00000000
 2456753.5   0.129258981422   0.132386134959  -0.032474826845  -0.031128396402  4.151565 12.2 2456753.98074464      99.00000000
 2456754.5   0.135202291733   0.138330518102  -0.030145965069  -0.028800384046  4.148332 12.2 2456754.97895594      99.00000000
 2456755.5   0.141144545219   0.144273810433  -0.027822462802  -0.026477803695  4.144949 12.2 2456755.97716706      99.00000000
 2456756.5   0.147085619795   0.150215856347  -0.025504504474  -0.024160855361  4.141416 12.3 2456756.97537800      99.00000000
 2456757.5   0.153025327837   0.156156450853  -0.023192297154  -0.021849755800  4.137735 12.3 2456757.97358871      99.00000000
 2456758.5   0.158963566716   0.162095491965  -0.020886019221  -0.019544686270  4.133907 12.3 2456758.97179919      99.00000000
 2456759.5   0.164900167778   0.168032831600  -0.018585872122  -0.017245843142  4.129932 12.3 2456759.97000940      99.00000000
 2456760.5   0.170835047478   0.173968427655  -0.016292028897  -0.014953385536  4.125810 12.3 2456760.96821934      99.00000000
 2456761.5   0.176768055552   0.179902190223  -0.014004686413  -0.012667487549  4.121544 12.3 2456761.96642898      99.00000000
 2456762.5   0.182699125291   0.185834124885  -0.011724014234  -0.010388289128  4.117132 12.3 2456762.96463832      99.00000000
 2456763.5   0.188628119317   0.191764165323  -0.009450207740  -0.008115953812  4.112576 12.3 2456763.96284732      99.00000000
 2456764.5   0.194554977751   0.197692303689  -0.007183437551  -0.005850625314  4.107876 12.3 2456764.96105599      99.00000000
 2456765.5   0.200479561087   0.203618416029  -0.004923903400  -0.003592489226  4.103033 12.3 2456765.95926430      99.00000000
 2456766.5   0.206401796915   0.209542398951  -0.002671783586  -0.001341728320  4.098047 12.3 2456766.95747223      99.00000000
 2456767.5   0.212321521688   0.215464014156  -0.000427288774   0.000901422629  4.092919 12.3 2456767.95567976      99.00000000
 2456768.5   0.218238628663   0.221383052971   0.001809389462   0.003136732994  4.087648 12.3 2456768.95388688      99.00000000
 2456769.5   0.224152911245   0.227299205585   0.004038025725   0.005363932871  4.082235 12.3 2456769.95209354      99.00000000
 2456770.5   0.230064214361   0.233212239852   0.006258413652   0.007582777307  4.076680 12.3 2456770.95029972      99.00000000
 2456771.5   0.235972280721   0.239121868437   0.008470314038   0.009793004602  4.070983 12.3 2456771.94850537      99.00000000
 2456772.5   0.241876906249   0.245027912546   0.010673509003   0.011994396432  4.065146 12.3 2456772.94671047      99.00000000
 2456773.5   0.247777789379   0.250930144005   0.012867750921   0.014186726877  4.059168 12.3 2456773.94491497      99.00000000
 2456774.5   0.253674690320   0.256828423281   0.015052817537   0.016369811230  4.053049 12.4 2456774.94311882      99.00000000
 2456775.5   0.259567282521   0.262722522086   0.017228461153   0.018543444482  4.046791 12.4 2456775.94132198      99.00000000
 2456776.5   0.265455314066   0.268612258264   0.019394463890   0.020707444906  4.040394 12.4 2456776.93952440      99.00000000
 2456777.5   0.271338458562   0.274497331402   0.021550586111   0.022861594077  4.033859 12.4 2456777.93772603      99.00000000
 2456778.5   0.277216475370   0.280377482790   0.023696620809   0.025005688301  4.027187 12.4 2456778.93592684      99.00000000
 2456779.5   0.283089056890   0.286252354416   0.025832340557   0.027139488126  4.020379 12.4 2456779.93412678      99.00000000
 2456780.5   0.288955985839   0.292121663135   0.027957550836   0.029262777227  4.013436 12.4 2456780.93232581      99.00000000
 2456781.5   0.294816978750   0.297985059538   0.030072035875   0.031375314416  4.006359 12.4 2456781.93052389      99.00000000
 2456782.5   0.300671841567   0.303842294120   0.032175611629   0.033476891323  3.999149 12.4 2456782.92872100      99.00000000
 2456783.5   0.306520311373   0.309693064519   0.034268071342   0.035567281028  3.991807 12.4 2456783.92691708      99.00000000
 2456784.5   0.312362212464   0.315537173672   0.036349238855   0.037646292861  3.984335 12.4 2456784.92511211      99.00000000
 2456785.5   0.318197297976   0.321374371893   0.038418914327   0.039713719001  3.976733 12.4 2456785.92330605      99.00000000
 2456786.5   0.324025407504   0.327204514740   0.040476928052   0.041769388900  3.969002 12.4 2456786.92149889      99.00000000
 2456787.5   0.329846308974   0.333027405128   0.042523086259   0.043813116006  3.961144 12.4 2456787.91969057      99.00000000
 2456788.5   0.335659857529   0.338842951582   0.044557225179   0.045844752565  3.953159 12.4 2456788.91788109      99.00000000
 2456789.5   0.341465836648   0.344651005769   0.046579156487   0.047864135191  3.945048 12.4 2456789.91607040      99.00000000
 2456790.5   0.347264116723   0.350451512250   0.048588721048   0.049871136654  3.936813 12.4 2456790.91425849      99.00000000
 2456791.5   0.353054493254   0.356244330963   0.050585733377   0.051865605402  3.928455 12.4 2456791.91244532      99.00000000
 2456792.5   0.358836842858   0.362029372628   0.052570034567   0.053847410015  3.919973 12.4 2456792.91063087      99.00000000
 2456793.5   0.364610956785   0.367806413762   0.054541435583   0.055816372796  3.911370 12.4 2456793.90881511      99.00000000
 2456794.5   0.370376694235   0.373575244140   0.056499769810   0.057772315280  3.902645 12.4 2456794.90699802      99.00000000
 2456795.5   0.376133813331   0.379335511753   0.058444836313   0.059715001912  3.893799 12.4 2456795.90517956      99.00000000
 2456796.5   0.381882126187   0.385086909425   0.060376453591   0.061644202731  3.884832 12.4 2456796.90335969      99.00000000
 2456797.5   0.387621332700   0.390829045034   0.062294404334   0.063559652709  3.875746 12.4 2456797.90153836      99.00000000
 2456798.5   0.393351181909   0.396561629052   0.064198491313   0.065461121456  3.866541 12.4 2456798.89971554      99.00000000
 2456799.5   0.399071310680   0.402284320135   0.066088483628   0.067348367736  3.857216 12.4 2456799.89789116      99.00000000
 2456800.5   0.404781410776   0.407996880727   0.067964173957   0.069221197291  3.847774 12.4 2456800.89606517      99.00000000
 2456801.5   0.410481069954   0.413698995109   0.069825325147   0.071079403982  3.838215 12.4 2456801.89423752      99.00000000
 2456802.5   0.416169941782   0.419390413046   0.071671727744   0.072922818111  3.828538 12.4 2456802.89240813      99.00000000
 2456803.5   0.421847586504   0.425070768106   0.073503146133   0.074751242795  3.818747 12.4 2456803.89057695      99.00000000
 2456804.5   0.427513641662   0.430739734202   0.075319375828   0.076564502915  3.808841 12.4 2456804.88874392      99.00000000
 2456805.5   0.433167661172   0.436396860922   0.077120188790   0.078362385525  3.798821 12.4 2456805.88690896      99.00000000
 2456806.5   0.438809285482   0.442041749731   0.078905390220   0.080144695451  3.788689 12.4 2456806.88507202      99.00000000
 2456807.5   0.444438077663   0.447673902648   0.080674762854   0.081911202102  3.778447 12.4 2456807.88323302      99.00000000
 2456808.5   0.450053692265   0.453292905996   0.082428123192   0.083661700217  3.768094 12.4 2456808.88139192      99.00000000
 2456809.5   0.455655708085   0.458898276165   0.084165264903   0.085395958562  3.757634 12.4 2456809.87954865      99.00000000
 2456810.5   0.461243796131   0.464489636564   0.085886014804   0.087113780283  3.747066 12.4 2456810.87770315      99.00000000
 2456811.5   0.466817550018   0.470066552469   0.087590175801   0.088814949051  3.736393 12.4 2456811.87585537      99.00000000
 2456812.5   0.472376654440   0.475628700650   0.089277583102   0.090499286959  3.725616 12.4 2456812.87400525      99.00000000
 2456813.5   0.477920714550   0.481175698025   0.090948047069   0.092166598385  3.714735 12.4 2456813.87215273      99.00000000
 2456814.5   0.483449426130   0.486707270575   0.092601409924   0.093816727125  3.703754 12.4 2456814.87029776      99.00000000
 2456815.5   0.488962404650   0.492223080789   0.094237488583   0.095449499875  3.692672 12.4 2456815.86844028      99.00000000
 2456816.5   0.494459357321   0.497722897230   0.095856131745   0.097064783655  3.681491 12.4 2456816.86658026      99.00000000
 2456817.5   0.499939911251   0.503206417412   0.097457162389   0.098662428289  3.670213 12.4 2456817.86471762      99.00000000
 2456818.5   0.505403786039   0.508673430193   0.099040434735   0.100242321329  3.658839 12.4 2456818.86285233      99.00000000
 2456819.5   0.510850618704   0.514123623891   0.100605775723   0.101804324584  3.647369 12.4 2456819.86098432      99.00000000
 2456820.5   0.516280133834   0.519556735295   0.102153041125   0.103348321171  3.635806 12.4 2456820.85911356      99.00000000
 2456821.5   0.521691962174   0.524972350791   0.103682055480   0.104874144494  3.624150 12.4 2456821.85723998      99.00000000
 2456822.5   0.527085806660   0.530370071637   0.105192667480   0.106381625319  3.612402 12.4 2456822.85536354      99.00000000
 2456823.5   0.532461255991   0.535749352265   0.106684689422   0.107870532401  3.600563 12.4 2456823.85348416      99.00000000
 2456824.5   0.537817951978   0.541109712166   0.108157953900   0.109340641824  3.588634 12.4 2456824.85160179      99.00000000
 2456825.5   0.543155406468   0.546450595759   0.109612255134   0.110791697949  3.576616 12.4 2456825.84971635      99.00000000
 2456826.5   0.548473178297   0.551771568737   0.111047408676   0.112223489345  3.564509 12.3 2456826.84782777      99.00000000
 2456827.5   0.553770697983   0.557072131792   0.112463194832   0.113635798266  3.552314 12.3 2456827.84593595      99.00000000
 2456828.5   0.559047453307   0.562351875932   0.113859420090   0.115028457112  3.540032 12.3 2456828.84404082      99.00000000
 2456829.5   0.564302816511   0.567610276559   0.115235860543   0.116401281240  3.527666 12.3 2456829.84214228      99.00000000
 2456830.5   0.569536232082   0.572846856862   0.116592323129   0.117754118747  3.515214 12.3 2456830.84024023      99.00000000
 2456831.5   0.574747041244   0.578060999816   0.117928587840   0.119086784088  3.502680 12.3 2456831.83833457      99.00000000
 2456832.5   0.579934669156   0.583252133499   0.119244468379   0.120399113403  3.490064 12.3 2456832.83642521      99.00000000
 2456833.5   0.585098445779   0.588419557380   0.120539753244   0.121690903842  3.477367 12.3 2456833.83451204      99.00000000
 2456834.5   0.590237792745   0.593562639279   0.121814266103   0.122961974525  3.464593 12.3 2456834.83259498      99.00000000
 2456835.5   0.595352041063   0.598680645170   0.123067806014   0.124212109603  3.451740 12.3 2456835.83067391      99.00000000
 2456836.5   0.600440618089   0.603772938215   0.124300207727   0.125441122300  3.438813 12.3 2456836.82874875      99.00000000
 2456837.5   0.605502862233   0.608838803375   0.125511281156   0.126648798778  3.425812 12.3 2456837.82681938      99.00000000
 2456838.5   0.610538210274   0.613877641639   0.126700871751   0.127834962239  3.412739 12.3 2456838.82488573      99.00000000
 2456839.5   0.615546009352   0.618888785307   0.127868799371   0.128999414994  3.399596 12.3 2456839.82294769      99.00000000
 2456840.5   0.620525705250   0.623871686624   0.129014918948   0.130142000937  3.386384 12.3 2456840.82100517      99.00000000
 2456841.5   0.625476652417   0.628825725985   0.130139058977   0.131262545242  3.373105 12.3 2456841.81905806      99.00000000
 2456842.5   0.630398304145   0.633750399402   0.131241082695   0.132360915856  3.359762 12.3 2456842.81710630      99.00000000
 2456843.5   0.635290021308   0.638645123657   0.132320826285   0.133436962045  3.346355 12.3 2456843.81514977      99.00000000
 2456844.5   0.640151264920   0.643509424267   0.133378160587   0.134490575802  3.332887 12.3 2456844.81318838      99.00000000
 2456845.5   0.644981403382   0.648342735735   0.134412928816   0.135521628982  3.319360 12.3 2456845.81122205      99.00000000
 2456846.5   0.649779906482   0.653144584629   0.135425008426   0.136530032678  3.305774 12.2 2456846.80925069      99.00000000
 2456847.5   0.654546149041   0.657914377180   0.136414247718   0.137515668886  3.292132 12.2 2456847.80727419      99.00000000
 2456848.5   0.659279603209   0.662651573050   0.137380527123   0.138478442886  3.278435 12.2 2456848.80529247      99.00000000
 2456849.5   0.663979634565   0.667355468194   0.138323693987   0.139418207257  3.264685 12.2 2456849.80330543      99.00000000
 2456850.5   0.668645689544   0.672025387418   0.139243623077   0.140334813857  3.250883 12.2 2456850.80131299      99.00000000
 2456851.5   0.673277083660   0.676660504796   0.140140150295   0.141228049172  3.237031 12.2 2456851.79931503      99.00000000
 2456852.5   0.677873189076   0.681260082866   0.141013134472   0.142097710928  3.223130 12.2 2456852.79731144      99.00000000
 2456853.5   0.682433225244   0.685823307092   0.141862392891   0.142943566830  3.209180 12.2 2456853.79530211      99.00000000
 2456854.5   0.686956459091   0.690349495646   0.142687766948   0.143765438360  3.195184 12.2 2456854.79328692      99.00000000
 2456855.5   0.691442006621   0.694837872663   0.143489060301   0.144563142984  3.181142 12.2 2456855.79126573      99.00000000
 2456856.5   0.695889046255   0.699287736605   0.144266107022   0.145336552225  3.167057 12.2 2456856.78923840      99.00000000
 2456857.5   0.700296624000   0.703698228312   0.145018709468   0.146085514414  3.152930 12.2 2456857.78720479      99.00000000
 2456858.5   0.704663869426   0.708068529291   0.145746706081   0.146809909376  3.138763 12.2 2456858.78516476      99.00000000
 2456859.5   0.708989795474   0.712397660625   0.146449907175   0.147509577063  3.124556 12.1 2456859.78311814      99.00000000
 2456860.5   0.713273512482   0.716684705752   0.147128161936   0.148184382000  3.110314 12.1 2456860.78106481      99.00000000
 2456861.5   0.717514021814   0.720928615865   0.147781292531   0.148834148427  3.096037 12.1 2456861.77900459      99.00000000
 2456862.5   0.721710429489   0.725128435304   0.148409161087   0.149458729438  3.081727 12.1 2456862.77693736      99.00000000
 2456863.5   0.725861735656   0.729283101393   0.149011602782   0.150057943380  3.067388 12.1 2456863.77486294      99.00000000
 2456864.5   0.729967049673   0.733391668465   0.149588493303   0.150631644513  3.053020 12.1 2456864.77278121      99.00000000
 2456865.5   0.734025376438   0.737453100982   0.150139681124   0.151179658994  3.038627 12.1 2456865.77069199      99.00000000
 2456866.5   0.738035833471   0.741466495294   0.150665055540   0.151701855930  3.024211 12.1 2456866.76859517      99.00000000
 2456867.5   0.741997434147   0.745430864936   0.151164478122   0.152198081857  3.009774 12.1 2456867.76649057      99.00000000
 2456868.5   0.745909306845   0.749345359372   0.151637851360   0.152668231234  2.995319 12.1 2456868.76437806      99.00000000
 2456869.5   0.749770475114   0.753209041285   0.152085049299   0.153112178483  2.980847 12.0 2456869.76225749      99.00000000
 2456870.5   0.753580079235   0.757021103835   0.152505986891   0.153529847480  2.966363 12.0 2456870.76012873      99.00000000
 2456871.5   0.757337153652   0.760780642401   0.152900549867   0.153921141360  2.951867 12.0 2456871.75799162      99.00000000
 2456872.5   0.761040851365   0.764486872209   0.153268664843   0.154286011437  2.937362 12.0 2456872.75584603      99.00000000
 2456873.5   0.764690218565   0.768138894352   0.153610228296   0.154624384579  2.922852 12.0 2456873.75369181      99.00000000
 2456874.5   0.768284421300   0.771735911684   0.153925177210   0.154936230391  2.908337 12.0 2456874.75152883      99.00000000
 2456875.5   0.771822515578   0.775276985656   0.154213416647   0.155221483629  2.893821 12.0 2456875.74935694      99.00000000
 2456876.5   0.775303673531   0.778761249798   0.154474890333   0.155480106557  2.879307 12.0 2456876.74717600      99.00000000
 2456877.5   0.778726945040   0.782187665779   0.154709506158   0.155712005461  2.864795 12.0 2456877.74498587      99.00000000
 2456878.5   0.782091479715   0.785555257286   0.154917206432   0.155917094296  2.850289 11.9 2456878.74278641      99.00000000
 2456879.5   0.785396278482   0.788862896775   0.155097891824   0.156095221668  2.835791 11.9 2456879.74057746      99.00000000
 2456880.5   0.788640415197   0.792109576931   0.155251493158   0.156246258088  2.821302 11.9 2456880.73835888      99.00000000
 2456881.5   0.791822788546   0.795294199916   0.155377896692   0.156370045086  2.806825 11.9 2456881.73613048      99.00000000
 2456882.5   0.794942358312   0.798415812635   0.155477020540   0.156466489679  2.792362 11.9 2456882.73389211      99.00000000
 2456883.5   0.797997910370   0.801473331333   0.155548742728   0.156535494652  2.777916 11.9 2456883.73164357      99.00000000
 2456884.5   0.800988311562   0.804465743797   0.155592981167   0.156577024665  2.763487 11.9 2456884.72938468      99.00000000
 2456885.5   0.803912280315   0.807391843960   0.155609621175   0.156591015360  2.749080 11.9 2456885.72711525      99.00000000
 2456886.5   0.806768646180   0.810250482531   0.155598595313   0.156577439064  2.734697 11.8 2456886.72483508      99.00000000
 2456887.5   0.809556112569   0.813040339639   0.155559807810   0.156536223654  2.720340 11.8 2456887.72254397      99.00000000
 2456888.5   0.812273513263   0.815760198282   0.155493213566   0.156467331563  2.706012 11.8 2456888.72024174      99.00000000
 2456889.5   0.814919565565   0.818408713029   0.155398740049   0.156370685174  2.691718 11.8 2456889.71792818      99.00000000
 2456890.5   0.817493126257   0.820984677664   0.155276366687   0.156246249813  2.677458 11.8 2456890.71560312      99.00000000
 2456891.5   0.819992938770   0.823486780177   0.155126045288   0.156093957958  2.663238 11.8 2456891.71326635      99.00000000
 2456892.5   0.822417892042   0.825913867353   0.154947780627   0.155913792665  2.649060 11.8 2456892.71091770      99.00000000
 2456893.5   0.824766763854   0.828264692022   0.154741549723   0.155705710014  2.634927 11.8 2456893.70855699      99.00000000
 2456894.5   0.827038483839   0.830538178702   0.154507383765   0.155469723426  2.620844 11.7 2456894.70618404      99.00000000
 2456895.5   0.829231873105   0.832733164002   0.154245286118   0.155205824437  2.606812 11.7 2456895.70379867      99.00000000
 2456896.5   0.831345911178   0.834848662414   0.153955315477   0.154914067597  2.592837 11.7 2456896.70140072      99.00000000
 2456897.5   0.833379471217   0.836883597592   0.153637502387   0.154594488525  2.578920 11.7 2456897.69899001      99.00000000
 2456898.5   0.835331590427   0.838837066734   0.153291933556   0.154247188048  2.565067 11.7 2456898.69656640      99.00000000
 2456899.5   0.837201200362   0.840708062914   0.152918666783   0.153872246431  2.551280 11.7 2456899.69412972      99.00000000
 2456900.5   0.838987400704   0.842495739946   0.152517816444   0.153469806374  2.537563 11.6 2456900.69167982      99.00000000
 2456901.5   0.840689184341   0.844199127740   0.152089466732   0.153039983206  2.523919 11.6 2456901.68921656      99.00000000
 2456902.5   0.842305714159   0.845817399701   0.151633758236   0.152582946582  2.510352 11.6 2456902.68673979      99.00000000
 2456903.5   0.843836041641   0.847349582961   0.151150799169   0.152098826241  2.496866 11.6 2456903.68424937      99.00000000
 2456904.5   0.845279384729   0.848794832012   0.150640752708   0.151587792338  2.483463 11.6 2456904.68174519      99.00000000
 2456905.5   0.846634836960   0.850152142113   0.150103745788   0.151049958529  2.470148 11.6 2456905.67922708      99.00000000
 2456906.5   0.847901643622   0.851420644061   0.149539957152   0.150485467548  2.456923 11.5 2456906.67669494      99.00000000
 2456907.5   0.849078900242   0.852599336375   0.148949524270   0.149894404313  2.443792 11.5 2456907.67414862      99.00000000
 2456908.5   0.850165830407   0.853687402725   0.148332633818   0.149276901792  2.430759 11.5 2456908.67158801      99.00000000
 2456909.5   0.851161482945   0.854683932669   0.147689429367   0.148633069787  2.417825 11.5 2456909.66901295      99.00000000
 2456910.5   0.852065026097   0.855588204436   0.147020107263   0.147963105191  2.404995 11.5 2456910.66642331      99.00000000
 2456911.5   0.852875457574   0.856399350311   0.146324826676   0.147267201452  2.392273 11.5 2456911.66381893      99.00000000
 2456912.5   0.853591921719   0.857116622307   0.145603810063   0.146545633038  2.379661 11.4 2456912.66119969      99.00000000
 2456913.5   0.854213426709   0.857739078610   0.144857252198   0.145798644885  2.367163 11.4 2456913.65856543      99.00000000
 2456914.5   0.854739169653   0.858265907800   0.144085420992   0.145026539197  2.354783 11.4 2456914.65591602      99.00000000
 2456915.5   0.855168243913   0.858696154089   0.143288562221   0.144229576412  2.342526 11.4 2456915.65325132      99.00000000
 2456916.5   0.855499960718   0.859029061232   0.142466999578   0.143408077633  2.330395 11.4 2456916.65057122      99.00000000
 2456917.5   0.855733542875   0.859263783498   0.141621035691   0.142562331363  2.318394 11.4 2456917.64787561      99.00000000
 2456918.5   0.855868445388   0.859399716932   0.140751052982   0.141692699196  2.306529 11.3 2456918.64516439      99.00000000
 2456919.5   0.855904040488   0.859436189470   0.139857412477   0.140799518942  2.294802 11.3 2456919.64243748      99.00000000
 2456920.5   0.855839942347   0.859372788308   0.138940556621   0.139883209957  2.283219 11.3 2456920.63969482      99.00000000
 2456921.5   0.855675687006   0.859209041074   0.138000906404   0.138944172976  2.271784 11.3 2456921.63693632      99.00000000
 2456922.5   0.855411063327   0.858944747632   0.137038966314   0.137982896820  2.260501 11.3 2456922.63416198      99.00000000
 2456923.5   0.855045788342   0.858579655024   0.136055219576   0.136999856101  2.249375 11.2 2456923.63137174      99.00000000
 2456924.5   0.854579844035   0.858113792330   0.135050234924   0.135995619430  2.238411 11.2 2456924.62856560      99.00000000
 2456925.5   0.854013146775   0.857547135147   0.134024559505   0.134970743761  2.227612 11.2 2456925.62574355      99.00000000
 2456926.5   0.853345888304   0.856879938833   0.132978827087   0.133925881853  2.216983 11.2 2456926.62290564      99.00000000
 2456927.5   0.852578197451   0.856112389850   0.131913648285   0.132861670774  2.206528 11.2 2456927.62005187      99.00000000
 2456928.5   0.851710483911   0.855244938607   0.130829720052   0.131778837085  2.196253 11.2 2456928.61718232      99.00000000
 2456929.5   0.850743091201   0.854277942356   0.129727713162   0.130678079393  2.186160 11.1 2456929.61429705      99.00000000
 2456930.5   0.849676642745   0.853212004934   0.128608383086   0.129560172843  2.176255 11.1 2456930.61139615      99.00000000
 2456931.5   0.848511685724   0.852047619287   0.127472454815   0.128425848719  2.166541 11.1 2456931.60847972      99.00000000
 2456932.5   0.847249039149   0.850785521522   0.126320735255   0.127275902298  2.157022 11.1 2456932.60554788      99.00000000
 2456933.5   0.845889428051   0.849426339241   0.125153995537   0.126111074455  2.147702 11.1 2456933.60260074      99.00000000
 2456934.5   0.844433833303   0.847970964361   0.123973085307   0.124932169222  2.138586 11.0 2456934.59963848      99.00000000
 2456935.5   0.842883117271   0.846420206506   0.122778813379   0.123739944589  2.129675 11.0 2456935.59666121      99.00000000
 2456936.5   0.841238379425   0.844775172443   0.121572065455   0.122535244574  2.120975 11.0 2456936.59366912      99.00000000
 2456937.5   0.839500581550   0.843036897187   0.120353685234   0.121318895684  2.112489 11.0 2456937.59066236      99.00000000
 2456938.5   0.837670920480   0.841206696233   0.119124597676   0.120091837158  2.104219 11.0 2456938.58764113      99.00000000
 2456939.5   0.835750463836   0.839285759358   0.117885691565   0.118854998426  2.096170 10.9 2456939.58460559      99.00000000
 2456940.5   0.833740544905   0.837275503344   0.116637947195   0.117609410031  2.088345 10.9 2456940.58155595      99.00000000
 2456941.5   0.831642404078   0.835177191426   0.115382317132   0.116356066560  2.080748 10.9 2456941.57849242      99.00000000
 2456942.5   0.829457591961   0.832992341478   0.114119854027   0.115096042617  2.073383 10.9 2456942.57541523      99.00000000
 2456943.5   0.827187599578   0.830722377871   0.112851586081   0.113830366952  2.066253 10.9 2456943.57232462      99.00000000
 2456944.5   0.824834256501   0.828369054073   0.111578643461   0.112560153419  2.059362 10.8 2456944.56922088      99.00000000
 2456945.5   0.822399344405   0.825934083618   0.110302129075   0.111286479299  2.052714 10.8 2456945.56610430      99.00000000
 2456946.5   0.819884991736   0.823419544023   0.109023245349   0.110010517828  2.046312 10.8 2456946.56297521      99.00000000
 2456947.5   0.817293276230   0.820827482023   0.107743162335   0.108733410934  2.040160 10.8 2456947.55983393      99.00000000
 2456948.5   0.814626622226   0.818160310937   0.106463146336   0.107456400007  2.034261 10.8 2456948.55668086      99.00000000
 2456949.5   0.811887397265   0.815420406136   0.105184426253   0.106180694386  2.028620 10.7 2456949.55351636      99.00000000
 2456950.5   0.809078314975   0.812610507136   0.103908324254   0.104907603044  2.023238 10.7 2456950.55034087      99.00000000
 2456951.5   0.806202027084   0.809733308137   0.102636120218   0.103638400950  2.018119 10.7 2456951.54715480      99.00000000
 2456952.5   0.803261531313   0.806791863316   0.101369183895   0.102374462087  2.013267 10.7 2456952.54395863      99.00000000
 2456953.5   0.800259757275   0.803789166914   0.100108836856   0.101117122343  2.008684 10.7 2456953.54075282      99.00000000
 2456954.5   0.797199976503   0.800728554096   0.098856485338   0.099867810693  2.004372 10.6 2456954.53753788      99.00000000
 2456955.5   0.794085379267   0.797613265178   0.097613479185   0.098627904982  2.000334 10.6 2456955.53431431      99.00000000
 2456956.5   0.790919483490   0.794446841706   0.096381244960   0.097398858578  1.996572 10.6 2456956.53108268      99.00000000
 2456957.5   0.787705700706   0.791232682670   0.095161142070   0.096182049593  1.993089 10.6 2456957.52784351      99.00000000
 2456958.5   0.784447743278   0.787974449915   0.093954596650   0.094978907578  1.989886 10.6 2456958.52459740      99.00000000
 2456959.5   0.781149181385   0.784675632748   0.092762955971   0.093790764569  1.986964 10.5 2456959.52134489      99.00000000
 2456960.5   0.777813851511   0.781339973520   0.091587624196   0.092618991024  1.984325 10.5 2456960.51808659      99.00000000
 2456961.5   0.774445408831   0.777971042357   0.090429916366   0.091464855842  1.981969 10.5 2456961.51482309      99.00000000
 2456962.5   0.771047740930   0.774572674016   0.089291196937   0.090329674103  1.979898 10.5 2456962.51155498      99.00000000
 2456963.5   0.767624520012   0.771148537139   0.088172734338   0.089214673867  1.978111 10.5 2456963.50828285      99.00000000
 2456964.5   0.764179625863   0.767702562868   0.087075843019   0.088121148627  1.976610 10.5 2456964.50500731      99.00000000
 2456965.5   0.760716703004   0.764238491133   0.086001739441   0.087050319982  1.975394 10.5 2456965.50172893 2456966.49844829
 2456966.5   0.757239597605   0.760760281383   0.084951687978   0.086003481458  1.974464 10.5 2456967.49516603      99.00000000
 2456967.5   0.753751923539   0.757271644275   0.083926858140   0.084981846077  1.973820 10.5 2456968.49188266      99.00000000
 2456968.5   0.750257512866   0.753776463952   0.082928472702   0.083986679018  1.973461 10.5 2456969.48859884      99.00000000
 2456969.5   0.746759985595   0.750278356689   0.081957663601   0.083019140387  1.973388 10.5 2456970.48531508      99.00000000
 2456970.5   0.743263202981   0.746781133406   0.081015619020   0.082080425036  1.973600 10.5 2456971.48203205      99.00000000
 2456971.5   0.739770829049   0.743288382560   0.080103435504   0.081171616336  1.974098 10.5 2456972.47875029      99.00000000
 2456972.5   0.736286776515   0.739803939212   0.079222262794   0.080293837115  1.974880 10.5 2456973.47547044      99.00000000
 2456973.5   0.732814755954   0.736331450392   0.078373152893   0.079448107076  1.975946 10.5 2456974.47219305      99.00000000
 2456974.5   0.729358715284   0.732874822555   0.077557204291   0.078635492955  1.977296 10.5 2456975.46891879      99.00000000
 2456975.5   0.725922381993   0.729437764895   0.076775410206   0.077856961174  1.978928 10.5 2456976.46564821      99.00000000
 2456976.5   0.722509702133   0.726024226550   0.076028803850   0.077113524624  1.980842 10.6 2456977.46238195      99.00000000
 2456977.5   0.719124381486   0.722637934750   0.075318307070   0.076406092644  1.983036 10.6 2456978.45912056      99.00000000
 2456978.5   0.715770327460   0.719282834387   0.074644876942   0.075735617680  1.985510 10.6 2456979.45586469      99.00000000
 2456979.5   0.712451191349   0.715962627690   0.074009354821   0.075102945354  1.988260 10.6 2456980.45261486      99.00000000
 2456980.5   0.709170812795   0.712681215468   0.073412613602   0.074508961708  1.991287 10.6 2456981.44937172      99.00000000
 2456981.5   0.705932761921   0.709442232896   0.072855406513   0.073954442070  1.994587 10.6 2456982.44613578      99.00000000
 2456982.5   0.702740783093   0.706249483309   0.072338513980   0.073440195273  1.998159 10.7 2456983.44290765      99.00000000
 2456983.5   0.699598333368   0.703106462507   0.071862591379   0.072966906899  2.001999 10.7 2456984.43968783      99.00000000
 2456984.5   0.696509021095   0.700016782946   0.071428314804   0.072535276907  2.006106 10.7 2456985.43647691      99.00000000
 2456985.5   0.693476137998   0.696983696489   0.071036227941   0.072145858245  2.010477 10.7 2456986.43327535      99.00000000
 2456986.5   0.690503091939   0.694010530429   0.070686887580   0.071799195664  2.015108 10.7 2456987.43008371      99.00000000
 2456987.5   0.687592936487   0.691100234810   0.070380711601   0.071495673918  2.019996 10.8 2456988.42690242      99.00000000
 2456988.5   0.684748804751   0.688255844854   0.070118126465   0.071235671973  2.025138 10.8 2456989.42373197      99.00000000
 2456989.5   0.681973445903   0.685480045926   0.069899418546   0.071019427229  2.030529 10.8 2456990.42057274      99.00000000
 2456990.5   0.679269668003   0.682775634943   0.069724884687   0.070847198944  2.036167 10.8 2456991.41742518      99.00000000
 2456991.5   0.676639886785   0.680145071303   0.069594686953   0.070719132978  2.042046 10.8 2456992.41428962      99.00000000
 2456992.5   0.674086578230   0.677590916574   0.069509005132   0.070635417094  2.048164 10.8 2456993.41116645      99.00000000
 2456993.5   0.671611837896   0.675115370056   0.069467893484   0.070596134683  2.054516 10.9 2456994.40805596      99.00000000
 2456994.5   0.669217839448   0.672720700409   0.069471433566   0.070601408443  2.061097 10.9 2456995.40495850      99.00000000
 2456995.5   0.666906400859   0.670408788225   0.069519591680   0.070651246825  2.067905 10.9 2456996.40187430      99.00000000
 2456996.5   0.664679444474   0.668181572833   0.069612370633   0.070745684468  2.074935 10.9 2456997.39880369      99.00000000
 2456997.5   0.662538565629   0.666040620589   0.069749666688   0.070884632339  2.082184 10.9 2456998.39574687      99.00000000
 2456998.5   0.660485488631   0.663987593157   0.069931418937   0.071068024964  2.089647 10.9 2456999.39270413      99.00000000
 2456999.5   0.658521632613   0.662023832196   0.070157464894   0.071295679966  2.097320 11.0 2457000.38967565      99.00000000
 2457000.5   0.656648558934   0.660150825981   0.070427687092   0.071567450962  2.105200 11.0 2457001.38666171      99.00000000
 2457001.5   0.654867532545   0.658369784220   0.070741867794   0.071883089868  2.113282 11.0 2457002.38366245      99.00000000
 2457002.5   0.653179961431   0.656682084095   0.071099833790   0.072242396893  2.121563 11.0 2457003.38067812      99.00000000
 2457003.5   0.651586956746   0.655088830553   0.071501311636   0.072645079463  2.130039 11.0 2457004.37770886      99.00000000
 2457004.5   0.650089768276   0.653591288870   0.071946071844   0.073090897292  2.138706 11.0 2457005.37475488      99.00000000
 2457005.5   0.648689347527   0.652190443357   0.072433785590   0.073579519575  2.147559 11.1 2457006.37181629      99.00000000
 2457006.5   0.647386782060   0.650887427895   0.072964168664   0.074110668176  2.156594 11.1 2457007.36889328      99.00000000
 2457007.5   0.646182863342   0.649683089930   0.073536839670   0.074683975836  2.165808 11.1 2457008.36598594      99.00000000
 2457008.5   0.645078519982   0.648578419635   0.074151463280   0.075299128564  2.175196 11.1 2457009.36309443      99.00000000
 2457009.5   0.644074389262   0.647574114815   0.074807609271   0.075955723922  2.184754 11.1 2457010.36021882      99.00000000
 2457010.5   0.643171246578   0.646671000406   0.075504894149   0.076653409481  2.194477 11.1 2457011.35735924      99.00000000
 2457011.5   0.642369577001   0.645869585812   0.076242840071   0.077391736721  2.204360 11.2 2457012.35451573      99.00000000
 2457012.5   0.641669996348   0.645170471329   0.077021013962   0.078170291574  2.214401 11.2 2457013.35168841      99.00000000
 2457013.5   0.641072818907   0.644573907362   0.077838886032   0.078988544346  2.224593 11.2 2457014.34887728      99.00000000
 2457014.5   0.640578468549   0.644080213190   0.078695967015   0.079845981238  2.234932 11.2 2457015.34608243      99.00000000
 2457015.5   0.640187045842   0.643689371132   0.079591668247   0.080741968000  2.245414 11.2 2457016.34330383      99.00000000
 2457016.5   0.639898737807   0.643401475577   0.080525439931   0.081675900795  2.256033 11.2 2457017.34054151      99.00000000
 2457017.5   0.639713396801   0.643216344407   0.081496635767   0.082647089047  2.266784 11.3 2457018.33779542      99.00000000
 2457018.5   0.639630960255   0.643133948935   0.082504653907   0.083654910281  2.277664 11.3 2457019.33506555      99.00000000
 2457019.5   0.639651046993   0.643153994375   0.083548805700   0.084698683717  2.288666 11.3 2457020.33235182      99.00000000
 2457020.5   0.639773384650   0.643276316720   0.084628456973   0.085777805733  2.299788 11.3 2457021.32965419      99.00000000
 2457021.5   0.639997415268   0.643500456703   0.085742897770   0.086891608836  2.311023 11.3 2457022.32697254      99.00000000
 2457022.5   0.640322720447   0.643826062707   0.086891481254   0.088039488371  2.322368 11.3 2457023.32430682      99.00000000
 2457023.5   0.640748628194   0.644252487080   0.088073492897   0.089220762722  2.333818 11.4 2457024.32165690      99.00000000
 2457024.5   0.641274631061   0.644779205142   0.089288286532   0.090434803520  2.345370 11.4 2457025.31902273      99.00000000
