 -3    -0.40632   7.104469   7.616940  16.929745  17.442228    2.949852   -0.24139  13.606710   -0.26580
 -2    -0.40539   7.109034   7.621132  16.942024  17.454135    4.063810   -0.29457  14.373215   -0.31145
 -1    -0.40433   7.113046   7.624721  16.954785  17.466476    5.179437   -0.32951  15.271950   -0.33717
  0    -0.40313   7.116498   7.627703  16.968014  17.479237    6.253787   -0.34094  16.307478   -0.33816
  1    -0.40180   7.119385   7.630074  16.981694  17.492402    7.243256   -0.32605  17.455850   -0.31243
  2    -0.40033   7.121701   7.631827  16.995809  17.505958    8.122072   -0.28582  18.669108   -0.26206
  3    -0.39874   7.123440   7.632959  17.010344  17.519888    8.889925   -0.22484  19.895451   -0.19268
  4    -0.39701   7.124596   7.633466  17.025281  17.534178    9.565036   -0.14970  21.098141   -0.11162
  5    -0.39514   7.125167   7.633345  17.040605  17.548814   10.173130   -0.06731  22.260150   -0.02601
  6    -0.39315   7.125148   7.632594  17.056300  17.563780   10.740401    0.01628  23.378641    0.05815
  7    -0.39103   7.124538   7.631214  17.072350  17.579063   11.290663    0.09622  99.000000   99.00000
  8    -0.38878   7.123335   7.629204  17.088740  17.594649   11.845115    0.16878   0.456981    0.13625
  9    -0.38640   7.121539   7.626566  17.105455  17.610525   12.422629    0.23109   1.498588    0.20483
 10    -0.38390   7.119151   7.623301  17.122479  17.626676   13.039650    0.28085   2.503225    0.26122
 11    -0.38127   7.116171   7.619413  17.139797  17.643091   13.709251    0.31629   3.465594    0.30342
 12    -0.37852   7.112602   7.614905  17.157395  17.659755   14.439324    0.33612   4.376216    0.33000
 13    -0.37565   7.108444   7.609781  17.175258  17.676656   15.230908    0.33968   5.224385    0.34021
 14    -0.37266   7.103701   7.604046  17.193372  17.693782   16.077497    0.32705   6.001983    0.33408
 15    -0.36954   7.098376   7.597703  17.211722  17.711120   16.967013    0.29913   6.706683    0.31240
 16    -0.36631   7.092473   7.590760  17.230296  17.728658   17.885410    0.25755   7.342564    0.27668
 17    -0.36296   7.085995   7.583221  17.249078  17.746385   18.820734    0.20442   7.919169    0.22891
 18    -0.35950   7.078947   7.575093  17.268055  17.764288   19.765744    0.14219   8.449353    0.17138
 19    -0.35592   7.071333   7.566383  17.287215  17.782358   20.718688    0.07342   8.947705    0.10651
 20    -0.35224   7.063159   7.557097  17.306544  17.800581   21.682596    0.00074   9.429694    0.03673
 21    -0.34844   7.054430   7.547243  17.326029  17.818948   22.663670   -0.07310   9.911655   -0.03545
 22    -0.34453   7.045152   7.536828  17.345658  17.837447   23.668984   -0.14511  10.411350   -0.10737
 23    -0.34051   7.035330   7.525861  17.365418  17.856069   99.000000   99.00000  10.948861   -0.17605
 24    -0.33639   7.024971   7.514349  17.385297  17.874801    0.703284   -0.21179  11.547358   -0.23797
 25    -0.33217   7.014082   7.502300  17.405282  17.893635    1.764658   -0.26897  12.232857   -0.28889
 26    -0.32784   7.002668   7.489723  17.425361  17.912559    2.839721   -0.31182  13.031259   -0.32398
 27    -0.32342   6.990737   7.476626  17.445522  17.931563    3.901242   -0.33532  13.960929   -0.33831
 28    -0.31889   6.978294   7.463018  17.465751  17.950635    4.912904   -0.33534  15.021552   -0.32817
 29    -0.31427   6.965347   7.448906  17.486038  17.969766    5.842298   -0.31014  16.187173   -0.29247
 30    -0.30956   6.951902   7.434299  17.506368  17.988943    6.673846   -0.26126  17.412698   -0.23379
 31    -0.30475   6.937965   7.419205  17.526730  18.008158    7.411855   -0.19338  18.651704   -0.15794
 32    -0.29986   6.923543   7.403632  17.547113  18.027400    8.074334   -0.11313  19.870798   -0.07237
 33    -0.29487   6.908641   7.387587  17.567505  18.046659    8.684592   -0.02754  21.052813    0.01550
 34    -0.28980   6.893267   7.371079  17.587897  18.065928    9.266223    0.05706  22.191787    0.09938
 35    -0.28465   6.877428   7.354117  17.608280  18.085198    9.840940    0.13556  23.286374    0.17450
 36    -0.27941   6.861131   7.336709  17.628645  18.104463   10.428157    0.20415  99.000000   99.00000
 37    -0.27410   6.844386   7.318866  17.648985  18.123716   11.044822    0.26010   0.334908    0.23746
 38    -0.26871   6.827200   7.300597  17.669292  18.142952   11.704821    0.30154   1.332969    0.28597
 39    -0.26324   6.809583   7.281913  17.689561  18.162166   12.417730    0.32731   2.273339    0.31868
 40    -0.25769   6.791543   7.262823  17.709786  18.181353   13.187515    0.33685   3.147906    0.33495
 41    -0.25208   6.773089   7.243338  17.729961  18.200510   14.011592    0.33024   3.950623    0.33483
 42    -0.24640   6.754230   7.223468  17.750082  18.219632   14.881895    0.30815   4.679952    0.31901
 43    -0.24064   6.734977   7.203224  17.770145  18.238717   15.787178    0.27188   5.339722    0.28871
 44    -0.23483   6.715337   7.182615  17.790147  18.257763   16.716312    0.22322   5.938649    0.24564
 45    -0.22894   6.695322   7.161653  17.810084  18.276768   17.660902    0.16437   6.488563    0.19183
 46    -0.22300   6.674940   7.140348  17.829955  18.295729   18.616594    0.09783   7.003044    0.12958
 47    -0.21700   6.654201   7.118711  17.849756  18.314646   19.583014    0.02634   7.496517    0.06139
 48    -0.21093   6.633114   7.096751  17.869487  18.333518   20.562733   -0.04720   7.984026   -0.01011
 49    -0.20481   6.611689   7.074479  17.889146  18.352345   21.559505   -0.11964   8.481544   -0.08209
 50    -0.19864   6.589936   7.051907  17.908731  18.371126   22.575835   -0.18752   9.006584   -0.15149
 51    -0.19242   6.567864   7.029043  17.928243  18.389860   23.610024   -0.24707   9.578758   -0.21496
 52    -0.18614   6.545483   7.005898  17.947679  18.408549   99.000000   99.00000  10.219885   -0.26878
 53    -0.17982   6.522803   6.982483  17.967041  18.427191    0.652726   -0.29414  10.952570   -0.30890
 54    -0.17345   6.499832   6.958808  17.986325  18.445788    1.685034   -0.32454  11.796014   -0.33121
 55    -0.16703   6.476580   6.934882  18.005533  18.464338    2.680315   -0.33454  12.758917   -0.33218
 56    -0.16057   6.453056   6.910715  18.024663  18.482841    3.611714   -0.32176  13.832508   -0.30977
 57    -0.15407   6.429269   6.886317  18.043713  18.501296    4.461876   -0.28601  14.989851   -0.26436
 58    -0.14754   6.405227   6.861695  18.062683  18.519704    5.228278   -0.22963  16.194310   -0.19914
 59    -0.14097   6.380938   6.836860  18.081570  18.538062    5.921691   -0.15723  17.411673   -0.11969
 60    -0.13436   6.356410   6.811819  18.100375  18.556370    6.560654   -0.07487  18.617569   -0.03287
 61    -0.12772   6.331651   6.786580  18.119095  18.574629    7.166293    0.01094  19.797506    0.05432
 62    -0.12105   6.306669   6.761152  18.137731  18.592837    7.759444    0.09408  20.942809    0.13569
 63    -0.11435   6.281470   6.735541  18.156283  18.610995    8.359307    0.16938  22.046140    0.20636
 64    -0.10763   6.256063   6.709758  18.174751  18.629104    8.982834    0.23292  23.098782    0.26291
 65    -0.10088   6.230457   6.683810  18.193135  18.647166    9.644006    0.28197  99.000000   99.00000
 66    -0.09411   6.204659   6.657706  18.211438  18.665181   10.352627    0.31494   0.090376    0.30327
 67    -0.08731   6.178679   6.631455  18.229660  18.683151   11.113322    0.33118   1.010806    0.32659
 68    -0.08050   6.152524   6.605066  18.247804  18.701080   11.924811    0.33080   1.853086    0.33292
 69    -0.07368   6.126204   6.578547  18.265873  18.718970   12.780822    0.31459   2.615653    0.32306
 70    -0.06683   6.099727   6.551908  18.283868  18.736823   13.672273    0.28381   3.302980    0.29830
 71    -0.05998   6.073102   6.525158  18.301794  18.754643   14.590000    0.24008   3.924503    0.26026
 72    -0.05311   6.046338   6.498305  18.319653  18.772433   15.527005    0.18536   4.492835    0.21079
 73    -0.04624   6.019443   6.471360  18.337448  18.790196   16.479547    0.12186   5.022118    0.15195
 74    -0.03935   5.992428   6.444330  18.355183  18.807938   17.447119    0.05207   5.527079    0.08600
 75    -0.03246   5.965300   6.417225  18.372863  18.825660   18.431404   -0.02119   6.022711    0.01543
 76    -0.02557   5.938070   6.390055  18.390491  18.843369   19.434749   -0.09469   6.524575   -0.05693
 77    -0.01867   5.910745   6.362828  18.408071  18.861068   20.457932   -0.16482   7.049226   -0.12790
 78    -0.01177   5.883335   6.335553  18.425608  18.878761   21.497444   -0.22759   7.614682   -0.19396
 79    -0.00487   5.855849   6.308240  18.443105  18.896452   22.542750   -0.27879   8.240405   -0.25122
 80     0.00203   5.828296   6.280898  18.460568  18.914146   23.574961   -0.31430   8.946110   -0.29567
 81     0.00892   5.800686   6.253536  18.477998  18.931847   99.000000   99.00000   9.748525   -0.32344
 82     0.01581   5.773027   6.226163  18.495401  18.949557    0.568997   -0.33069  10.656144   -0.33134
 83     0.02268   5.745328   6.198787  18.512779  18.967279    1.500143   -0.32578  11.664106   -0.31748
 84     0.02955   5.717598   6.171419  18.530134  18.985018    2.352236   -0.29917  12.753472   -0.28186
 85     0.03641   5.689845   6.144065  18.547469  19.002774    3.122415   -0.25244  13.896848   -0.22657
 86     0.04326   5.662078   6.116735  18.564786  19.020549    3.820045   -0.18892  15.067095   -0.15559
 87     0.05009   5.634305   6.089436  18.582087  19.038346    4.462128   -0.11324  16.243528   -0.07427
 88     0.05691   5.606533   6.062176  18.599371  19.056164    5.068782   -0.03080  17.412818    0.01134
 89     0.06370   5.578771   6.034963  18.616642  19.074005    5.660411    0.05272  18.565983    0.09511
 90     0.07048   5.551024   6.007803  18.633898  19.091870    6.256359    0.13184  19.694328    0.17143
 91     0.07724   5.523302   5.980704  18.651142  19.109759    6.874148    0.20177  20.786479    0.23569
 92     0.08397   5.495611   5.953673  18.668375  19.127673    7.528600    0.25866  21.827736    0.28455
 93     0.09068   5.467960   5.926719  18.685596  19.145613    8.230480    0.29987  22.802272    0.31617
 94     0.09736   5.440356   5.899848  18.702807  19.163579    8.984925    0.32397  23.697215    0.33005
 95     0.10401   5.412808   5.873069  18.720010  19.181573    9.790670    0.33074  99.000000   99.00000
 96     0.11063   5.385324   5.846390  18.737206  19.199595   10.640805    0.32086   0.506311    0.32682
 97     0.11722   5.357912   5.819820  18.754396  19.217647   11.525290    0.29569   1.231567    0.30784
 98     0.12377   5.330582   5.793366  18.771581  19.235730   12.434497    0.25700   1.881839    0.27492
 99     0.13029   5.303342   5.767037  18.788764  19.253845   13.361534    0.20674   2.470518    0.22999
100     0.13678   5.276202   5.740843  18.805944  19.271992   14.303528    0.14697   3.013016    0.17506
101     0.14322   5.249170   5.714791  18.823125  19.290173   15.261373    0.07988   3.525354    0.11218
102     0.14962   5.222256   5.688891  18.840306  19.308389   16.238591    0.00794   4.023560    0.04355
103     0.15598   5.195469   5.663151  18.857491  19.326641   17.239539   -0.06598   4.523961   -0.02835
104     0.16230   5.168818   5.637582  18.874679  19.344930   18.266996   -0.13841   5.043597   -0.10057
105     0.16858   5.142315   5.612191  18.891873  19.363256   19.319051   -0.20527   5.600800   -0.16962
106     0.17480   5.115967   5.586988  18.909073  19.381620   20.385709   -0.26199   6.215265   -0.23145
107     0.18098   5.089786   5.561984  18.926281  19.400024   21.446716   -0.30389   6.906952   -0.28164
108     0.18711   5.063782   5.537186  18.943498  19.418466   22.473333   -0.32697   7.692862   -0.31580
109     0.19319   5.037964   5.512605  18.960724  19.436947   23.435726   -0.32867   8.581503   -0.33031
110     0.19921   5.012343   5.488251  18.977958  19.455465   99.000000   99.00000   9.567682   -0.32305
111     0.20518   4.986928   5.464132  18.995200  19.474020    0.313076   -0.30849  10.631643   -0.29397
112     0.21110   4.961731   5.440259  19.012449  19.492608    1.099888   -0.26803  11.745372   -0.24514
113     0.21696   4.936761   5.416639  19.029701  19.511227    1.805039   -0.21055  12.882476   -0.18030
114     0.22275   4.912028   5.393283  19.046955  19.529873    2.446290   -0.14031  14.024461   -0.10419
115     0.22849   4.887541   5.370199  19.064207  19.548541    3.044909   -0.06206  15.161504   -0.02205
116     0.23417   4.863310   5.347395  19.081453  19.567228    3.622412    0.01927  16.289156    0.06080
117     0.23978   4.839343   5.324879  19.098689  19.585927    4.199283    0.09882  17.403616    0.13918
118     0.24532   4.815650   5.302658  19.115909  19.604632    4.794436    0.17196  18.497664    0.20832
119     0.25080   4.792239   5.280741  19.133110  19.623338    5.424639    0.23451  19.558485    0.26422
120     0.25621   4.769119   5.259136  19.150284  19.642037    6.103260    0.28306  20.568475    0.30398
121     0.26155   4.746299   5.237850  19.167426  19.660722    6.838160    0.31524  21.509247    0.32606
122     0.26681   4.723788   5.216890  19.184531  19.679385    7.630141    0.32992  22.367165    0.33034
123     0.27201   4.701596   5.196266  19.201591  19.698020    8.472443    0.32719  23.137392    0.31785
124     0.27712   4.679732   5.175985  19.218601  19.716618    9.353194    0.30820  23.824460    0.29039
125     0.28216   4.658205   5.156055  19.235554  19.735172   10.259506    0.27476  99.000000   99.00000
126     0.28713   4.637027   5.136485  19.252444  19.753674   11.181385    0.22901   0.439921    0.25009
127     0.29201   4.616206   5.117283  19.269264  19.772114   12.113897    0.17313   0.999172    0.19915
128     0.29681   4.595752   5.098458  19.286006  19.790485   13.057392    0.10931   1.519017    0.13968
129     0.30153   4.575677   5.080018  19.302665  19.808778   14.016407    0.03974   2.016496    0.07375
130     0.30616   4.555989   5.061972  19.319232  19.826984   14.997848   -0.03314   2.508717    0.00353
131     0.31071   4.536699   5.044328  19.335701  19.845094   16.008601   -0.10643   3.013418   -0.06851
132     0.31517   4.517818   5.027095  19.352065  19.863099   17.052238   -0.17653   3.549648   -0.13939
133     0.31954   4.499356   5.010281  19.368315  19.880990   18.125030   -0.23901   4.138318   -0.20539
134     0.32383   4.481324   4.993895  19.384446  19.898758   19.211355   -0.28880   4.801773   -0.26205
135     0.32802   4.463732   4.977947  19.400448  19.916393   20.282537   -0.32089   5.561173   -0.30445
136     0.33212   4.446591   4.962443  19.416316  19.933886   21.302080   -0.33142   6.430595   -0.32791
137     0.33612   4.429910   4.947394  19.432040  19.951226   22.238078   -0.31880   7.409265   -0.32910
138     0.34004   4.413702   4.932806  19.447612  19.968402   23.074907   -0.28414   8.477417   -0.30704
139     0.34385   4.397976   4.918690  19.463023  19.985404   23.816042   -0.23086   9.601733   -0.26352
140     0.34757   4.382743   4.905052  19.478262  20.002219   99.000000   99.00000  10.747960   -0.20250
141     0.35119   4.368011   4.891901  19.493321  20.018834    0.478253   -0.16364  11.891777   -0.12916
142     0.35471   4.353791   4.879242  19.508187  20.035237    1.084135   -0.08755  13.021267   -0.04889
143     0.35812   4.340090   4.867082  19.522849  20.051414    1.657087   -0.00753  14.133562    0.03314
144     0.36144   4.326917   4.855428  19.537297  20.067351    2.219318    0.07184  15.229277    0.11216
145     0.36465   4.314279   4.844283  19.551517  20.083034    2.791317    0.14636  16.307375    0.18383
146     0.36776   4.302182   4.833652  19.565498  20.098447    3.391725    0.21217  17.361555    0.24430
147     0.37076   4.290634   4.823540  19.579226  20.113576    4.036607    0.26587  18.378997    0.29038
148     0.37366   4.279639   4.813949  19.592689  20.128406    4.737777    0.30470  19.342272    0.31985
149     0.37644   4.269204   4.804884  19.605873  20.142921    5.500414    0.32682  20.234234    0.33172
150     0.37912   4.259334   4.796348  19.618766  20.157105    6.321430    0.33154  21.043586    0.32629
151     0.38169   4.250034   4.788342  19.631355  20.170944    7.190031    0.31935  21.768320    0.30491
152     0.38415   4.241309   4.780869  19.643627  20.184423    8.091239    0.29171  22.415203    0.26964
153     0.38650   4.233163   4.773933  19.655568  20.197526    9.010928    0.25074  22.997112    0.22281
154     0.38873   4.225600   4.767534  19.667167  20.210240    9.939528    0.19882  23.529915    0.16676
155     0.39085   4.218624   4.761675  19.678412  20.222549   10.873664    0.13832  99.000000   99.00000
156     0.39286   4.212239   4.756356  19.689290  20.234440   11.815718    0.07150   0.030502    0.10371
157     0.39475   4.206447   4.751579  19.699790  20.245899   12.772297    0.00064   0.515959    0.03579
158     0.39653   4.201251   4.747345  19.709900  20.256913   13.752143   -0.07184   1.003857   -0.03482
159     0.39819   4.196654   4.743654  19.719609  20.267470   14.763447   -0.14301   1.512899   -0.10568
160     0.39973   4.192658   4.740505  19.728908  20.277556   15.810139   -0.20921   2.063840   -0.17376
161     0.40116   4.189263   4.737900  19.737786  20.287162   16.886998   -0.26589   2.679982   -0.23526
162     0.40247   4.186471   4.735837  19.746233  20.296275   17.974897   -0.30779   3.386227   -0.28553
163     0.40366   4.184282   4.734316  19.754241  20.304886   19.040270   -0.32980   4.204920   -0.31942
164     0.40473   4.182698   4.733335  19.761802  20.312985   20.043466   -0.32837   5.147401   -0.33216
165     0.40568   4.181717   4.732894  19.768907  20.320563   20.953945   -0.30277   6.204493   -0.32079
166     0.40652   4.181340   4.732991  19.775548  20.327611   21.761427   -0.25544   7.344609   -0.28538
167     0.40723   4.181565   4.733624  19.781718  20.334120   22.475250   -0.19120   8.524836   -0.22924
168     0.40783   4.182392   4.734790  19.787409  20.340082   23.116225   -0.11587   9.707612   -0.15790
169     0.40830   4.183816   4.736487  19.792613  20.345489   23.708764   -0.03525  10.870302   -0.07768
170     0.40866   4.185835   4.738709  19.797323  20.350333   99.000000   99.00000  12.004532    0.00545
171     0.40889   4.188444   4.741453  19.801532  20.354606    0.276796    0.04555  13.110213    0.08633
172     0.40901   4.191637   4.744711  19.805232  20.358302    0.842371    0.12213  14.189168    0.16062
173     0.40900   4.195407   4.748477  19.808418  20.361413    1.425531    0.19079  15.240344    0.22466
174     0.40887   4.199747   4.752743  19.811081  20.363933    2.044084    0.24838  16.257146    0.27549
175     0.40863   4.204648   4.757502  19.813217  20.365856    2.712610    0.29227  17.227426    0.31084
176     0.40826   4.210101   4.762743  19.814819  20.367177    3.440477    0.32050  18.136320    0.32934
177     0.40777   4.216096   4.768458  19.815882  20.367892    4.229734    0.33194  18.971146    0.33071
178     0.40717   4.222622   4.774636  19.816400  20.367995    5.073992    0.32649  19.725704    0.31569
179     0.40644   4.229669   4.781269  19.816370  20.367483    5.960269    0.30503  20.401991    0.28593
180     0.40560   4.237226   4.788345  19.815787  20.366353    6.873036    0.26933  21.009057    0.24361
181     0.40463   4.245280   4.795855  19.814647  20.364603    7.798933    0.22167  21.560328    0.19114
182     0.40355   4.253821   4.803786  19.812948  20.362232    8.729849    0.16453  22.071257    0.13094
183     0.40235   4.262836   4.812129  19.810688  20.359237    9.663787    0.10041  22.557949    0.06529
184     0.40104   4.272311   4.820873  19.807865  20.355620   10.604085    0.03167  23.036956   -0.00357
185     0.39961   4.282236   4.830005  19.804477  20.351381   11.557776   -0.03931  23.525624   -0.07339
186     0.39806   4.292596   4.839515  19.800526  20.346521   12.533478   -0.10999  99.000000   99.00000
187     0.39640   4.303379   4.849391  19.796010  20.341043   13.538612   -0.17740   0.042964   -0.14164
188     0.39462   4.314572   4.859623  19.790931  20.334948   14.575755   -0.23791   0.610548   -0.20527
189     0.39273   4.326161   4.870198  19.785290  20.328241   15.637721   -0.28702   1.252826   -0.26051
190     0.39072   4.338133   4.881106  19.779090  20.320926   16.703632   -0.31972   1.995603   -0.30281
191     0.38861   4.350476   4.892335  19.772334  20.313009   17.739823   -0.33129   2.860706   -0.32718
192     0.38638   4.363176   4.903876  19.765026  20.304494   18.709729   -0.31873   3.856329   -0.32919
193     0.38404   4.376221   4.915717  19.757170  20.295389   19.588248   -0.28205   4.967560   -0.30643
194     0.38159   4.389598   4.927849  19.748770  20.285701   20.370367   -0.22453   6.156866   -0.25980
195     0.37904   4.403297   4.940261  19.739832  20.275435   21.068414   -0.15182   7.378024   -0.19364
196     0.37637   4.417305   4.952945  19.730360  20.264600   21.703884   -0.07054   8.593239   -0.11449
197     0.37360   4.431609   4.965889  19.720360  20.253204   22.300798    0.01300   9.780634   -0.02945
198     0.37072   4.446197   4.979084  19.709837  20.241253   22.882179    0.09340  10.931899    0.05500
199     0.36774   4.461057   4.992520  19.698797  20.228756   23.469076    0.16634  12.045667    0.13362
200     0.36465   4.476175   5.006184  19.687246  20.215721   99.000000   99.00000  13.121377    0.20233
201     0.36146   4.491536   5.020065  19.675189  20.202156    0.080273    0.22847  14.155511    0.25809
202     0.35817   4.507128   5.034153  19.662631  20.188068    0.731631    0.27723  15.140211    0.29876
203     0.35478   4.522936   5.048435  19.649580  20.173466    1.434947    0.31080  16.064732    0.32302
204     0.35128   4.538946   5.062899  19.636041  20.158359    2.195988    0.32806  16.918647    0.33043
205     0.34769   4.555145   5.077534  19.622020  20.142755    3.013039    0.32869  17.695735    0.32144
206     0.34401   4.571518   5.092328  19.607524  20.126661    3.877387    0.31323  18.396135    0.29728
207     0.34023   4.588053   5.107271  19.592558  20.110087    4.775787    0.28300  19.026474    0.25981
208     0.33635   4.604736   5.122351  19.577129  20.093041    5.694510    0.23997  19.597944    0.21126
209     0.33238   4.621555   5.137558  19.561244  20.075533    6.622871    0.18648  20.124212    0.15404
210     0.32833   4.638496   5.152882  19.544910  20.057570    7.555129    0.12506  20.620104    0.09057
211     0.32418   4.655549   5.168311  19.528135  20.039162    8.490654    0.05825  21.100827    0.02322
212     0.31994   4.672702   5.183838  19.510924  20.020318    9.432946   -0.01142  21.582125   -0.04563
213     0.31562   4.689944   5.199453  19.493287  20.001048   10.388024   -0.08141  22.080857   -0.11354
214     0.31121   4.707263   5.215146  19.475229  19.981361   11.362403   -0.14899  22.615796   -0.17782
215     0.30671   4.724651   5.230910  19.456760  19.961266   12.360439   -0.21106  23.208295   -0.23536
216     0.30214   4.742096   5.246737  19.437888  19.940774   13.380902   -0.26398  23.882107   -0.28248
217     0.29748   4.759591   5.262619  19.418621  19.919894   14.413287   -0.30360  99.000000   99.00000
218     0.29274   4.777127   5.278550  19.398967  19.898637   15.435934   -0.32550   0.661076   -0.31495
219     0.28792   4.794696   5.294523  19.378936  19.877014   16.419291   -0.32588   1.563123   -0.32841
220     0.28303   4.812290   5.310533  19.358536  19.855034   17.335427   -0.30274   2.591533   -0.31931
221     0.27806   4.829905   5.326575  19.337779  19.832709   18.168724   -0.25678   3.727991   -0.28615
222     0.27302   4.847534   5.342645  19.316672  19.810051   18.920077   -0.19171   4.935735   -0.23054
223     0.26790   4.865172   5.358740  19.295226  19.787069   19.603504   -0.11338   6.172777   -0.15726
224     0.26272   4.882816   5.374857  19.273450  19.763775   20.239475   -0.02865   7.405133   -0.07318
225     0.25746   4.900463   5.390994  19.251355  19.740180   20.850093    0.05587   8.611903    0.01424
226     0.25213   4.918108   5.407148  19.228949  19.716293   21.456470    0.13453   9.782411    0.09825
227     0.24674   4.935748   5.423317  19.206243  19.692127   22.077717    0.20295  10.910649    0.17342
228     0.24128   4.953378   5.439497  19.183245  19.667691   22.730151    0.25799  11.990649    0.23582
229     0.23576   4.970996   5.455686  19.159964  19.642995   23.426370    0.29762  13.014343    0.28289
230     0.23017   4.988596   5.471881  19.136409  19.618049   99.000000   99.00000  13.972072    0.31326
231     0.22453   5.006176   5.488079  19.112589  19.592862    0.173759    0.32076  14.855059    0.32654
232     0.21882   5.023730   5.504277  19.088513  19.567444    0.973224    0.32714  15.658403    0.32321
233     0.21306   5.041256   5.520472  19.064188  19.541804    1.819397    0.31728  16.382954    0.30442
234     0.20723   5.058749   5.536661  19.039623  19.515951    2.702207    0.29235  17.035276    0.27182
235     0.20136   5.076208   5.552842  19.014826  19.489894    3.609996    0.25406  17.626203    0.22744
236     0.19543   5.093627   5.569013  18.989805  19.463641    4.532571    0.20452  18.168876    0.17349
237     0.18945   5.111006   5.585172  18.964568  19.437202    5.463172    0.14607  18.677505    0.11234
238     0.18342   5.128342   5.601317  18.939123  19.410585    6.399146    0.08123  19.166524    0.04640
239     0.17734   5.145632   5.617446  18.913478  19.383798    7.341292    0.01258  19.650599   -0.02187
240     0.17122   5.162874   5.633559  18.887641  19.356849    8.292796   -0.05719  20.145016   -0.08990
241     0.16505   5.180068   5.649654  18.861618  19.329747    9.257600   -0.12525  20.666280   -0.15496
242     0.15883   5.197212   5.665730  18.835419  19.302501   10.238394   -0.18858  21.232692   -0.21410
243     0.15258   5.214305   5.681788  18.809052  19.275118   11.234164   -0.24387  21.864447   -0.26407
244     0.14628   5.231346   5.697828  18.782523  19.247608   12.237619   -0.28752  22.582518   -0.30130
245     0.13995   5.248336   5.713848  18.755842  19.219977   13.233601   -0.31580  23.405349   -0.32210
246     0.13358   5.265275   5.729851  18.729016  19.192236   14.200386   -0.32529  99.000000   99.00000
247     0.12717   5.282163   5.745837  18.702054  19.164393   15.115118   -0.31354   0.343124   -0.32316
248     0.12073   5.299001   5.761808  18.674964  19.136457   15.961679   -0.27988   1.391615   -0.30225
249     0.11426   5.315792   5.777766  18.647756  19.108437   16.735911   -0.22590   2.530291   -0.25918
250     0.10775   5.332538   5.793714  18.620439  19.080342   17.445646   -0.15547   3.727863   -0.19632
251     0.10122   5.349242   5.809654  18.593020  19.052182   18.106823   -0.07424   4.952151   -0.11854
252     0.09466   5.365908   5.825592  18.565511  19.023965   18.739002    0.01129   6.177504   -0.03246
253     0.08807   5.382540   5.841531  18.537919  18.995702   19.362335    0.09458   7.386149    0.05473
254     0.08145   5.399141   5.857476  18.510254  18.967401   19.995778    0.16993   8.565227    0.13628
255     0.07482   5.415717   5.873431  18.482525  18.939072   20.655918    0.23288   9.702789    0.20669
256     0.06816   5.432270   5.889399  18.454740  18.910723   21.355629    0.28038  10.785680    0.26209
257     0.06148   5.448803   5.905383  18.426908  18.882364   22.102708    0.31080  11.799939    0.30027
258     0.05478   5.465320   5.921388  18.399039  18.854002   22.898655    0.32372  12.733608    0.32053
259     0.04806   5.481824   5.937415  18.371139  18.825647   23.738817    0.31970  13.579994    0.32332
260     0.04133   5.498316   5.953467  18.343218  18.797307   99.000000   99.00000  14.339628    0.30993
261     0.03458   5.514799   5.969547  18.315283  18.768990    0.614206    0.30000  15.019720    0.28213
262     0.02783   5.531277   5.985657  18.287342  18.740703    1.514476    0.26640  15.632228    0.24194
263     0.02106   5.547750   6.001800  18.259403  18.712454    2.430682    0.22091  16.191429    0.19150
264     0.01428   5.564221   6.017978  18.231474  18.684253    3.357045    0.16574  16.712431    0.13300
265     0.00749   5.580692   6.034193  18.203563  18.656105    4.291347    0.10320  17.210206    0.06871
266     0.00070   5.597167   6.050447  18.175677  18.628019    5.234345    0.03575  17.699543    0.00102
267    -0.00609   5.613646   6.066743  18.147823  18.600003    6.188615   -0.03398  18.195384   -0.06749
268    -0.01289   5.630132   6.083082  18.120010  18.572063    7.157004   -0.10310  18.713343   -0.13400
269    -0.01969   5.646627   6.099466  18.092244  18.544207    8.140774   -0.16845  19.270172   -0.19545
270    -0.02649   5.663132   6.115898  18.064534  18.516443    9.137457   -0.22660  19.883800   -0.24849
271    -0.03328   5.679651   6.132379  18.036887  18.488778   10.138772   -0.27395  20.572430   -0.28967
272    -0.04007   5.696184   6.148912  18.009310  18.461220   11.129762   -0.30695  21.352060   -0.31556
273    -0.04685   5.712734   6.165497  17.981812  18.433777   12.090177   -0.32246  22.232379   -0.32322
274    -0.05363   5.729304   6.182138  17.954401  18.406456   12.999365   -0.31829  23.212383   -0.31063
275    -0.06039   5.745895   6.198836  17.927085  18.379266   13.842685   -0.29363  99.000000   99.00000
276    -0.06715   5.762510   6.215594  17.899872  18.352214   14.615998   -0.24936   0.278842   -0.27728
277    -0.07389   5.779153   6.232414  17.872772  18.325311   15.325929   -0.18805   1.409709   -0.22448
278    -0.08061   5.795825   6.249300  17.845793  18.298565   15.986848   -0.11379   2.580826   -0.15549
279    -0.08732   5.812532   6.266256  17.818945  18.271984   16.617174   -0.03179   3.771606   -0.07518
280    -0.09401   5.829277   6.283284  17.792238  18.245578   17.236608    0.05208   4.966785    0.01043
281    -0.10068   5.846064   6.300389  17.765680  18.219356   17.864441    0.13186   6.154196    0.09481
282    -0.10733   5.862898   6.317576  17.739283  18.193329   18.518298    0.20210   7.321073    0.17170
283    -0.11395   5.879783   6.334846  17.713054  18.167504   19.212513    0.25842   8.451241    0.23583
284    -0.12055   5.896722   6.352205  17.687005  18.141892   19.956364    0.29788   9.525109    0.28343
285    -0.12713   5.913718   6.369655  17.661145  18.116502   20.752104    0.31913  10.523112    0.31260
286    -0.13367   5.930775   6.387198  17.635483  18.091343   21.594586    0.32227  11.430963    0.32312
287    -0.14018   5.947893   6.404835  17.610029  18.066425   22.473273    0.30855  12.243607    0.31612
288    -0.14667   5.965075   6.422568  17.584792  18.041755   23.375893    0.27989  12.965663    0.29354
289    -0.15311   5.982322   6.440397  17.559782  18.017344   99.000000   99.00000  13.609028    0.25767
290    -0.15953   5.999635   6.458324  17.535008  17.993199    0.292177    0.23854  14.189385    0.21083
291    -0.16590   6.017014   6.476347  17.510479  17.969330    1.216045    0.18681  14.723564    0.15524
292    -0.17224   6.034460   6.494468  17.486204  17.945746    2.145980    0.12696  15.228225    0.09307
293    -0.17853   6.051972   6.512684  17.462193  17.922453    3.084155    0.06125  15.719467    0.02649
294    -0.18478   6.069550   6.530994  17.438453  17.899462    4.034945   -0.00792  16.213155   -0.04214
295    -0.19098   6.087192   6.549398  17.414996  17.876780    5.003103   -0.07790  16.725489   -0.11016
296    -0.19714   6.104898   6.567893  17.391828  17.854415    5.991582   -0.14562  17.273524   -0.17451
297    -0.20325   6.122666   6.586476  17.368959  17.832376    6.999134   -0.20756  17.875278   -0.23170
298    -0.20931   6.140493   6.605145  17.346397  17.810671    8.017652   -0.25981  18.548836   -0.27795
299    -0.21531   6.158377   6.623896  17.324153  17.789307    9.030745   -0.29844  19.309848   -0.30953
300    -0.22126   6.176314   6.642725  17.302233  17.768293   10.015175   -0.31995  20.167353   -0.32320
301    -0.22715   6.194303   6.661629  17.280648  17.747636   10.946372   -0.32194  21.119381   -0.31688
302    -0.23298   6.212339   6.680604  17.259407  17.727346   11.806186   -0.30359  22.151990   -0.29009
303    -0.23875   6.230419   6.699643  17.238519  17.707431   12.588409   -0.26582  23.243059   -0.24414
304    -0.24446   6.248539   6.718744  17.217993  17.687899   13.299138   -0.21109  99.000000   99.00000
305    -0.25010   6.266696   6.737901  17.197841  17.668759   13.953145   -0.14298   0.369953   -0.18193
306    -0.25567   6.284886   6.757111  17.178072  17.650021   14.569607   -0.06586   1.515234   -0.10761
307    -0.26118   6.303105   6.776367  17.158696  17.631694   15.169077    0.01541   2.668198   -0.02610
308    -0.26661   6.321352   6.795667  17.139725  17.613787   15.771979    0.09570   3.822513    0.05716
309    -0.27197   6.339621   6.815005  17.121168  17.596311   16.397675    0.16983   4.971790    0.13653
310    -0.27726   6.357910   6.834377  17.103038  17.579273   17.063364    0.23302   6.105338    0.20660
311    -0.28247   6.376216   6.853778  17.085343  17.562685   17.782020    0.28129   7.205740    0.26268
312    -0.28760   6.394533   6.873202  17.068096  17.546555   18.559906    0.31197   8.250473    0.30146
313    -0.29265   6.412858   6.892644  17.051307  17.530893   19.394325    0.32399   9.217242    0.32133
314    -0.29762   6.431184   6.912096  17.034986  17.515708   20.274209    0.31785  10.090911    0.32247
315    -0.30250   6.449505   6.931551  17.019144  17.501008   21.183872    0.29526  10.867812    0.30646
316    -0.30730   6.467816   6.951000  17.003790  17.486803   22.108313    0.25864  11.555068    0.27569
317    -0.31201   6.486108   6.970435  16.988936  17.473100   23.037297    0.21061  12.166985    0.23279
318    -0.31663   6.504373   6.989846  16.974589  17.459908   23.966839    0.15368  12.720985    0.18031
319    -0.32116   6.522603   7.009223  16.960759  17.447233   99.000000   99.00000  13.235129    0.12057
320    -0.32559   6.540790   7.028555  16.947456  17.435084    0.898644    0.09020  13.726961    0.05571
321    -0.32993   6.558923   7.047832  16.934687  17.423467    1.838255    0.02239  14.213563   -0.01213
322    -0.33417   6.576992   7.067041  16.922462  17.412388    2.793105   -0.04740  14.712139   -0.08067
323    -0.33831   6.594988   7.086170  16.910788  17.401855    3.770176   -0.11656  15.240747   -0.14723
324    -0.34235   6.612898   7.105206  16.899672  17.391871    4.773221   -0.18190  15.818782   -0.20856
325    -0.34628   6.630712   7.124136  16.889121  17.382443    5.799401   -0.23962  16.466603   -0.26086
326    -0.35011   6.648417   7.142946  16.879142  17.373576    6.836056   -0.28544  17.203383   -0.29990
327    -0.35384   6.666000   7.161621  16.869741  17.365272    7.859743   -0.31507  18.042402   -0.32165
328    -0.35746   6.683448   7.180146  16.860923  17.357537    8.840391   -0.32507  18.984992   -0.32307
329    -0.36096   6.700748   7.198505  16.852694  17.350373    9.750721   -0.31378  20.016709   -0.30295
330    -0.36436   6.717886   7.216684  16.845059  17.343784   10.575802   -0.28173  21.110791   -0.26237
331    -0.36764   6.734848   7.234665  16.838023  17.337773   11.316531   -0.23148  22.237697   -0.20443
332    -0.37080   6.751620   7.252434  16.831591  17.332343   11.986152   -0.16696  23.374674   -0.13356
333    -0.37385   6.768188   7.269975  16.825768  17.327497   12.604470   -0.09274  99.000000   99.00000
334    -0.37678   6.784539   7.287272  16.820558  17.323237   13.193352   -0.01354   0.509122   -0.05473
335    -0.37959   6.800660   7.304310  16.815967  17.319567   13.774573    0.06596   1.636621    0.02695
336    -0.38228   6.816538   7.321075  16.811997  17.316489   14.368957    0.14127   2.756095    0.10652
337    -0.38485   6.832160   7.337553  16.808653  17.314003   14.995867    0.20805   3.864616    0.17919
338    -0.38730   6.847514   7.353728  16.805937  17.312113   15.672014    0.26238   4.953328    0.24055
339    -0.38961   6.862588   7.369588  16.803854  17.310820   16.409054    0.30105   6.005907    0.28687
340    -0.39181   6.877368   7.385118  16.802405  17.310124   17.210688    0.32197   7.000945    0.31559
341    -0.39387   6.891843   7.400305  16.801593  17.310025   18.070581    0.32449   7.918047    0.32566
342    -0.39581   6.906001   7.415133  16.801417  17.310524   18.973927    0.30944   8.744623    0.31764
343    -0.39762   6.919828   7.429590  16.801881  17.311619   19.902238    0.27883   9.479275    0.29336
344    -0.39930   6.933312   7.443661  16.802982  17.313309   20.839365    0.23532  10.130679    0.25540
345    -0.40085   6.946441   7.457331  16.804721  17.315593   21.775335    0.18173  10.713570    0.20657
346    -0.40226   6.959201   7.470588  16.807095  17.318466   22.707347    0.12075  11.245369    0.14954
347    -0.40354   6.971580   7.483417  16.810102  17.321926   23.638585    0.05478  11.743808    0.08673
348    -0.40469   6.983565   7.495805  16.813740  17.325967   99.000000   99.00000  12.226313    0.02030
349    -0.40571   6.995143   7.507737  16.818003  17.330586    0.576220   -0.01391  12.710249   -0.04761
350    -0.40659   7.006303   7.519202  16.822887  17.335777    1.529179   -0.08301  13.213665   -0.11477
351    -0.40733   7.017033   7.530186  16.828386  17.341532    2.505608   -0.14992  13.756138   -0.17851
352    -0.40794   7.027319   7.540676  16.834493  17.347844    3.509848   -0.21150  14.359238   -0.23559
353    -0.40841   7.037151   7.550660  16.841201  17.354706    4.538464   -0.26387  15.045755   -0.28205
354    -0.40875   7.046516   7.560126  16.848501  17.362109    5.576626   -0.30261  15.836399   -0.31349
355    -0.40895   7.055403   7.569062  16.856383  17.370041    6.597527   -0.32329  16.743155   -0.32571
356    -0.40901   7.063800   7.577456  16.864837  17.378494    7.568318   -0.32260  17.761320   -0.31580
357    -0.40894   7.071697   7.585298  16.873852  17.387455    8.461719   -0.29941  18.866651   -0.28328
358    -0.40873   7.079083   7.592576  16.883417  17.396914    9.265946   -0.25528  20.022758   -0.23050
359    -0.40838   7.085946   7.599280  16.893518  17.406858    9.986219   -0.19412  21.194703   -0.16208
360    -0.40789   7.092277   7.605401  16.904146  17.417277   10.639362   -0.12111  22.358836   -0.08379
361    -0.40727   7.098067   7.610930  16.915286  17.428158   11.247209   -0.04177  23.504221   -0.00149
362    -0.40652   7.103308   7.615860  16.926926  17.439489   11.832514    0.03871  99.000000   99.00000
363    -0.40562   7.107994   7.620184  16.939055  17.451258   12.417146    0.11567   0.628237    0.07947
364    -0.40460   7.112118   7.623898  16.951659  17.463454   13.021567    0.18504   1.730680    0.15439
365    -0.40343   7.115675   7.626997  16.964726  17.476065   13.664161    0.24328   2.808702    0.21921
366    -0.40213   7.118661   7.629477  16.978242  17.489078   14.359955    0.28741   3.853741    0.27053
367    -0.40070   7.121071   7.631337  16.992193  17.502481   15.118100    0.31520   4.851338    0.30577
368    -0.39914   7.122904   7.632575  17.006568  17.516263   15.939235    0.32544   5.784373    0.32341
369    -0.39744   7.124157   7.633189  17.021352  17.530410   16.814565    0.31812   6.638546    0.32318
370    -0.39561   7.124827   7.633178  17.036531  17.544911   17.728191    0.29443   7.407277    0.30610
