2461041.500000000  2026  Enero        1   0  0  17 54  5.771  -24  0.  4.65  1.3775590
2461042.000000000  2026  Enero        1  12  0  17 57 26.266  -24  3. 41.90  1.3812724
2461042.500000000  2026  Enero        2   0  0  18  0 47.327  -24  7.  0.74  1.3848471
2461043.000000000  2026  Enero        2  12  0  18  4  8.937  -24 10.  0.99  1.3882837
2461043.500000000  2026  Enero        3   0  0  18  7 31.079  -24 12. 42.47  1.3915832
2461044.000000000  2026  Enero        3  12  0  18 10 53.740  -24 15.  5.02  1.3947460
2461044.500000000  2026  Enero        4   0  0  18 14 16.902  -24 17.  8.48  1.3977729
2461045.000000000  2026  Enero        4  12  0  18 17 40.551  -24 18. 52.67  1.4006643
2461045.500000000  2026  Enero        5   0  0  18 21  4.673  -24 20. 17.44  1.4034209
2461046.000000000  2026  Enero        5  12  0  18 24 29.252  -24 21. 22.64  1.4060429
2461046.500000000  2026  Enero        6   0  0  18 27 54.276  -24 22.  8.11  1.4085309
2461047.000000000  2026  Enero        6  12  0  18 31 19.728  -24 22. 33.71  1.4108850
2461047.500000000  2026  Enero        7   0  0  18 34 45.596  -24 22. 39.29  1.4131055
2461048.000000000  2026  Enero        7  12  0  18 38 11.867  -24 22. 24.72  1.4151926
2461048.500000000  2026  Enero        8   0  0  18 41 38.525  -24 21. 49.86  1.4171464
2461049.000000000  2026  Enero        8  12  0  18 45  5.559  -24 20. 54.57  1.4189669
2461049.500000000  2026  Enero        9   0  0  18 48 32.954  -24 19. 38.73  1.4206541
2461050.000000000  2026  Enero        9  12  0  18 52  0.697  -24 18.  2.22  1.4222079
2461050.500000000  2026  Enero       10   0  0  18 55 28.774  -24 16.  4.90  1.4236282
2461051.000000000  2026  Enero       10  12  0  18 58 57.173  -24 13. 46.66  1.4249147
2461051.500000000  2026  Enero       11   0  0  19  2 25.879  -24 11.  7.38  1.4260672
2461052.000000000  2026  Enero       11  12  0  19  5 54.880  -24  8.  6.95  1.4270853
2461052.500000000  2026  Enero       12   0  0  19  9 24.163  -24  4. 45.26  1.4279685
2461053.000000000  2026  Enero       12  12  0  19 12 53.714  -24  1.  2.19  1.4287164
2461053.500000000  2026  Enero       13   0  0  19 16 23.519  -23 56. 57.66  1.4293284
2461054.000000000  2026  Enero       13  12  0  19 19 53.566  -23 52. 31.54  1.4298037
2461054.500000000  2026  Enero       14   0  0  19 23 23.841  -23 47. 43.76  1.4301418
2461055.000000000  2026  Enero       14  12  0  19 26 54.332  -23 42. 34.20  1.4303417
2461055.500000000  2026  Enero       15   0  0  19 30 25.023  -23 37.  2.77  1.4304026
2461056.000000000  2026  Enero       15  12  0  19 33 55.903  -23 31.  9.39  1.4303235
2461056.500000000  2026  Enero       16   0  0  19 37 26.958  -23 24. 53.97  1.4301033
2461057.000000000  2026  Enero       16  12  0  19 40 58.174  -23 18. 16.42  1.4297410
2461057.500000000  2026  Enero       17   0  0  19 44 29.537  -23 11. 16.66  1.4292352
2461058.000000000  2026  Enero       17  12  0  19 48  1.035  -23  3. 54.62  1.4285846
2461058.500000000  2026  Enero       18   0  0  19 51 32.653  -22 56. 10.21  1.4277879
2461059.000000000  2026  Enero       18  12  0  19 55  4.378  -22 48.  3.38  1.4268435
2461059.500000000  2026  Enero       19   0  0  19 58 36.195  -22 39. 34.06  1.4257499
2461060.000000000  2026  Enero       19  12  0  20  2  8.090  -22 30. 42.17  1.4245053
2461060.500000000  2026  Enero       20   0  0  20  5 40.050  -22 21. 27.66  1.4231080
2461061.000000000  2026  Enero       20  12  0  20  9 12.059  -22 11. 50.48  1.4215561
2461061.500000000  2026  Enero       21   0  0  20 12 44.104  -22  1. 50.58  1.4198475
2461062.000000000  2026  Enero       21  12  0  20 16 16.168  -21 51. 27.90  1.4179802
2461062.500000000  2026  Enero       22   0  0  20 19 48.238  -21 40. 42.42  1.4159520
2461063.000000000  2026  Enero       22  12  0  20 23 20.297  -21 29. 34.09  1.4137607
2461063.500000000  2026  Enero       23   0  0  20 26 52.328  -21 18.  2.89  1.4114037
2461064.000000000  2026  Enero       23  12  0  20 30 24.317  -21  6.  8.81  1.4088786
2461064.500000000  2026  Enero       24   0  0  20 33 56.246  -20 53. 51.83  1.4061827
2461065.000000000  2026  Enero       24  12  0  20 37 28.097  -20 41. 11.94  1.4033134
2461065.500000000  2026  Enero       25   0  0  20 40 59.853  -20 28.  9.16  1.4002677
2461066.000000000  2026  Enero       25  12  0  20 44 31.495  -20 14. 43.49  1.3970428
2461066.500000000  2026  Enero       26   0  0  20 48  3.003  -20  0. 54.96  1.3936355
2461067.000000000  2026  Enero       26  12  0  20 51 34.355  -19 46. 43.61  1.3900427
2461067.500000000  2026  Enero       27   0  0  20 55  5.531  -19 32.  9.48  1.3862610
2461068.000000000  2026  Enero       27  12  0  20 58 36.506  -19 17. 12.63  1.3822872
2461068.500000000  2026  Enero       28   0  0  21  2  7.257  -19  1. 53.13  1.3781177
2461069.000000000  2026  Enero       28  12  0  21  5 37.757  -18 46. 11.08  1.3737489
2461069.500000000  2026  Enero       29   0  0  21  9  7.978  -18 30.  6.59  1.3691771
2461070.000000000  2026  Enero       29  12  0  21 12 37.891  -18 13. 39.78  1.3643986
2461070.500000000  2026  Enero       30   0  0  21 16  7.462  -17 56. 50.79  1.3594093
2461071.000000000  2026  Enero       30  12  0  21 19 36.660  -17 39. 39.79  1.3542055
2461071.500000000  2026  Enero       31   0  0  21 23  5.446  -17 22.  6.96  1.3487831
2461072.000000000  2026  Enero       31  12  0  21 26 33.783  -17  4. 12.54  1.3431380
2461072.500000000  2026  Febrero      1   0  0  21 30  1.627  -16 45. 56.75  1.3372660
2461073.000000000  2026  Febrero      1  12  0  21 33 28.935  -16 27. 19.86  1.3311631
2461073.500000000  2026  Febrero      2   0  0  21 36 55.657  -16  8. 22.19  1.3248252
2461074.000000000  2026  Febrero      2  12  0  21 40 21.741  -15 49.  4.08  1.3182479
2461074.500000000  2026  Febrero      3   0  0  21 43 47.132  -15 29. 25.90  1.3114274
2461075.000000000  2026  Febrero      3  12  0  21 47 11.769  -15  9. 28.07  1.3043594
2461075.500000000  2026  Febrero      4   0  0  21 50 35.586  -14 49. 11.07  1.2970402
2461076.000000000  2026  Febrero      4  12  0  21 53 58.514  -14 28. 35.41  1.2894657
2461076.500000000  2026  Febrero      5   0  0  21 57 20.476  -14  7. 41.66  1.2816326
2461077.000000000  2026  Febrero      5  12  0  22  0 41.390  -13 46. 30.45  1.2735371
2461077.500000000  2026  Febrero      6   0  0  22  4  1.169  -13 25.  2.47  1.2651763
2461078.000000000  2026  Febrero      6  12  0  22  7 19.717  -13  3. 18.47  1.2565472
2461078.500000000  2026  Febrero      7   0  0  22 10 36.933  -12 41. 19.27  1.2476473
2461079.000000000  2026  Febrero      7  12  0  22 13 52.706  -12 19.  5.79  1.2384745
2461079.500000000  2026  Febrero      8   0  0  22 17  6.919  -11 56. 38.99  1.2290272
2461080.000000000  2026  Febrero      8  12  0  22 20 19.446  -11 33. 59.94  1.2193042
2461080.500000000  2026  Febrero      9   0  0  22 23 30.150  -11 11.  9.79  1.2093051
2461081.000000000  2026  Febrero      9  12  0  22 26 38.888  -10 48.  9.78  1.1990302
2461081.500000000  2026  Febrero     10   0  0  22 29 45.507  -10 25.  1.25  1.1884803
2461082.000000000  2026  Febrero     10  12  0  22 32 49.842  -10  1. 45.63  1.1776574
2461082.500000000  2026  Febrero     11   0  0  22 35 51.719   -9 38. 24.47  1.1665641
2461083.000000000  2026  Febrero     11  12  0  22 38 50.954   -9 14. 59.42  1.1552041
2461083.500000000  2026  Febrero     12   0  0  22 41 47.354   -8 51. 32.24  1.1435823
2461084.000000000  2026  Febrero     12  12  0  22 44 40.714   -8 28.  4.79  1.1317045
2461084.500000000  2026  Febrero     13   0  0  22 47 30.818   -8  4. 39.05  1.1195779
2461085.000000000  2026  Febrero     13  12  0  22 50 17.442   -7 41. 17.11  1.1072110
2461085.500000000  2026  Febrero     14   0  0  22 53  0.351   -7 18.  1.18  1.0946134
2461086.000000000  2026  Febrero     14  12  0  22 55 39.302   -6 54. 53.57  1.0817962
2461086.500000000  2026  Febrero     15   0  0  22 58 14.042   -6 31. 56.69  1.0687721
2461087.000000000  2026  Febrero     15  12  0  23  0 44.311   -6  9. 13.07  1.0555549
2461087.500000000  2026  Febrero     16   0  0  23  3  9.842   -5 46. 45.31  1.0421602
2461088.000000000  2026  Febrero     16  12  0  23  5 30.362   -5 24. 36.13  1.0286047
2461088.500000000  2026  Febrero     17   0  0  23  7 45.594   -5  2. 48.31  1.0149067
2461089.000000000  2026  Febrero     17  12  0  23  9 55.257   -4 41. 24.70  1.0010860
2461089.500000000  2026  Febrero     18   0  0  23 11 59.071   -4 20. 28.23  0.9871633
2461090.000000000  2026  Febrero     18  12  0  23 13 56.754   -4  0.  1.87  0.9731611
2461090.500000000  2026  Febrero     19   0  0  23 15 48.027   -3 40.  8.61  0.9591027
2461091.000000000  2026  Febrero     19  12  0  23 17 32.616   -3 20. 51.50  0.9450126
2461091.500000000  2026  Febrero     20   0  0  23 19 10.252   -3  2. 13.57  0.9309161
2461092.000000000  2026  Febrero     20  12  0  23 20 40.676   -2 44. 17.84  0.9168394
2461092.500000000  2026  Febrero     21   0  0  23 22  3.641   -2 27.  7.34  0.9028094
2461093.000000000  2026  Febrero     21  12  0  23 23 18.913   -2 10. 45.02  0.8888535
2461093.500000000  2026  Febrero     22   0  0  23 24 26.274   -1 55. 13.81  0.8749994
2461094.000000000  2026  Febrero     22  12  0  23 25 25.526   -1 40. 36.52  0.8612750
2461094.500000000  2026  Febrero     23   0  0  23 26 16.492   -1 26. 55.90  0.8477084
2461095.000000000  2026  Febrero     23  12  0  23 26 59.020   -1 14. 14.57  0.8343274
2461095.500000000  2026  Febrero     24   0  0  23 27 32.986   -1  2. 35.01  0.8211597
2461096.000000000  2026  Febrero     24  12  0  23 27 58.294    0 51. 59.56  0.8082323
2461096.500000000  2026  Febrero     25   0  0  23 28 14.884    0 42. 30.36  0.7955719
2461097.000000000  2026  Febrero     25  12  0  23 28 22.727    0 34.  9.35  0.7832044
2461097.500000000  2026  Febrero     26   0  0  23 28 21.836    0 26. 58.26  0.7711549
2461098.000000000  2026  Febrero     26  12  0  23 28 12.262    0 20. 58.56  0.7594474
2461098.500000000  2026  Febrero     27   0  0  23 27 54.097    0 16. 11.43  0.7481049
2461099.000000000  2026  Febrero     27  12  0  23 27 27.478    0 12. 37.78  0.7371492
2461099.500000000  2026  Febrero     28   0  0  23 26 52.588    0 10. 18.18  0.7266008
2461100.000000000  2026  Febrero     28  12  0  23 26  9.655    0  9. 12.87  0.7164788
2461100.500000000  2026  Marzo        1   0  0  23 25 18.955    0  9. 21.72  0.7068008
2461101.000000000  2026  Marzo        1  12  0  23 24 20.807    0 10. 44.23  0.6975828
2461101.500000000  2026  Marzo        2   0  0  23 23 15.581    0 13. 19.48  0.6888391
2461102.000000000  2026  Marzo        2  12  0  23 22  3.688    0 17.  6.19  0.6805826
2461102.500000000  2026  Marzo        3   0  0  23 20 45.583    0 22.  2.62  0.6728241
2461103.000000000  2026  Marzo        3  12  0  23 19 21.760    0 28.  6.66  0.6655727
2461103.500000000  2026  Marzo        4   0  0  23 17 52.750    0 35. 15.77  0.6588358
2461104.000000000  2026  Marzo        4  12  0  23 16 19.117    0 43. 27.03  0.6526188
2461104.500000000  2026  Marzo        5   0  0  23 14 41.450    0 52. 37.14  0.6469253
2461105.000000000  2026  Marzo        5  12  0  23 13  0.366   -1  2. 42.47  0.6417572
2461105.500000000  2026  Marzo        6   0  0  23 11 16.492   -1 13. 39.05  0.6371143
2461106.000000000  2026  Marzo        6  12  0  23  9 30.473   -1 25. 22.65  0.6329947
2461106.500000000  2026  Marzo        7   0  0  23  7 42.953   -1 37. 48.79  0.6293951
2461107.000000000  2026  Marzo        7  12  0  23  5 54.579   -1 50. 52.81  0.6263100
2461107.500000000  2026  Marzo        8   0  0  23  4  5.989   -2  4. 29.92  0.6237328
2461108.000000000  2026  Marzo        8  12  0  23  2 17.806   -2 18. 35.23  0.6216551
2461108.500000000  2026  Marzo        9   0  0  23  0 30.637   -2 33.  3.80  0.6200674
2461109.000000000  2026  Marzo        9  12  0  22 58 45.064   -2 47. 50.75  0.6189586
2461109.500000000  2026  Marzo       10   0  0  22 57  1.642   -3  2. 51.22  0.6183168
2461110.000000000  2026  Marzo       10  12  0  22 55 20.890   -3 18.  0.49  0.6181289
2461110.500000000  2026  Marzo       11   0  0  22 53 43.297   -3 33. 13.97  0.6183811
2461111.000000000  2026  Marzo       11  12  0  22 52  9.309   -3 48. 27.26  0.6190587
2461111.500000000  2026  Marzo       12   0  0  22 50 39.335   -4  3. 36.18  0.6201464
2461112.000000000  2026  Marzo       12  12  0  22 49 13.744   -4 18. 36.81  0.6216287
2461112.500000000  2026  Marzo       13   0  0  22 47 52.861   -4 33. 25.47  0.6234894
2461113.000000000  2026  Marzo       13  12  0  22 46 36.973   -4 47. 58.76  0.6257124
2461113.500000000  2026  Marzo       14   0  0  22 45 26.325   -5  2. 13.55  0.6282813
2461114.000000000  2026  Marzo       14  12  0  22 44 21.123   -5 16.  7.02  0.6311797
2461114.500000000  2026  Marzo       15   0  0  22 43 21.536   -5 29. 36.62  0.6343916
2461115.000000000  2026  Marzo       15  12  0  22 42 27.696   -5 42. 40.08  0.6379007
2461115.500000000  2026  Marzo       16   0  0  22 41 39.704   -5 55. 15.39  0.6416913
2461116.000000000  2026  Marzo       16  12  0  22 40 57.628   -6  7. 20.80  0.6457480
2461116.500000000  2026  Marzo       17   0  0  22 40 21.507   -6 18. 54.83  0.6500557
2461117.000000000  2026  Marzo       17  12  0  22 39 51.356   -6 29. 56.19  0.6545998
2461117.500000000  2026  Marzo       18   0  0  22 39 27.165   -6 40. 23.82  0.6593660
2461118.000000000  2026  Marzo       18  12  0  22 39  8.901   -6 50. 16.86  0.6643408
2461118.500000000  2026  Marzo       19   0  0  22 38 56.516   -6 59. 34.62  0.6695108
2461119.000000000  2026  Marzo       19  12  0  22 38 49.942   -7  8. 16.59  0.6748637
2461119.500000000  2026  Marzo       20   0  0  22 38 49.099   -7 16. 22.39  0.6803872
2461120.000000000  2026  Marzo       20  12  0  22 38 53.894   -7 23. 51.77  0.6860698
2461120.500000000  2026  Marzo       21   0  0  22 39  4.223   -7 30. 44.61  0.6919006
2461121.000000000  2026  Marzo       21  12  0  22 39 19.975   -7 37.  0.89  0.6978692
2461121.500000000  2026  Marzo       22   0  0  22 39 41.030   -7 42. 40.67  0.7039657
2461122.000000000  2026  Marzo       22  12  0  22 40  7.265   -7 47. 44.10  0.7101807
2461122.500000000  2026  Marzo       23   0  0  22 40 38.550   -7 52. 11.39  0.7165053
2461123.000000000  2026  Marzo       23  12  0  22 41 14.754   -7 56.  2.82  0.7229313
2461123.500000000  2026  Marzo       24   0  0  22 41 55.743   -7 59. 18.70  0.7294506
2461124.000000000  2026  Marzo       24  12  0  22 42 41.381   -8  1. 59.40  0.7360560
2461124.500000000  2026  Marzo       25   0  0  22 43 31.535   -8  4.  5.30  0.7427404
2461125.000000000  2026  Marzo       25  12  0  22 44 26.070   -8  5. 36.83  0.7494972
2461125.500000000  2026  Marzo       26   0  0  22 45 24.852   -8  6. 34.44  0.7563203
2461126.000000000  2026  Marzo       26  12  0  22 46 27.750   -8  6. 58.57  0.7632038
2461126.500000000  2026  Marzo       27   0  0  22 47 34.634   -8  6. 49.71  0.7701425
2461127.000000000  2026  Marzo       27  12  0  22 48 45.377   -8  6.  8.33  0.7771312
2461127.500000000  2026  Marzo       28   0  0  22 49 59.855   -8  4. 54.92  0.7841650
2461128.000000000  2026  Marzo       28  12  0  22 51 17.946   -8  3.  9.96  0.7912397
2461128.500000000  2026  Marzo       29   0  0  22 52 39.534   -8  0. 53.95  0.7983510
2461129.000000000  2026  Marzo       29  12  0  22 54  4.502   -7 58.  7.36  0.8054950
2461129.500000000  2026  Marzo       30   0  0  22 55 32.742   -7 54. 50.69  0.8126681
2461130.000000000  2026  Marzo       30  12  0  22 57  4.144   -7 51.  4.42  0.8198669
2461130.500000000  2026  Marzo       31   0  0  22 58 38.606   -7 46. 49.01  0.8270883
2461131.000000000  2026  Marzo       31  12  0  23  0 16.028   -7 42.  4.94  0.8343291
2461131.500000000  2026  Abril        1   0  0  23  1 56.313   -7 36. 52.67  0.8415868
2461132.000000000  2026  Abril        1  12  0  23  3 39.370   -7 31. 12.64  0.8488587
2461132.500000000  2026  Abril        2   0  0  23  5 25.108   -7 25.  5.31  0.8561424
2461133.000000000  2026  Abril        2  12  0  23  7 13.444   -7 18. 31.10  0.8634357
2461133.500000000  2026  Abril        3   0  0  23  9  4.296   -7 11. 30.46  0.8707364
2461134.000000000  2026  Abril        3  12  0  23 10 57.584   -7  4.  3.80  0.8780426
2461134.500000000  2026  Abril        4   0  0  23 12 53.236   -6 56. 11.53  0.8853525
2461135.000000000  2026  Abril        4  12  0  23 14 51.179   -6 47. 54.05  0.8926644
2461135.500000000  2026  Abril        5   0  0  23 16 51.346   -6 39. 11.75  0.8999765
2461136.000000000  2026  Abril        5  12  0  23 18 53.672   -6 30.  5.03  0.9072876
2461136.500000000  2026  Abril        6   0  0  23 20 58.096   -6 20. 34.26  0.9145960
2461137.000000000  2026  Abril        6  12  0  23 23  4.560   -6 10. 39.80  0.9219006
2461137.500000000  2026  Abril        7   0  0  23 25 13.008   -6  0. 22.02  0.9292000
2461138.000000000  2026  Abril        7  12  0  23 27 23.389   -5 49. 41.26  0.9364931
2461138.500000000  2026  Abril        8   0  0  23 29 35.653   -5 38. 37.88  0.9437787
2461139.000000000  2026  Abril        8  12  0  23 31 49.754   -5 27. 12.21  0.9510557
2461139.500000000  2026  Abril        9   0  0  23 34  5.648   -5 15. 24.58  0.9583231
2461140.000000000  2026  Abril        9  12  0  23 36 23.296   -5  3. 15.31  0.9655800
2461140.500000000  2026  Abril       10   0  0  23 38 42.657   -4 50. 44.71  0.9728254
2461141.000000000  2026  Abril       10  12  0  23 41  3.699   -4 37. 53.10  0.9800582
2461141.500000000  2026  Abril       11   0  0  23 43 26.386   -4 24. 40.77  0.9872777
2461142.000000000  2026  Abril       11  12  0  23 45 50.690   -4 11.  8.03  0.9944829
2461142.500000000  2026  Abril       12   0  0  23 48 16.582   -3 57. 15.17  1.0016729
2461143.000000000  2026  Abril       12  12  0  23 50 44.036   -3 43.  2.48  1.0088468
2461143.500000000  2026  Abril       13   0  0  23 53 13.029   -3 28. 30.22  1.0160038
2461144.000000000  2026  Abril       13  12  0  23 55 43.541   -3 13. 38.69  1.0231428
2461144.500000000  2026  Abril       14   0  0  23 58 15.552   -2 58. 28.16  1.0302630
2461145.000000000  2026  Abril       14  12  0   0  0 49.046   -2 42. 58.89  1.0373634
2461145.500000000  2026  Abril       15   0  0   0  3 24.008   -2 27. 11.16  1.0444430
2461146.000000000  2026  Abril       15  12  0   0  6  0.427   -2 11.  5.21  1.0515009
2461146.500000000  2026  Abril       16   0  0   0  8 38.292   -1 54. 41.32  1.0585359
2461147.000000000  2026  Abril       16  12  0   0 11 17.595   -1 37. 59.74  1.0655469
2461147.500000000  2026  Abril       17   0  0   0 13 58.329   -1 21.  0.73  1.0725329
2461148.000000000  2026  Abril       17  12  0   0 16 40.491   -1  3. 44.54  1.0794926
2461148.500000000  2026  Abril       18   0  0   0 19 24.077    0 46. 11.42  1.0864247
2461149.000000000  2026  Abril       18  12  0   0 22  9.087    0 28. 21.63  1.0933279
2461149.500000000  2026  Abril       19   0  0   0 24 55.523    0 10. 15.42  1.1002007
2461150.000000000  2026  Abril       19  12  0   0 27 43.386    0  8.  6.96  1.1070418
2461150.500000000  2026  Abril       20   0  0   0 30 32.682    0 26. 45.25  1.1138493
2461151.000000000  2026  Abril       20  12  0   0 33 23.417    0 45. 39.20  1.1206218
2461151.500000000  2026  Abril       21   0  0   0 36 15.598    1  4. 48.55  1.1273572
2461152.000000000  2026  Abril       21  12  0   0 39  9.235    1 24. 13.03  1.1340538
2461152.500000000  2026  Abril       22   0  0   0 42  4.340    1 43. 52.39  1.1407094
2461153.000000000  2026  Abril       22  12  0   0 45  0.925    2  3. 46.35  1.1473219
2461153.500000000  2026  Abril       23   0  0   0 47 59.005    2 23. 54.64  1.1538888
2461154.000000000  2026  Abril       23  12  0   0 50 58.595    2 44. 16.99  1.1604078
2461154.500000000  2026  Abril       24   0  0   0 53 59.714    3  4. 53.11  1.1668760
2461155.000000000  2026  Abril       24  12  0   0 57  2.382    3 25. 42.71  1.1732907
2461155.500000000  2026  Abril       25   0  0   1  0  6.618    3 46. 45.49  1.1796488
2461156.000000000  2026  Abril       25  12  0   1  3 12.444    4  8.  1.14  1.1859470
2461156.500000000  2026  Abril       26   0  0   1  6 19.885    4 29. 29.35  1.1921819
2461157.000000000  2026  Abril       26  12  0   1  9 28.965    4 51.  9.78  1.1983499
2461157.500000000  2026  Abril       27   0  0   1 12 39.710    5 13.  2.09  1.2044471
2461158.000000000  2026  Abril       27  12  0   1 15 52.147    5 35.  5.93  1.2104692
2461158.500000000  2026  Abril       28   0  0   1 19  6.304    5 57. 20.92  1.2164120
2461159.000000000  2026  Abril       28  12  0   1 22 22.210    6 19. 46.67  1.2222708
2461159.500000000  2026  Abril       29   0  0   1 25 39.895    6 42. 22.79  1.2280407
2461160.000000000  2026  Abril       29  12  0   1 28 59.389    7  5.  8.82  1.2337164
2461160.500000000  2026  Abril       30   0  0   1 32 20.723    7 28.  4.34  1.2392925
2461161.000000000  2026  Abril       30  12  0   1 35 43.929    7 51.  8.87  1.2447633
2461161.500000000  2026  Mayo         1   0  0   1 39  9.036    8 14. 21.90  1.2501227
2461162.000000000  2026  Mayo         1  12  0   1 42 36.079    8 37. 42.92  1.2553642
2461162.500000000  2026  Mayo         2   0  0   1 46  5.086    9  1. 11.36  1.2604813
2461163.000000000  2026  Mayo         2  12  0   1 49 36.090    9 24. 46.65  1.2654668
2461163.500000000  2026  Mayo         3   0  0   1 53  9.121    9 48. 28.17  1.2703135
2461164.000000000  2026  Mayo         3  12  0   1 56 44.207   10 12. 15.25  1.2750137
2461164.500000000  2026  Mayo         4   0  0   2  0 21.378   10 36.  7.22  1.2795595
2461165.000000000  2026  Mayo         4  12  0   2  4  0.659   11  0.  3.33  1.2839426
2461165.500000000  2026  Mayo         5   0  0   2  7 42.076   11 24.  2.83  1.2881545
2461166.000000000  2026  Mayo         5  12  0   2 11 25.651   11 48.  4.90  1.2921862
2461166.500000000  2026  Mayo         6   0  0   2 15 11.405   12 12.  8.67  1.2960287
2461167.000000000  2026  Mayo         6  12  0   2 18 59.355   12 36. 13.25  1.2996726
2461167.500000000  2026  Mayo         7   0  0   2 22 49.514   13  0. 17.68  1.3031083
2461168.000000000  2026  Mayo         7  12  0   2 26 41.892   13 24. 20.96  1.3063260
2461168.500000000  2026  Mayo         8   0  0   2 30 36.495   13 48. 22.04  1.3093158
2461169.000000000  2026  Mayo         8  12  0   2 34 33.324   14 12. 19.81  1.3120677
2461169.500000000  2026  Mayo         9   0  0   2 38 32.374   14 36. 13.14  1.3145715
2461170.000000000  2026  Mayo         9  12  0   2 42 33.635   15  0.  0.80  1.3168171
2461170.500000000  2026  Mayo        10   0  0   2 46 37.091   15 23. 41.56  1.3187944
2461171.000000000  2026  Mayo        10  12  0   2 50 42.716   15 47. 14.10  1.3204935
2461171.500000000  2026  Mayo        11   0  0   2 54 50.482   16 10. 37.09  1.3219047
2461172.000000000  2026  Mayo        11  12  0   2 59  0.349   16 33. 49.13  1.3230183
2461172.500000000  2026  Mayo        12   0  0   3  3 12.271   16 56. 48.79  1.3238254
2461173.000000000  2026  Mayo        12  12  0   3  7 26.192   17 19. 34.61  1.3243171
2461173.500000000  2026  Mayo        13   0  0   3 11 42.048   17 42.  5.10  1.3244852
2461174.000000000  2026  Mayo        13  12  0   3 15 59.765   18  4. 18.73  1.3243223
2461174.500000000  2026  Mayo        14   0  0   3 20 19.259   18 26. 13.97  1.3238214
2461175.000000000  2026  Mayo        14  12  0   3 24 40.421   18 47. 49.64  1.3229764
2461175.500000000  2026  Mayo        15   0  0   3 29  3.242   19  9.  3.27  1.3217822
2461176.000000000  2026  Mayo        15  12  0   3 33 27.487   19 29. 53.99  1.3202345
2461176.500000000  2026  Mayo        16   0  0   3 37 53.094   19 50. 20.22  1.3183299
2461177.000000000  2026  Mayo        16  12  0   3 42 19.931   20 10. 20.42  1.3160665
2461177.500000000  2026  Mayo        17   0  0   3 46 47.863   20 29. 53.10  1.3134431
2461178.000000000  2026  Mayo        17  12  0   3 51 16.745   20 48. 56.85  1.3104599
2461178.500000000  2026  Mayo        18   0  0   3 55 46.427   21  7. 30.30  1.3071182
2461179.000000000  2026  Mayo        18  12  0   4  0 16.752   21 25. 32.14  1.3034206
2461179.500000000  2026  Mayo        19   0  0   4  4 47.560   21 43.  1.14  1.2993707
2461180.000000000  2026  Mayo        19  12  0   4  9 18.685   21 59. 56.14  1.2949736
2461180.500000000  2026  Mayo        20   0  0   4 13 49.957   22 16. 16.07  1.2902351
2461181.000000000  2026  Mayo        20  12  0   4 18 21.205   22 31. 59.97  1.2851625
2461181.500000000  2026  Mayo        21   0  0   4 22 52.259   22 47.  6.95  1.2797638
2461182.000000000  2026  Mayo        21  12  0   4 27 22.945   23  1. 36.23  1.2740482
2461182.500000000  2026  Mayo        22   0  0   4 31 53.092   23 15. 27.15  1.2680256
2461183.000000000  2026  Mayo        22  12  0   4 36 22.531   23 28. 39.14  1.2617066
2461183.500000000  2026  Mayo        23   0  0   4 40 51.095   23 41. 11.74  1.2551028
2461184.000000000  2026  Mayo        23  12  0   4 45 18.620   23 53.  4.60  1.2482260
2461184.500000000  2026  Mayo        24   0  0   4 49 44.946   24  4. 17.47  1.2410888
2461185.000000000  2026  Mayo        24  12  0   4 54  9.918   24 14. 50.21  1.2337038
2461185.500000000  2026  Mayo        25   0  0   4 58 33.387   24 24. 42.77  1.2260842
2461186.000000000  2026  Mayo        25  12  0   5  2 55.208   24 33. 55.19  1.2182432
2461186.500000000  2026  Mayo        26   0  0   5  7 15.243   24 42. 27.61  1.2101943
2461187.000000000  2026  Mayo        26  12  0   5 11 33.358   24 50. 20.26  1.2019507
2461187.500000000  2026  Mayo        27   0  0   5 15 49.429   24 57. 33.43  1.1935258
2461188.000000000  2026  Mayo        27  12  0   5 20  3.334   25  4.  7.50  1.1849326
2461188.500000000  2026  Mayo        28   0  0   5 24 14.961   25 10.  2.90  1.1761841
2461189.000000000  2026  Mayo        28  12  0   5 28 24.202   25 15. 20.13  1.1672931
2461189.500000000  2026  Mayo        29   0  0   5 32 30.957   25 19. 59.76  1.1582718
2461190.000000000  2026  Mayo        29  12  0   5 36 35.130   25 24.  2.39  1.1491323
2461190.500000000  2026  Mayo        30   0  0   5 40 36.632   25 27. 28.67  1.1398863
2461191.000000000  2026  Mayo        30  12  0   5 44 35.379   25 30. 19.29  1.1305450
2461191.500000000  2026  Mayo        31   0  0   5 48 31.294   25 32. 34.97  1.1211193
2461192.000000000  2026  Mayo        31  12  0   5 52 24.304   25 34. 16.48  1.1116196
2461192.500000000  2026  Junio        1   0  0   5 56 14.340   25 35. 24.59  1.1020558
2461193.000000000  2026  Junio        1  12  0   6  0  1.339   25 36.  0.10  1.0924376
2461193.500000000  2026  Junio        2   0  0   6  3 45.240   25 36.  3.84  1.0827739
2461194.000000000  2026  Junio        2  12  0   6  7 25.989   25 35. 36.63  1.0730735
2461194.500000000  2026  Junio        3   0  0   6 11  3.534   25 34. 39.33  1.0633446
2461195.000000000  2026  Junio        3  12  0   6 14 37.825   25 33. 12.78  1.0535949
2461195.500000000  2026  Junio        4   0  0   6 18  8.817   25 31. 17.85  1.0438320
2461196.000000000  2026  Junio        4  12  0   6 21 36.468   25 28. 55.40  1.0340627
2461196.500000000  2026  Junio        5   0  0   6 25  0.736   25 26.  6.29  1.0242938
2461197.000000000  2026  Junio        5  12  0   6 28 21.583   25 22. 51.41  1.0145314
2461197.500000000  2026  Junio        6   0  0   6 31 38.973   25 19. 11.61  1.0047816
2461198.000000000  2026  Junio        6  12  0   6 34 52.871   25 15.  7.75  0.9950499
2461198.500000000  2026  Junio        7   0  0   6 38  3.245   25 10. 40.71  0.9853416
2461199.000000000  2026  Junio        7  12  0   6 41 10.061   25  5. 51.34  0.9756616
2461199.500000000  2026  Junio        8   0  0   6 44 13.289   25  0. 40.49  0.9660148
2461200.000000000  2026  Junio        8  12  0   6 47 12.899   24 55.  9.01  0.9564056
2461200.500000000  2026  Junio        9   0  0   6 50  8.861   24 49. 17.75  0.9468381
2461201.000000000  2026  Junio        9  12  0   6 53  1.146   24 43.  7.55  0.9373165
2461201.500000000  2026  Junio       10   0  0   6 55 49.726   24 36. 39.24  0.9278444
2461202.000000000  2026  Junio       10  12  0   6 58 34.571   24 29. 53.64  0.9184255
2461202.500000000  2026  Junio       11   0  0   7  1 15.653   24 22. 51.59  0.9090632
2461203.000000000  2026  Junio       11  12  0   7  3 52.944   24 15. 33.90  0.8997609
2461203.500000000  2026  Junio       12   0  0   7  6 26.412   24  8.  1.38  0.8905216
2461204.000000000  2026  Junio       12  12  0   7  8 56.030   24  0. 14.84  0.8813483
2461204.500000000  2026  Junio       13   0  0   7 11 21.766   23 52. 15.08  0.8722440
2461205.000000000  2026  Junio       13  12  0   7 13 43.589   23 44.  2.90  0.8632115
2461205.500000000  2026  Junio       14   0  0   7 16  1.467   23 35. 39.11  0.8542535
2461206.000000000  2026  Junio       14  12  0   7 18 15.367   23 27.  4.48  0.8453726
2461206.500000000  2026  Junio       15   0  0   7 20 25.256   23 18. 19.81  0.8365715
2461207.000000000  2026  Junio       15  12  0   7 22 31.098   23  9. 25.88  0.8278528
2461207.500000000  2026  Junio       16   0  0   7 24 32.858   23  0. 23.47  0.8192190
2461208.000000000  2026  Junio       16  12  0   7 26 30.500   22 51. 13.36  0.8106727
2461208.500000000  2026  Junio       17   0  0   7 28 23.986   22 41. 56.33  0.8022163
2461209.000000000  2026  Junio       17  12  0   7 30 13.279   22 32. 33.14  0.7938524
2461209.500000000  2026  Junio       18   0  0   7 31 58.341   22 23.  4.58  0.7855837
2461210.000000000  2026  Junio       18  12  0   7 33 39.132   22 13. 31.39  0.7774126
2461210.500000000  2026  Junio       19   0  0   7 35 15.614   22  3. 54.36  0.7693418
2461211.000000000  2026  Junio       19  12  0   7 36 47.748   21 54. 14.25  0.7613740
2461211.500000000  2026  Junio       20   0  0   7 38 15.494   21 44. 31.83  0.7535118
2461212.000000000  2026  Junio       20  12  0   7 39 38.812   21 34. 47.86  0.7457582
2461212.500000000  2026  Junio       21   0  0   7 40 57.663   21 25.  3.11  0.7381158
2461213.000000000  2026  Junio       21  12  0   7 42 12.008   21 15. 18.35  0.7305877
2461213.500000000  2026  Junio       22   0  0   7 43 21.808   21  5. 34.33  0.7231768
2461214.000000000  2026  Junio       22  12  0   7 44 27.027   20 55. 51.84  0.7158863
2461214.500000000  2026  Junio       23   0  0   7 45 27.626   20 46. 11.63  0.7087193
2461215.000000000  2026  Junio       23  12  0   7 46 23.570   20 36. 34.47  0.7016792
2461215.500000000  2026  Junio       24   0  0   7 47 14.827   20 27.  1.13  0.6947692
2461216.000000000  2026  Junio       24  12  0   7 48  1.364   20 17. 32.37  0.6879930
2461216.500000000  2026  Junio       25   0  0   7 48 43.151   20  8.  8.95  0.6813541
2461217.000000000  2026  Junio       25  12  0   7 49 20.163   19 58. 51.65  0.6748564
2461217.500000000  2026  Junio       26   0  0   7 49 52.377   19 49. 41.22  0.6685035
2461218.000000000  2026  Junio       26  12  0   7 50 19.774   19 40. 38.42  0.6622997
2461218.500000000  2026  Junio       27   0  0   7 50 42.339   19 31. 44.00  0.6562490
2461219.000000000  2026  Junio       27  12  0   7 51  0.062   19 22. 58.72  0.6503556
2461219.500000000  2026  Junio       28   0  0   7 51 12.940   19 14. 23.32  0.6446239
2461220.000000000  2026  Junio       28  12  0   7 51 20.975   19  5. 58.54  0.6390584
2461220.500000000  2026  Junio       29   0  0   7 51 24.177   18 57. 45.10  0.6336639
2461221.000000000  2026  Junio       29  12  0   7 51 22.563   18 49. 43.74  0.6284450
2461221.500000000  2026  Junio       30   0  0   7 51 16.158   18 41. 55.17  0.6234066
2461222.000000000  2026  Junio       30  12  0   7 51  4.997   18 34. 20.07  0.6185537
2461222.500000000  2026  Julio        1   0  0   7 50 49.125   18 26. 59.13  0.6138915
2461223.000000000  2026  Julio        1  12  0   7 50 28.596   18 19. 53.03  0.6094251
2461223.500000000  2026  Julio        2   0  0   7 50  3.478   18 13.  2.41  0.6051598
2461224.000000000  2026  Julio        2  12  0   7 49 33.849   18  6. 27.91  0.6011011
2461224.500000000  2026  Julio        3   0  0   7 48 59.800   18  0. 10.12  0.5972542
2461225.000000000  2026  Julio        3  12  0   7 48 21.436   17 54.  9.63  0.5936248
2461225.500000000  2026  Julio        4   0  0   7 47 38.875   17 48. 27.01  0.5902184
2461226.000000000  2026  Julio        4  12  0   7 46 52.250   17 43.  2.76  0.5870404
2461226.500000000  2026  Julio        5   0  0   7 46  1.710   17 37. 57.40  0.5840965
2461227.000000000  2026  Julio        5  12  0   7 45  7.417   17 33. 11.38  0.5813921
2461227.500000000  2026  Julio        6   0  0   7 44  9.550   17 28. 45.12  0.5789329
2461228.000000000  2026  Julio        6  12  0   7 43  8.302   17 24. 39.02  0.5767241
2461228.500000000  2026  Julio        7   0  0   7 42  3.883   17 20. 53.42  0.5747712
2461229.000000000  2026  Julio        7  12  0   7 40 56.517   17 17. 28.62  0.5730793
2461229.500000000  2026  Julio        8   0  0   7 39 46.444   17 14. 24.90  0.5716537
2461230.000000000  2026  Julio        8  12  0   7 38 33.918   17 11. 42.46  0.5704992
2461230.500000000  2026  Julio        9   0  0   7 37 19.205   17  9. 21.47  0.5696208
2461231.000000000  2026  Julio        9  12  0   7 36  2.587   17  7. 22.05  0.5690228
2461231.500000000  2026  Julio       10   0  0   7 34 44.356   17  5. 44.27  0.5687099
2461232.000000000  2026  Julio       10  12  0   7 33 24.816   17  4. 28.16  0.5686860
2461232.500000000  2026  Julio       11   0  0   7 32  4.279   17  3. 33.68  0.5689550
2461233.000000000  2026  Julio       11  12  0   7 30 43.066   17  3.  0.75  0.5695206
2461233.500000000  2026  Julio       12   0  0   7 29 21.507   17  2. 49.24  0.5703861
2461234.000000000  2026  Julio       12  12  0   7 27 59.932   17  2. 58.97  0.5715544
2461234.500000000  2026  Julio       13   0  0   7 26 38.681   17  3. 29.69  0.5730283
2461235.000000000  2026  Julio       13  12  0   7 25 18.092   17  4. 21.13  0.5748101
2461235.500000000  2026  Julio       14   0  0   7 23 58.503   17  5. 32.93  0.5769018
2461236.000000000  2026  Julio       14  12  0   7 22 40.255   17  7.  4.73  0.5793050
2461236.500000000  2026  Julio       15   0  0   7 21 23.681   17  8. 56.07  0.5820212
2461237.000000000  2026  Julio       15  12  0   7 20  9.114   17 11.  6.47  0.5850512
2461237.500000000  2026  Julio       16   0  0   7 18 56.878   17 13. 35.42  0.5883957
2461238.000000000  2026  Julio       16  12  0   7 17 47.293   17 16. 22.32  0.5920548
2461238.500000000  2026  Julio       17   0  0   7 16 40.668   17 19. 26.58  0.5960286
2461239.000000000  2026  Julio       17  12  0   7 15 37.302   17 22. 47.52  0.6003165
2461239.500000000  2026  Julio       18   0  0   7 14 37.484   17 26. 24.46  0.6049178
2461240.000000000  2026  Julio       18  12  0   7 13 41.491   17 30. 16.67  0.6098314
2461240.500000000  2026  Julio       19   0  0   7 12 49.588   17 34. 23.37  0.6150557
2461241.000000000  2026  Julio       19  12  0   7 12  2.024   17 38. 43.77  0.6205890
2461241.500000000  2026  Julio       20   0  0   7 11 19.036   17 43. 17.03  0.6264293
2461242.000000000  2026  Julio       20  12  0   7 10 40.847   17 48.  2.30  0.6325740
2461242.500000000  2026  Julio       21   0  0   7 10  7.663   17 52. 58.67  0.6390206
2461243.000000000  2026  Julio       21  12  0   7  9 39.677   17 58.  5.22  0.6457660
2461243.500000000  2026  Julio       22   0  0   7  9 17.067   18  3. 21.01  0.6528070
2461244.000000000  2026  Julio       22  12  0   7  8 59.997   18  8. 45.06  0.6601400
2461244.500000000  2026  Julio       23   0  0   7  8 48.614   18 14. 16.38  0.6677613
2461245.000000000  2026  Julio       23  12  0   7  8 43.055   18 19. 53.93  0.6756669
2461245.500000000  2026  Julio       24   0  0   7  8 43.440   18 25. 36.68  0.6838523
2461246.000000000  2026  Julio       24  12  0   7  8 49.877   18 31. 23.55  0.6923131
2461246.500000000  2026  Julio       25   0  0   7  9  2.462   18 37. 13.45  0.7010444
2461247.000000000  2026  Julio       25  12  0   7  9 21.277   18 43.  5.27  0.7100411
2461247.500000000  2026  Julio       26   0  0   7  9 46.394   18 48. 57.87  0.7192978
2461248.000000000  2026  Julio       26  12  0   7 10 17.873   18 54. 50.10  0.7288090
2461248.500000000  2026  Julio       27   0  0   7 10 55.764   19  0. 40.79  0.7385686
2461249.000000000  2026  Julio       27  12  0   7 11 40.105   19  6. 28.72  0.7485706
2461249.500000000  2026  Julio       28   0  0   7 12 30.929   19 12. 12.70  0.7588083
2461250.000000000  2026  Julio       28  12  0   7 13 28.254   19 17. 51.47  0.7692749
2461250.500000000  2026  Julio       29   0  0   7 14 32.093   19 23. 23.79  0.7799633
2461251.000000000  2026  Julio       29  12  0   7 15 42.450   19 28. 48.38  0.7908658
2461251.500000000  2026  Julio       30   0  0   7 16 59.320   19 34.  3.94  0.8019746
2461252.000000000  2026  Julio       30  12  0   7 18 22.691   19 39.  9.17  0.8132813
2461252.500000000  2026  Julio       31   0  0   7 19 52.543   19 44.  2.74  0.8247771
2461253.000000000  2026  Julio       31  12  0   7 21 28.850   19 48. 43.30  0.8364528
2461253.500000000  2026  Agosto       1   0  0   7 23 11.575   19 53.  9.50  0.8482988
2461254.000000000  2026  Agosto       1  12  0   7 25  0.677   19 57. 19.96  0.8603048
2461254.500000000  2026  Agosto       2   0  0   7 26 56.106   20  1. 13.32  0.8724603
2461255.000000000  2026  Agosto       2  12  0   7 28 57.805   20  4. 48.17  0.8847539
2461255.500000000  2026  Agosto       3   0  0   7 31  5.709   20  8.  3.14  0.8971738
2461256.000000000  2026  Agosto       3  12  0   7 33 19.745   20 10. 56.82  0.9097078
2461256.500000000  2026  Agosto       4   0  0   7 35 39.831   20 13. 27.82  0.9223430
2461257.000000000  2026  Agosto       4  12  0   7 38  5.878   20 15. 34.77  0.9350657
2461257.500000000  2026  Agosto       5   0  0   7 40 37.788   20 17. 16.29  0.9478620
2461258.000000000  2026  Agosto       5  12  0   7 43 15.454   20 18. 31.02  0.9607172
2461258.500000000  2026  Agosto       6   0  0   7 45 58.758   20 19. 17.63  0.9736161
2461259.000000000  2026  Agosto       6  12  0   7 48 47.575   20 19. 34.82  0.9865429
2461259.500000000  2026  Agosto       7   0  0   7 51 41.768   20 19. 21.31  0.9994813
2461260.000000000  2026  Agosto       7  12  0   7 54 41.191   20 18. 35.89  1.0124147
2461260.500000000  2026  Agosto       8   0  0   7 57 45.688   20 17. 17.38  1.0253257
2461261.000000000  2026  Agosto       8  12  0   8  0 55.093   20 15. 24.66  1.0381970
2461261.500000000  2026  Agosto       9   0  0   8  4  9.228   20 12. 56.69  1.0510106
2461262.000000000  2026  Agosto       9  12  0   8  7 27.908   20  9. 52.49  1.0637485
2461262.500000000  2026  Agosto      10   0  0   8 10 50.936   20  6. 11.16  1.0763926
2461263.000000000  2026  Agosto      10  12  0   8 14 18.106   20  1. 51.90  1.0889245
2461263.500000000  2026  Agosto      11   0  0   8 17 49.205   19 56. 54.01  1.1013261
2461264.000000000  2026  Agosto      11  12  0   8 21 24.011   19 51. 16.88  1.1135795
2461264.500000000  2026  Agosto      12   0  0   8 25  2.294   19 45.  0.03  1.1256669
2461265.000000000  2026  Agosto      12  12  0   8 28 43.819   19 38.  3.06  1.1375710
2461265.500000000  2026  Agosto      13   0  0   8 32 28.346   19 30. 25.74  1.1492751
2461266.000000000  2026  Agosto      13  12  0   8 36 15.630   19 22.  7.91  1.1607630
2461266.500000000  2026  Agosto      14   0  0   8 40  5.425   19 13.  9.57  1.1720194
2461267.000000000  2026  Agosto      14  12  0   8 43 57.480   19  3. 30.83  1.1830296
2461267.500000000  2026  Agosto      15   0  0   8 47 51.549   18 53. 11.93  1.1937800
2461268.000000000  2026  Agosto      15  12  0   8 51 47.383   18 42. 13.22  1.2042581
2461268.500000000  2026  Agosto      16   0  0   8 55 44.738   18 30. 35.18  1.2144523
2461269.000000000  2026  Agosto      16  12  0   8 59 43.373   18 18. 18.39  1.2243522
2461269.500000000  2026  Agosto      17   0  0   9  3 43.051   18  5. 23.56  1.2339487
2461270.000000000  2026  Agosto      17  12  0   9  7 43.544   17 51. 51.47  1.2432338
2461270.500000000  2026  Agosto      18   0  0   9 11 44.629   17 37. 43.02  1.2522008
2461271.000000000  2026  Agosto      18  12  0   9 15 46.094   17 22. 59.16  1.2608442
2461271.500000000  2026  Agosto      19   0  0   9 19 47.735   17  7. 40.94  1.2691596
2461272.000000000  2026  Agosto      19  12  0   9 23 49.357   16 51. 49.47  1.2771439
2461272.500000000  2026  Agosto      20   0  0   9 27 50.777   16 35. 25.90  1.2847952
2461273.000000000  2026  Agosto      20  12  0   9 31 51.824   16 18. 31.44  1.2921126
2461273.500000000  2026  Agosto      21   0  0   9 35 52.337   16  1.  7.33  1.2990961
2461274.000000000  2026  Agosto      21  12  0   9 39 52.167   15 43. 14.85  1.3057470
2461274.500000000  2026  Agosto      22   0  0   9 43 51.177   15 24. 55.26  1.3120671
2461275.000000000  2026  Agosto      22  12  0   9 47 49.240   15  6.  9.88  1.3180592
2461275.500000000  2026  Agosto      23   0  0   9 51 46.244   14 46. 59.98  1.3237270
2461276.000000000  2026  Agosto      23  12  0   9 55 42.085   14 27. 26.88  1.3290745
2461276.500000000  2026  Agosto      24   0  0   9 59 36.671   14  7. 31.84  1.3341065
2461277.000000000  2026  Agosto      24  12  0  10  3 29.920   13 47. 16.14  1.3388283
2461277.500000000  2026  Agosto      25   0  0  10  7 21.761   13 26. 41.02  1.3432455
2461278.000000000  2026  Agosto      25  12  0  10 11 12.131   13  5. 47.69  1.3473642
2461278.500000000  2026  Agosto      26   0  0  10 15  0.978   12 44. 37.35  1.3511907
2461279.000000000  2026  Agosto      26  12  0  10 18 48.257   12 23. 11.16  1.3547315
2461279.500000000  2026  Agosto      27   0  0  10 22 33.931   12  1. 30.23  1.3579934
2461280.000000000  2026  Agosto      27  12  0  10 26 17.971   11 39. 35.65  1.3609833
2461280.500000000  2026  Agosto      28   0  0  10 30  0.353   11 17. 28.47  1.3637079
2461281.000000000  2026  Agosto      28  12  0  10 33 41.060   10 55.  9.71  1.3661742
2461281.500000000  2026  Agosto      29   0  0  10 37 20.082   10 32. 40.35  1.3683893
2461282.000000000  2026  Agosto      29  12  0  10 40 57.414   10 10.  1.33  1.3703598
2461282.500000000  2026  Agosto      30   0  0  10 44 33.055    9 47. 13.55  1.3720927
2461283.000000000  2026  Agosto      30  12  0  10 48  7.008    9 24. 17.88  1.3735946
2461283.500000000  2026  Agosto      31   0  0  10 51 39.280    9  1. 15.14  1.3748721
2461284.000000000  2026  Agosto      31  12  0  10 55  9.884    8 38.  6.11  1.3759317
2461284.500000000  2026  Septiembre   1   0  0  10 58 38.831    8 14. 51.56  1.3767795
2461285.000000000  2026  Septiembre   1  12  0  11  2  6.140    7 51. 32.20  1.3774217
2461285.500000000  2026  Septiembre   2   0  0  11  5 31.827    7 28.  8.72  1.3778642
2461286.000000000  2026  Septiembre   2  12  0  11  8 55.915    7  4. 41.78  1.3781127
2461286.500000000  2026  Septiembre   3   0  0  11 12 18.424    6 41. 12.01  1.3781728
2461287.000000000  2026  Septiembre   3  12  0  11 15 39.380    6 17. 40.00  1.3780497
2461287.500000000  2026  Septiembre   4   0  0  11 18 58.806    5 54.  6.33  1.3777487
2461288.000000000  2026  Septiembre   4  12  0  11 22 16.730    5 30. 31.55  1.3772746
2461288.500000000  2026  Septiembre   5   0  0  11 25 33.177    5  6. 56.16  1.3766322
2461289.000000000  2026  Septiembre   5  12  0  11 28 48.175    4 43. 20.67  1.3758260
2461289.500000000  2026  Septiembre   6   0  0  11 32  1.751    4 19. 45.55  1.3748603
2461290.000000000  2026  Septiembre   6  12  0  11 35 13.934    3 56. 11.25  1.3737394
2461290.500000000  2026  Septiembre   7   0  0  11 38 24.752    3 32. 38.21  1.3724670
2461291.000000000  2026  Septiembre   7  12  0  11 41 34.233    3  9.  6.84  1.3710471
2461291.500000000  2026  Septiembre   8   0  0  11 44 42.407    2 45. 37.52  1.3694831
2461292.000000000  2026  Septiembre   8  12  0  11 47 49.300    2 22. 10.65  1.3677785
2461292.500000000  2026  Septiembre   9   0  0  11 50 54.943    1 58. 46.57  1.3659366
2461293.000000000  2026  Septiembre   9  12  0  11 53 59.362    1 35. 25.64  1.3639603
2461293.500000000  2026  Septiembre  10   0  0  11 57  2.585    1 12.  8.18  1.3618527
2461294.000000000  2026  Septiembre  10  12  0  12  0  4.641    0 48. 54.51  1.3596164
2461294.500000000  2026  Septiembre  11   0  0  12  3  5.556    0 25. 44.94  1.3572541
2461295.000000000  2026  Septiembre  11  12  0  12  6  5.357    0  2. 39.75  1.3547682
2461295.500000000  2026  Septiembre  12   0  0  12  9  4.070    0 20. 20.77  1.3521611
2461296.000000000  2026  Septiembre  12  12  0  12 12  1.720    0 43. 16.34  1.3494350
2461296.500000000  2026  Septiembre  13   0  0  12 14 58.332   -1  6.  6.72  1.3465919
2461297.000000000  2026  Septiembre  13  12  0  12 17 53.931   -1 28. 51.64  1.3436338
2461297.500000000  2026  Septiembre  14   0  0  12 20 48.540   -1 51. 30.87  1.3405625
2461298.000000000  2026  Septiembre  14  12  0  12 23 42.182   -2 14.  4.16  1.3373797
2461298.500000000  2026  Septiembre  15   0  0  12 26 34.878   -2 36. 31.28  1.3340869
2461299.000000000  2026  Septiembre  15  12  0  12 29 26.650   -2 58. 52.01  1.3306858
2461299.500000000  2026  Septiembre  16   0  0  12 32 17.518   -3 21.  6.14  1.3271776
2461300.000000000  2026  Septiembre  16  12  0  12 35  7.501   -3 43. 13.44  1.3235637
2461300.500000000  2026  Septiembre  17   0  0  12 37 56.619   -4  5. 13.71  1.3198452
2461301.000000000  2026  Septiembre  17  12  0  12 40 44.889   -4 27.  6.75  1.3160232
2461301.500000000  2026  Septiembre  18   0  0  12 43 32.327   -4 48. 52.36  1.3120988
2461302.000000000  2026  Septiembre  18  12  0  12 46 18.950   -5 10. 30.33  1.3080729
2461302.500000000  2026  Septiembre  19   0  0  12 49  4.772   -5 32.  0.49  1.3039462
2461303.000000000  2026  Septiembre  19  12  0  12 51 49.808   -5 53. 22.62  1.2997197
2461303.500000000  2026  Septiembre  20   0  0  12 54 34.071   -6 14. 36.55  1.2953940
2461304.000000000  2026  Septiembre  20  12  0  12 57 17.572   -6 35. 42.09  1.2909697
2461304.500000000  2026  Septiembre  21   0  0  13  0  0.322   -6 56. 39.04  1.2864474
2461305.000000000  2026  Septiembre  21  12  0  13  2 42.332   -7 17. 27.24  1.2818276
2461305.500000000  2026  Septiembre  22   0  0  13  5 23.609   -7 38.  6.48  1.2771107
2461306.000000000  2026  Septiembre  22  12  0  13  8  4.163   -7 58. 36.59  1.2722971
2461306.500000000  2026  Septiembre  23   0  0  13 10 43.998   -8 18. 57.38  1.2673872
2461307.000000000  2026  Septiembre  23  12  0  13 13 23.121   -8 39.  8.67  1.2623812
2461307.500000000  2026  Septiembre  24   0  0  13 16  1.535   -8 59. 10.27  1.2572794
2461308.000000000  2026  Septiembre  24  12  0  13 18 39.244   -9 19.  1.99  1.2520820
2461308.500000000  2026  Septiembre  25   0  0  13 21 16.248   -9 38. 43.65  1.2467891
2461309.000000000  2026  Septiembre  25  12  0  13 23 52.549   -9 58. 15.06  1.2414009
2461309.500000000  2026  Septiembre  26   0  0  13 26 28.144  -10 17. 36.02  1.2359173
2461310.000000000  2026  Septiembre  26  12  0  13 29  3.032  -10 36. 46.34  1.2303385
2461310.500000000  2026  Septiembre  27   0  0  13 31 37.207  -10 55. 45.83  1.2246645
2461311.000000000  2026  Septiembre  27  12  0  13 34 10.664  -11 14. 34.29  1.2188953
2461311.500000000  2026  Septiembre  28   0  0  13 36 43.396  -11 33. 11.50  1.2130307
2461312.000000000  2026  Septiembre  28  12  0  13 39 15.393  -11 51. 37.27  1.2070708
2461312.500000000  2026  Septiembre  29   0  0  13 41 46.644  -12  9. 51.38  1.2010154
2461313.000000000  2026  Septiembre  29  12  0  13 44 17.135  -12 27. 53.61  1.1948645
2461313.500000000  2026  Septiembre  30   0  0  13 46 46.852  -12 45. 43.75  1.1886180
2461314.000000000  2026  Septiembre  30  12  0  13 49 15.777  -13  3. 21.55  1.1822756
2461314.500000000  2026  Octubre      1   0  0  13 51 43.890  -13 20. 46.79  1.1758374
2461315.000000000  2026  Octubre      1  12  0  13 54 11.169  -13 37. 59.22  1.1693031
2461315.500000000  2026  Octubre      2   0  0  13 56 37.588  -13 54. 58.58  1.1626727
2461316.000000000  2026  Octubre      2  12  0  13 59  3.121  -14 11. 44.62  1.1559459
2461316.500000000  2026  Octubre      3   0  0  14  1 27.736  -14 28. 17.07  1.1491228
2461317.000000000  2026  Octubre      3  12  0  14  3 51.401  -14 44. 35.64  1.1422033
2461317.500000000  2026  Octubre      4   0  0  14  6 14.079  -15  0. 40.05  1.1351872
2461318.000000000  2026  Octubre      4  12  0  14  8 35.731  -15 16. 30.00  1.1280746
2461318.500000000  2026  Octubre      5   0  0  14 10 56.315  -15 32.  5.17  1.1208655
2461319.000000000  2026  Octubre      5  12  0  14 13 15.783  -15 47. 25.24  1.1135600
2461319.500000000  2026  Octubre      6   0  0  14 15 34.085  -16  2. 29.88  1.1061582
2461320.000000000  2026  Octubre      6  12  0  14 17 51.168  -16 17. 18.73  1.0986602
2461320.500000000  2026  Octubre      7   0  0  14 20  6.974  -16 31. 51.43  1.0910664
2461321.000000000  2026  Octubre      7  12  0  14 22 21.440  -16 46.  7.60  1.0833772
2461321.500000000  2026  Octubre      8   0  0  14 24 34.499  -17  0.  6.84  1.0755929
2461322.000000000  2026  Octubre      8  12  0  14 26 46.080  -17 13. 48.75  1.0677141
2461322.500000000  2026  Octubre      9   0  0  14 28 56.104  -17 27. 12.89  1.0597416
2461323.000000000  2026  Octubre      9  12  0  14 31  4.491  -17 40. 18.80  1.0516761
2461323.500000000  2026  Octubre     10   0  0  14 33 11.152  -17 53.  6.03  1.0435185
2461324.000000000  2026  Octubre     10  12  0  14 35 15.994  -18  5. 34.07  1.0352701
2461324.500000000  2026  Octubre     11   0  0  14 37 18.915  -18 17. 42.41  1.0269320
2461325.000000000  2026  Octubre     11  12  0  14 39 19.810  -18 29. 30.50  1.0185059
2461325.500000000  2026  Octubre     12   0  0  14 41 18.564  -18 40. 57.76  1.0099933
2461326.000000000  2026  Octubre     12  12  0  14 43 15.057  -18 52.  3.61  1.0013963
2461326.500000000  2026  Octubre     13   0  0  14 45  9.161  -19  2. 47.41  0.9927171
2461327.000000000  2026  Octubre     13  12  0  14 47  0.739  -19 13.  8.48  0.9839581
2461327.500000000  2026  Octubre     14   0  0  14 48 49.648  -19 23.  6.14  0.9751222
2461328.000000000  2026  Octubre     14  12  0  14 50 35.734  -19 32. 39.64  0.9662124
2461328.500000000  2026  Octubre     15   0  0  14 52 18.836  -19 41. 48.20  0.9572323
2461329.000000000  2026  Octubre     15  12  0  14 53 58.783  -19 50. 31.00  0.9481858
2461329.500000000  2026  Octubre     16   0  0  14 55 35.397  -19 58. 47.17  0.9390772
2461330.000000000  2026  Octubre     16  12  0  14 57  8.487  -20  6. 35.80  0.9299113
2461330.500000000  2026  Octubre     17   0  0  14 58 37.854  -20 13. 55.90  0.9206934
2461331.000000000  2026  Octubre     17  12  0  15  0  3.291  -20 20. 46.47  0.9114295
2461331.500000000  2026  Octubre     18   0  0  15  1 24.578  -20 27.  6.42  0.9021259
2461332.000000000  2026  Octubre     18  12  0  15  2 41.487  -20 32. 54.60  0.8927898
2461332.500000000  2026  Octubre     19   0  0  15  3 53.781  -20 38.  9.81  0.8834290
2461333.000000000  2026  Octubre     19  12  0  15  5  1.211  -20 42. 50.79  0.8740521
2461333.500000000  2026  Octubre     20   0  0  15  6  3.522  -20 46. 56.20  0.8646684
2461334.000000000  2026  Octubre     20  12  0  15  7  0.448  -20 50. 24.62  0.8552884
2461334.500000000  2026  Octubre     21   0  0  15  7 51.720  -20 53. 14.58  0.8459231
2461335.000000000  2026  Octubre     21  12  0  15  8 37.058  -20 55. 24.53  0.8365848
2461335.500000000  2026  Octubre     22   0  0  15  9 16.179  -20 56. 52.86  0.8272867
2461336.000000000  2026  Octubre     22  12  0  15  9 48.798  -20 57. 37.89  0.8180433
2461336.500000000  2026  Octubre     23   0  0  15 10 14.628  -20 57. 37.85  0.8088702
2461337.000000000  2026  Octubre     23  12  0  15 10 33.385  -20 56. 50.97  0.7997842
2461337.500000000  2026  Octubre     24   0  0  15 10 44.788  -20 55. 15.39  0.7908034
2461338.000000000  2026  Octubre     24  12  0  15 10 48.566  -20 52. 49.23  0.7819475
2461338.500000000  2026  Octubre     25   0  0  15 10 44.460  -20 49. 30.60  0.7732374
2461339.000000000  2026  Octubre     25  12  0  15 10 32.230  -20 45. 17.61  0.7646956
2461339.500000000  2026  Octubre     26   0  0  15 10 11.656  -20 40.  8.42  0.7563458
2461340.000000000  2026  Octubre     26  12  0  15  9 42.549  -20 34.  1.23  0.7482134
2461340.500000000  2026  Octubre     27   0  0  15  9  4.756  -20 26. 54.36  0.7403253
2461341.000000000  2026  Octubre     27  12  0  15  8 18.163  -20 18. 46.28  0.7327096
2461341.500000000  2026  Octubre     28   0  0  15  7 22.711  -20  9. 35.66  0.7253960
2461342.000000000  2026  Octubre     28  12  0  15  6 18.394  -19 59. 21.42  0.7184153
2461342.500000000  2026  Octubre     29   0  0  15  5  5.274  -19 48.  2.83  0.7117994
2461343.000000000  2026  Octubre     29  12  0  15  3 43.488  -19 35. 39.54  0.7055811
2461343.500000000  2026  Octubre     30   0  0  15  2 13.250  -19 22. 11.71  0.6997940
2461344.000000000  2026  Octubre     30  12  0  15  0 34.864  -19  7. 40.01  0.6944720
2461344.500000000  2026  Octubre     31   0  0  14 58 48.728  -18 52.  5.79  0.6896492
2461345.000000000  2026  Octubre     31  12  0  14 56 55.334  -18 35. 31.08  0.6853595
2461345.500000000  2026  Noviembre    1   0  0  14 54 55.275  -18 17. 58.68  0.6816358
2461346.000000000  2026  Noviembre    1  12  0  14 52 49.242  -17 59. 32.24  0.6785102
2461346.500000000  2026  Noviembre    2   0  0  14 50 38.022  -17 40. 16.25  0.6760131
2461347.000000000  2026  Noviembre    2  12  0  14 48 22.491  -17 20. 16.07  0.6741726
2461347.500000000  2026  Noviembre    3   0  0  14 46  3.609  -16 59. 37.94  0.6730144
2461348.000000000  2026  Noviembre    3  12  0  14 43 42.404  -16 38. 28.89  0.6725611
2461348.500000000  2026  Noviembre    4   0  0  14 41 19.960  -16 16. 56.71  0.6728315
2461349.000000000  2026  Noviembre    4  12  0  14 38 57.402  -15 55.  9.83  0.6738405
2461349.500000000  2026  Noviembre    5   0  0  14 36 35.876  -15 33. 17.18  0.6755987
2461350.000000000  2026  Noviembre    5  12  0  14 34 16.529  -15 11. 28.02  0.6781120
2461350.500000000  2026  Noviembre    6   0  0  14 32  0.494  -14 49. 51.83  0.6813812
2461351.000000000  2026  Noviembre    6  12  0  14 29 48.864  -14 28. 38.05  0.6854026
2461351.500000000  2026  Noviembre    7   0  0  14 27 42.681  -14  7. 55.94  0.6901672
2461352.000000000  2026  Noviembre    7  12  0  14 25 42.915  -13 47. 54.40  0.6956611
2461352.500000000  2026  Noviembre    8   0  0  14 23 50.453  -13 28. 41.78  0.7018660
2461353.000000000  2026  Noviembre    8  12  0  14 22  6.086  -13 10. 25.76  0.7087591
2461353.500000000  2026  Noviembre    9   0  0  14 20 30.503  -12 53. 13.22  0.7163135
2461354.000000000  2026  Noviembre    9  12  0  14 19  4.285  -12 37. 10.17  0.7244989
2461354.500000000  2026  Noviembre   10   0  0  14 17 47.905  -12 22. 21.67  0.7332818
2461355.000000000  2026  Noviembre   10  12  0  14 16 41.724  -12  8. 51.79  0.7426261
2461355.500000000  2026  Noviembre   11   0  0  14 15 46.002  -11 56. 43.66  0.7524939
2461356.000000000  2026  Noviembre   11  12  0  14 15  0.895  -11 45. 59.45  0.7628453
2461356.500000000  2026  Noviembre   12   0  0  14 14 26.469  -11 36. 40.43  0.7736398
2461357.000000000  2026  Noviembre   12  12  0  14 14  2.703  -11 28. 47.03  0.7848361
2461357.500000000  2026  Noviembre   13   0  0  14 13 49.504  -11 22. 18.92  0.7963928
2461358.000000000  2026  Noviembre   13  12  0  14 13 46.708  -11 17. 15.09  0.8082691
2461358.500000000  2026  Noviembre   14   0  0  14 13 54.098  -11 13. 33.92  0.8204245
2461359.000000000  2026  Noviembre   14  12  0  14 14 11.406  -11 11. 13.28  0.8328197
2461359.500000000  2026  Noviembre   15   0  0  14 14 38.329  -11 10. 10.63  0.8454168
2461360.000000000  2026  Noviembre   15  12  0  14 15 14.530  -11 10. 23.05  0.8581792
2461360.500000000  2026  Noviembre   16   0  0  14 15 59.651  -11 11. 47.39  0.8710719
2461361.000000000  2026  Noviembre   16  12  0  14 16 53.318  -11 14. 20.25  0.8840620
2461361.500000000  2026  Noviembre   17   0  0  14 17 55.147  -11 17. 58.14  0.8971184
2461362.000000000  2026  Noviembre   17  12  0  14 19  4.749  -11 22. 37.43  0.9102118
2461362.500000000  2026  Noviembre   18   0  0  14 20 21.735  -11 28. 14.50  0.9233151
2461363.000000000  2026  Noviembre   18  12  0  14 21 45.721  -11 34. 45.68  0.9364031
2461363.500000000  2026  Noviembre   19   0  0  14 23 16.328  -11 42.  7.39  0.9494527
2461364.000000000  2026  Noviembre   19  12  0  14 24 53.189  -11 50. 16.05  0.9624425
2461364.500000000  2026  Noviembre   20   0  0  14 26 35.947  -11 59.  8.22  0.9753533
2461365.000000000  2026  Noviembre   20  12  0  14 28 24.259  -12  8. 40.54  0.9881674
2461365.500000000  2026  Noviembre   21   0  0  14 30 17.797  -12 18. 49.75  1.0008689
2461366.000000000  2026  Noviembre   21  12  0  14 32 16.246  -12 29. 32.75  1.0134436
2461366.500000000  2026  Noviembre   22   0  0  14 34 19.309  -12 40. 46.55  1.0258789
2461367.000000000  2026  Noviembre   22  12  0  14 36 26.702  -12 52. 28.29  1.0381635
2461367.500000000  2026  Noviembre   23   0  0  14 38 38.161  -13  4. 35.28  1.0502874
2461368.000000000  2026  Noviembre   23  12  0  14 40 53.433  -13 17.  4.93  1.0622420
2461368.500000000  2026  Noviembre   24   0  0  14 43 12.283  -13 29. 54.80  1.0740198
2461369.000000000  2026  Noviembre   24  12  0  14 45 34.489  -13 43.  2.61  1.0856144
2461369.500000000  2026  Noviembre   25   0  0  14 47 59.844  -13 56. 26.17  1.0970202
2461370.000000000  2026  Noviembre   25  12  0  14 50 28.155  -14 10.  3.43  1.1082326
2461370.500000000  2026  Noviembre   26   0  0  14 52 59.241  -14 23. 52.47  1.1192479
2461371.000000000  2026  Noviembre   26  12  0  14 55 32.935  -14 37. 51.46  1.1300629
2461371.500000000  2026  Noviembre   27   0  0  14 58  9.078  -14 51. 58.71  1.1406753
2461372.000000000  2026  Noviembre   27  12  0  15  0 47.527  -15  6. 12.61  1.1510831
2461372.500000000  2026  Noviembre   28   0  0  15  3 28.145  -15 20. 31.66  1.1612852
2461373.000000000  2026  Noviembre   28  12  0  15  6 10.809  -15 34. 54.44  1.1712807
2461373.500000000  2026  Noviembre   29   0  0  15  8 55.401  -15 49. 19.64  1.1810693
2461374.000000000  2026  Noviembre   29  12  0  15 11 41.815  -16  3. 46.02  1.1906508
2461374.500000000  2026  Noviembre   30   0  0  15 14 29.951  -16 18. 12.40  1.2000256
2461375.000000000  2026  Noviembre   30  12  0  15 17 19.718  -16 32. 37.71  1.2091943
2461375.500000000  2026  Diciembre    1   0  0  15 20 11.031  -16 47.  0.91  1.2181579
2461376.000000000  2026  Diciembre    1  12  0  15 23  3.812  -17  1. 21.06  1.2269173
2461376.500000000  2026  Diciembre    2   0  0  15 25 57.987  -17 15. 37.25  1.2354738
2461377.000000000  2026  Diciembre    2  12  0  15 28 53.491  -17 29. 48.63  1.2438289
2461377.500000000  2026  Diciembre    3   0  0  15 31 50.262  -17 43. 54.43  1.2519842
2461378.000000000  2026  Diciembre    3  12  0  15 34 48.243  -17 57. 53.88  1.2599414
2461378.500000000  2026  Diciembre    4   0  0  15 37 47.380  -18 11. 46.29  1.2677022
2461379.000000000  2026  Diciembre    4  12  0  15 40 47.626  -18 25. 31.01  1.2752686
2461379.500000000  2026  Diciembre    5   0  0  15 43 48.936  -18 39.  7.41  1.2826424
2461380.000000000  2026  Diciembre    5  12  0  15 46 51.268  -18 52. 34.91  1.2898257
2461380.500000000  2026  Diciembre    6   0  0  15 49 54.584  -19  5. 52.95  1.2968205
2461381.000000000  2026  Diciembre    6  12  0  15 52 58.848  -19 19.  1.02  1.3036287
2461381.500000000  2026  Diciembre    7   0  0  15 56  4.027  -19 31. 58.61  1.3102526
2461382.000000000  2026  Diciembre    7  12  0  15 59 10.092  -19 44. 45.27  1.3166940
2461382.500000000  2026  Diciembre    8   0  0  16  2 17.013  -19 57. 20.55  1.3229550
2461383.000000000  2026  Diciembre    8  12  0  16  5 24.764  -20  9. 44.03  1.3290378
2461383.500000000  2026  Diciembre    9   0  0  16  8 33.322  -20 21. 55.31  1.3349442
2461384.000000000  2026  Diciembre    9  12  0  16 11 42.664  -20 33. 54.00  1.3406763
2461384.500000000  2026  Diciembre   10   0  0  16 14 52.768  -20 45. 39.75  1.3462360
2461385.000000000  2026  Diciembre   10  12  0  16 18  3.615  -20 57. 12.21  1.3516252
2461385.500000000  2026  Diciembre   11   0  0  16 21 15.186  -21  8. 31.05  1.3568459
2461386.000000000  2026  Diciembre   11  12  0  16 24 27.466  -21 19. 35.95  1.3618998
2461386.500000000  2026  Diciembre   12   0  0  16 27 40.436  -21 30. 26.61  1.3667887
2461387.000000000  2026  Diciembre   12  12  0  16 30 54.083  -21 41.  2.72  1.3715144
2461387.500000000  2026  Diciembre   13   0  0  16 34  8.392  -21 51. 24.03  1.3760786
2461388.000000000  2026  Diciembre   13  12  0  16 37 23.350  -22  1. 30.24  1.3804829
2461388.500000000  2026  Diciembre   14   0  0  16 40 38.943  -22 11. 21.11  1.3847288
2461389.000000000  2026  Diciembre   14  12  0  16 43 55.161  -22 20. 56.38  1.3888179
2461389.500000000  2026  Diciembre   15   0  0  16 47 11.991  -22 30. 15.80  1.3927518
2461390.000000000  2026  Diciembre   15  12  0  16 50 29.422  -22 39. 19.15  1.3965316
2461390.500000000  2026  Diciembre   16   0  0  16 53 47.444  -22 48.  6.18  1.4001590
2461391.000000000  2026  Diciembre   16  12  0  16 57  6.047  -22 56. 36.69  1.4036350
2461391.500000000  2026  Diciembre   17   0  0  17  0 25.220  -23  4. 50.45  1.4069610
2461392.000000000  2026  Diciembre   17  12  0  17  3 44.955  -23 12. 47.25  1.4101382
2461392.500000000  2026  Diciembre   18   0  0  17  7  5.241  -23 20. 26.89  1.4131675
2461393.000000000  2026  Diciembre   18  12  0  17 10 26.070  -23 27. 49.18  1.4160502
2461393.500000000  2026  Diciembre   19   0  0  17 13 47.432  -23 34. 53.91  1.4187871
2461394.000000000  2026  Diciembre   19  12  0  17 17  9.320  -23 41. 40.89  1.4213792
2461394.500000000  2026  Diciembre   20   0  0  17 20 31.723  -23 48.  9.94  1.4238274
2461395.000000000  2026  Diciembre   20  12  0  17 23 54.633  -23 54. 20.88  1.4261324
2461395.500000000  2026  Diciembre   21   0  0  17 27 18.042  -24  0. 13.53  1.4282951
2461396.000000000  2026  Diciembre   21  12  0  17 30 41.940  -24  5. 47.72  1.4303159
2461396.500000000  2026  Diciembre   22   0  0  17 34  6.318  -24 11.  3.26  1.4321956
2461397.000000000  2026  Diciembre   22  12  0  17 37 31.167  -24 16.  0.00  1.4339347
2461397.500000000  2026  Diciembre   23   0  0  17 40 56.479  -24 20. 37.77  1.4355336
2461398.000000000  2026  Diciembre   23  12  0  17 44 22.242  -24 24. 56.40  1.4369927
2461398.500000000  2026  Diciembre   24   0  0  17 47 48.448  -24 28. 55.73  1.4383123
2461399.000000000  2026  Diciembre   24  12  0  17 51 15.086  -24 32. 35.60  1.4394927
2461399.500000000  2026  Diciembre   25   0  0  17 54 42.147  -24 35. 55.85  1.4405341
2461400.000000000  2026  Diciembre   25  12  0  17 58  9.619  -24 38. 56.32  1.4414364
2461400.500000000  2026  Diciembre   26   0  0  18  1 37.493  -24 41. 36.86  1.4421999
2461401.000000000  2026  Diciembre   26  12  0  18  5  5.757  -24 43. 57.30  1.4428243
2461401.500000000  2026  Diciembre   27   0  0  18  8 34.401  -24 45. 57.51  1.4433096
2461402.000000000  2026  Diciembre   27  12  0  18 12  3.414  -24 47. 37.33  1.4436555
2461402.500000000  2026  Diciembre   28   0  0  18 15 32.784  -24 48. 56.60  1.4438619
2461403.000000000  2026  Diciembre   28  12  0  18 19  2.500  -24 49. 55.20  1.4439283
2461403.500000000  2026  Diciembre   29   0  0  18 22 32.550  -24 50. 32.97  1.4438543
2461404.000000000  2026  Diciembre   29  12  0  18 26  2.921  -24 50. 49.77  1.4436395
2461404.500000000  2026  Diciembre   30   0  0  18 29 33.602  -24 50. 45.47  1.4432833
2461405.000000000  2026  Diciembre   30  12  0  18 33  4.578  -24 50. 19.93  1.4427850
2461405.500000000  2026  Diciembre   31   0  0  18 36 35.838  -24 49. 33.03  1.4421440
2461406.000000000  2026  Diciembre   31  12  0  18 40  7.366  -24 48. 24.62  1.4413594
2461406.500000000  2027  Enero        1   0  0  18 43 39.149  -24 46. 54.59  1.4404305
