 12.252291721933
 12.502976201353
 12.753660678143
 13.004345157551
 13.255029636952
 13.505714113718
 13.756398593104
 14.007083072478
 14.257767551848
 14.508452028584
 14.759136507938
 15.009820987282
 15.260505463994
 15.511189943326
 15.761874422650
 16.012558899339
 16.263243378648
 16.513927857945
 16.764612334611
 17.015296813897
 17.265981293175
 17.516665769816
 17.767350249079
 18.018034728332
 18.268719207579
 18.519403684192
 18.770088163424
 19.020772642648
 19.271457119236
 19.522141598443
 19.772826077644
 20.023510554211
 20.274195033397
 20.524879512575
 20.775563989116
 21.026248468279
 21.276932947434
 21.527617423953
 21.778301903093
 22.028986382224
 22.279670861349
 22.530355337839
 22.781039816949
 23.031724296051
 23.282408772517
 23.533093251602
 23.783777730681
 24.034462207124
 24.285146686188
 24.535831165244
 24.786515641666
 25.037200120705
 25.287884599739
 25.538569078764
 25.789253555154
 26.039938034165
 26.290622513166
 26.541306989535
 26.791991468523
 27.042675947502
 27.293360423848
 27.544044902811
 27.794729381769
 28.045413858090
 28.296098337032
 28.546782815967
 28.797467292268
 29.048151771186
 29.298836250098
 29.549520729002
 29.800205205271
 30.050889684160
 30.301574163041
 30.552258639286
 30.802943118153
 31.053627597012
 31.304312073237
 31.554996552081
 31.805681030916
 32.056365507117
 32.307049985938
 32.557734464752
 32.808418940932
 33.059103419729
 33.309787898520
 33.560472377302
 33.811156853452
 34.061841332221
 34.312525810980
 34.563210287106
 34.813894765852
 35.064579244590
 35.315263720695
 35.565948199418
 35.816632678133
 36.067317154213
 36.318001632914
 36.568686111608
 36.819370590294
 37.070055066346
 37.320739545014
 37.571424023677
 37.822108499707
 38.072792978355
 38.323477456996
 38.574161933000
 38.824846411626
 39.075530890245
 39.326215366229
 39.576899844833
 39.827584323426
 40.078268799388
 40.328953277969
 40.579637756543
 40.830322235109
 41.081006711042
 41.331691189590
 41.582375668134
 41.833060144044
 42.083744622573
 42.334429101094
 42.585113576982
 42.835798055485
 43.086482533984
 43.337167009850
 43.587851488334
 43.838535966811
 44.089220442654
 44.339904921112
 44.590589399567
 44.841273878014
 45.091958353827
 45.342642832257
 45.593327310681
 45.844011786472
 46.094696264882
 46.345380743285
 46.596065219054
 46.846749697438
 47.097434175819
 47.348118651565
 47.598803129931
 47.849487608289
 48.100172086636
 48.350856562353
 48.601541040689
 48.852225519018
 49.102909994712
 49.353594473026
 49.604278951329
 49.854963427002
 50.105647905293
 50.356332383578
 50.607016859228
 50.857701337497
 51.108385815756
 51.359070291385
 51.609754769632
 51.860439247872
 52.111123726101
 52.361808201700
 52.612492679918
 52.863177158129
 53.113861633705
 53.364546111901
 53.615230590087
 53.865915065641
 54.116599543815
 54.367284021981
 54.617968497514
 54.868652975666
 55.119337453807
 55.370021929318
 55.620706407447
 55.871390885570
 56.122075363685
 56.372759839166
 56.623444317263
 56.874128795357
 57.124813270816
 57.375497748894
 57.626182226962
 57.876866702400
 58.127551180456
 58.378235658506
 58.628920133921
 58.879604611956
 59.130289089980
 59.380973568000
 59.631658043386
 59.882342521391
 60.133026999390
 60.383711474754
 60.634395952734
 60.885080430711
 61.135764906053
 61.386449384015
 61.637133861969
 61.887818337288
 62.138502815227
 62.389187293159
 62.639871768458
 62.890556246376
 63.141240724287
 63.391925202187
 63.642609677457
 63.893294155346
 64.143978633228
 64.394663108474
 64.645347586340
 64.896032064200
 65.146716539426
 65.397401017272
 65.648085495110
 65.898769970313
 66.149454448135
 66.400138925952
 66.650823401134
 66.901507878937
 67.152192356732
 67.402876834516
 67.653561309670
 67.904245787443
 68.154930265209
 68.405614740340
 68.656299218091
 68.906983695834
 69.157668170945
 69.408352648675
 69.659037126397
 69.909721601485
 70.160406079191
 70.411090556893
 70.661775034587
 70.912459509645
 71.163143987325
 71.413828464995
 71.664512940034
 71.915197417692
 72.165881895343
 72.416566370358
 72.667250847996
 72.917935325624
 73.168619800619
 73.419304278234
 73.669988755840
 73.920673230814
 74.171357708407
 74.422042185992
 74.672726663571
 74.923411138515
 75.174095616080
 75.424780093637
 75.675464568560
 75.926149046103
 76.176833523638
 76.427517998540
 76.678202476062
 76.928886953575
 77.179571428456
 77.430255905957
 77.680940383449
 77.931624858306
 78.182309335786
 78.432993813258
 78.683678290723
 78.934362765552
 79.185047243003
 79.435731720446
 79.686416195254
 79.937100672684
 80.187785150106
 80.438469624893
 80.689154102301
 80.939838579700
 81.190523054465
 81.441207531852
 81.691892009232
 81.942576486604
 82.193260961341
 82.443945438700
 82.694629916051
 82.945314390767
 83.195998868104
 83.446683345434
 83.697367820128
 83.948052297444
 84.198736774751
 84.449421249426
 84.700105726719
 84.950790204007
 85.201474678661
 85.452159155933
 85.702843633199
 85.953528110458
 86.204212585082
 86.454897062328
 86.705581539566
 86.956266014169
 87.206950491393
 87.457634968608
 87.708319443191
 87.959003920393
 88.209688397589
 88.460372872151
 88.711057349331
 88.961741826506
 89.212426301047
 89.463110778206
 89.713795255360
 89.964479732507
 90.215164207018
 90.465848684151
 90.716533161275
 90.967217635767
 91.217902112879
 91.468586589982
 91.719271064453
 91.969955541544
 92.220640018626
 92.471324493076
 92.722008970145
 92.972693447207
 93.223377924262
 93.474062398684
 93.724746875725
 93.975431352759
 94.226115827159
 94.476800304180
 94.727484781192
 94.978169255572
 95.228853732572
 95.479538209563
 95.730222683923
 95.980907160902
 96.231591637872
 96.482276112210
 96.732960589169
 96.983645066118
 97.234329543062
 97.485014017373
 97.735698494302
 97.986382971225
 98.237067445515
 98.487751922423
 98.738436399326
 98.989120873595
 99.239805350482
 99.490489827363
 99.741174301610
 99.991858778478
100.242543255339
100.493227729565
100.743912206412
100.994596683251
101.245281160084
101.495965634284
101.746650111102
101.997334587914
102.248019062093
102.498703538891
102.749388015683
103.000072489841
103.250756966617
103.501441443389
103.752125917526
104.002810394282
104.253494871033
104.504179347775
104.754863821885
105.005548298615
105.256232775337
105.506917249426
105.757601726135
106.008286202836
106.258970676905
106.509655153592
106.760339630274
107.011024104323
107.261708580989
107.512393057650
107.763077531678
108.013762008324
108.264446484965
108.515130961597
108.765815435598
109.016499912218
109.267184388830
109.517868862810
109.768553339409
110.019237816001
110.269922289960
110.520606766539
110.771291243110
111.021975717049
111.272660193608
111.523344670158
111.774029144077
112.024713620615
112.275398097145
112.526082573670
112.776767047560
113.027451524071
113.278136000574
113.528820474444
113.779504950935
114.030189427418
114.280873901268
114.531558377738
114.782242854200
115.032927328031
115.283611804481
115.534296280922
115.784980757359
116.035665231162
116.286349707583
116.537034183999
116.787718657782
117.038403134183
117.289087610579
117.539772084342
117.790456560722
118.041141037098
118.291825510839
118.542509987201
118.793194463556
119.043878937276
119.294563413618
119.545247889952
119.795932366280
120.046616839975
120.297301316289
120.547985792597
120.798670266272
121.049354742565
121.300039218853
121.550723692506
121.801408168781
122.052092645049
122.302777118682
122.553461594936
122.804146071184
123.054830544797
123.305515021031
123.556199497259
123.806883973478
124.057568447066
124.308252923273
124.558937399473
124.809621873038
125.060306349226
125.310990825407
125.561675298953
125.812359775120
126.063044251281
126.313728724807
126.564413200954
126.815097677095
127.065782153228
127.316466626728
127.567151102849
127.817835578962
128.068520052441
128.319204528542
128.569889004636
128.820573478095
129.071257954176
129.321942430250
129.572626903690
129.823311379751
130.073995855805
130.324680329224
130.575364805265
130.826049281300
131.076733757326
131.327418230719
131.578102706733
131.828787182741
132.079471656114
132.330156132109
132.580840608097
 69.0
    0.0
