290.259969136845
290.510653611272
290.761338083064
291.012022557477
291.262707031885
291.513391503660
291.764075978055
292.014760452443
292.265444926822
292.516129398571
292.766813872940
293.017498347302
293.268182819030
293.518867293380
293.769551767721
294.020236239431
294.270920713761
294.521605188085
294.772289659774
295.022974134085
295.273658608387
295.524343080058
295.775027554350
296.025712028635
296.276396502913
296.527080974555
296.777765448821
297.028449923080
297.279134394705
297.529818868951
297.780503343189
298.031187814796
298.281872289023
298.532556763243
298.783241234829
299.033925709036
299.284610183236
299.535294654804
299.785979128991
300.036663603173
300.287348077348
300.538032548891
300.788717023052
301.039401497208
301.290085968729
301.540770442873
301.791454917010
302.042139388513
302.292823862636
302.543508336754
302.794192808237
303.044877282342
303.295561756438
303.546246230531
303.796930701988
304.047615176067
304.298299650140
304.548984121580
304.799668595638
305.050353069692
305.301037541111
305.551722015152
305.802406489187
306.053090960588
306.303775434607
306.554459908622
306.805144380004
307.055828854007
307.306513328003
307.557197801991
307.807882273347
308.058566747324
308.309251221295
308.559935692632
308.810620166589
309.061304640540
309.311989111857
309.562673585796
309.813358059729
310.064042531028
310.314727004945
310.565411478858
310.816095950139
311.066780424040
311.317464897934
311.568149371821
311.818833843074
312.069518316950
312.320202790819
312.570887262055
312.821571735911
313.072256209758
313.322940680975
313.573625154812
313.824309628643
314.074994099841
314.325678573660
314.576363047469
314.827047521274
315.077731992447
315.328416466240
315.579100940024
315.829785411178
316.080469884952
316.331154358720
316.581838829854
316.832523303610
317.083207777355
317.333892248471
317.584576722208
317.835261195938
318.085945667035
318.336630140752
318.587314614460
318.837999088165
319.088683559236
319.339368032929
319.590052506614
319.840736977667
320.091421451338
320.342105925005
320.592790396039
320.843474869693
321.094159343341
321.344843814353
321.595528287989
321.846212761618
322.096897232615
322.347581706232
322.598266179839
322.848950653443
323.099635124414
323.350319598006
323.601004071592
323.851688542544
324.102373016114
324.353057489681
324.603741960614
324.854426434169
325.105110907717
325.355795378632
325.606479852164
325.857164325693
326.107848799216
326.358533270106
326.609217743617
326.859902217118
327.110586687989
327.361271161481
327.611955634966
327.862640105819
328.113324579288
328.364009052755
328.614693523589
328.865377997044
329.116062470492
329.366746941307
329.617431414739
329.868115888169
330.118800361592
330.369484832383
330.620169305793
330.870853779195
331.121538249967
331.372222723359
331.622907196745
331.873591667498
332.124276140871
332.374960614236
332.625645084970
332.876329558325
333.127014031674
333.377698502390
333.628382975723
333.879067449053
334.129751922377
334.380436393068
334.631120866380
334.881805339682
335.132489810355
335.383174283648
335.633858756935
335.884543227589
336.135227700864
336.385912174129
336.636596644765
336.887281118021
337.137965591271
337.388650064514
337.639334535124
337.890019008353
338.140703481579
338.391387952171
338.642072425384
338.892756898591
339.143441369162
339.394125842356
339.644810315544
339.895494786100
340.146179259274
340.396863732443
340.647548202980
340.898232676137
341.148917149289
341.399601622434
341.650286092945
341.900970566077
342.151655039204
342.402339509698
342.653023982812
342.903708455921
343.154392926395
343.405077399490
343.655761872580
343.906446343036
344.157130816114
344.407815289186
344.658499759625
344.909184232683
345.159868705736
345.410553178784
345.661237649197
345.911922122230
346.162606595259
346.413291065656
346.663975538671
346.914660011682
347.165344482060
347.416028955057
347.666713428049
347.917397898407
348.168082371388
348.418766844362
348.669451317329
348.920135787664
349.170820260620
349.421504733570
349.672189203886
349.922873676823
350.173558149753
350.424242620051
350.674927092972
350.925611565885
351.176296036164
351.426980509066
351.677664981961
351.928349452222
352.179033925105
352.429718397982
352.680402870852
352.931087341090
353.181771813949
353.432456286800
353.683140757019
353.933825229860
354.184509702694
354.435194172895
354.685878645718
354.936563118534
355.187247588717
355.437932061521
355.688616534320
355.939301004484
356.189985477270
356.440669950051
356.691354422824
356.942038892966
357.192723365726
357.443407838483
357.694092308605
357.944776781349
358.195461254087
358.446145724191
358.696830196918
358.947514669638
359.198199139724
359.448883612432
359.699568085134
359.950252557829
  0.200937027893
  0.451621500575
  0.702305973254
  0.952990443299
  1.203674915964
  1.454359388624
  1.705043858652
  1.955728331298
  2.206412803941
  2.457097273950
  2.707781746579
  2.958466219204
  3.209150689195
  3.459835161806
  3.710519634413
  3.961204107011
  4.211888576979
  4.462573049566
  4.713257522149
  4.963941992099
  5.214626464668
  5.465310937232
  5.715995407164
  5.966679879715
  6.217364352262
  6.468048822176
  6.718733294710
  6.969417767239
  7.220102237135
  7.470786709650
  7.721471182161
  7.972155654665
  8.222840124538
  8.473524597031
  8.724209069517
  8.974893539371
  9.225578011847
  9.476262484315
  9.726946954152
  9.977631426609
 10.228315899059
 10.479000368878
 10.729684841317
 10.980369313751
 11.231053786177
 11.481738255973
 11.732422728389
 11.983107200798
 12.233791670575
 12.484476142974
 12.735160615365
 12.985845085125
 13.236529557505
 13.487214029879
 13.737898499621
 13.988582971984
 14.239267444339
 14.489951914064
 14.740636386409
 14.991320858747
 15.242005331081
 15.492689800782
 15.743374273102
 15.994058745418
 16.244743215100
 16.495427687404
 16.746112159702
 16.996796629366
 17.247481101653
 17.498165573932
 17.748850043580
 17.999534515849
 18.250218988110
 18.500903457741
 18.751587929992
 19.002272402236
 19.252956874475
 19.503641344083
 19.754325816309
 20.005010288531
 20.255694758120
 20.506379230329
 20.757063702533
 21.007748172105
 21.258432644296
 21.509117116483
 21.759801586038
 22.010486058211
 22.261170530381
 22.511855002543
 22.762539472074
 23.013223944224
 23.263908416370
 23.514592885884
 23.765277358016
 24.015961830145
 24.266646299641
 24.517330771756
 24.768015243868
 25.018699713346
 25.269384185444
 25.520068657538
 25.770753126999
 26.021437599079
 26.272122071156
 26.522806543224
 26.773491012662
 27.024175484721
 27.274859956773
 27.525544426193
 27.776228898234
 28.026913370268
 28.277597839672
 28.528282311696
 28.778966783712
 29.029651253098
 29.280335725103
 29.531020197104
 29.781704666472
 30.032389138460
 30.283073610444
 30.533758082420
 30.784442551765
 31.035127023731
 31.285811495690
 31.536495965018
 31.787180436967
 32.037864908909
 32.288549378219
 32.539233850151
 32.789918322075
 33.040602791369
 33.291287263283
 33.541971735190
 33.792656207093
 34.043340676362
 34.294025148253
 34.544709620138
 34.795394089390
 35.046078561264
 35.296763033132
 35.547447502367
 35.798131974224
 36.048816446073
 36.299500915292
 36.550185387132
 36.800869858964
 37.051554328165
 37.302238799986
 37.552923271803
 37.803607743614
 38.054292212791
 38.304976684591
 38.555661156385
 38.806345625544
 39.057030097327
 39.307714569104
 39.558399038246
 39.809083510012
 40.059767981771
 40.310452450897
 40.561136922644
 40.811821394386
 41.062505863495
 41.313190335226
 41.563874806951
 41.814559278671
 42.065243747757
 42.315928219465
 42.566612691168
 42.817297160236
 43.067981631928
 43.318666103613
 43.569350572665
 43.820035044337
 44.070719516006
 44.321403985042
 44.572088456698
 44.822772928349
 45.073457399995
 45.324141869007
 45.574826340642
 45.825510812271
 46.076195281266
 46.326879752883
 46.577564224495
 46.828248693473
 47.078933165074
 47.329617636667
 47.580302105630
 47.830986577212
 48.081671048790
 48.332355517735
 48.583039989301
 48.833724460862
 49.084408932417
 49.335093401339
 49.585777872883
 49.836462344420
 50.087146813326
 50.337831284853
 50.588515756373
 69.0
    0.0
