 59.682158114041
 59.932842607341
 60.183527098017
 60.434211591322
 60.684896084631
 60.935580575318
 61.186265068633
 61.436949561951
 61.687634055273
 61.938318545973
 62.189003039302
 62.439687532635
 62.690372023342
 62.941056516680
 63.191741010022
 63.442425500741
 63.693109994090
 63.943794487442
 64.194478978169
 64.445163471526
 64.695847964888
 64.946532455625
 65.197216948993
 65.447901442365
 65.698585935738
 65.949270426489
 66.199954919870
 66.450639413255
 66.701323904014
 66.952008397405
 67.202692890797
 67.453377381568
 67.704061874967
 67.954746368371
 68.205430859151
 68.456115352560
 68.706799845973
 68.957484336762
 69.208168830182
 69.458853323605
 69.709537817029
 69.960222307832
 70.210906801265
 70.461591294701
 70.712275785512
 70.962960278954
 71.213644772398
 71.464329263219
 71.715013756670
 71.965698250126
 72.216382740957
 72.467067234419
 72.717751727882
 72.968436221350
 73.219120712193
 73.469805205667
 73.720489699145
 73.971174189996
 74.221858683480
 74.472543176967
 74.723227667830
 74.973912161324
 75.224596654819
 75.475281145690
 75.725965639193
 75.976650132700
 76.227334623582
 76.478019117095
 76.728703610609
 76.979388104128
 77.230072595022
 77.480757088547
 77.731441582076
 77.982126072981
 78.232810566512
 78.483495060050
 78.734179550965
 78.984864044509
 79.235548538056
 79.486233028977
 79.736917522531
 79.987602016088
 80.238286507021
 80.488971000585
 80.739655494148
 80.990339987717
 81.241024478663
 81.491708972239
 81.742393465818
 81.993077956774
 82.243762450356
 82.494446943945
 82.745131434909
 82.995815928504
 83.246500422102
 83.497184913077
 83.747869406678
 83.998553900285
 84.249238393895
 84.499922884882
 84.750607378499
 85.001291872116
 85.251976363112
 85.502660856738
 85.753345350368
 86.004029841374
 86.254714335006
 86.505398828645
 86.756083319660
 87.006767813305
 87.257452306953
 87.508136797977
 87.758821291628
 88.009505785286
 88.260190278946
 88.510874769983
 88.761559263650
 89.012243757317
 89.262928248363
 89.513612742039
 89.764297235719
 90.014981726774
 90.265666220460
 90.516350714145
 90.767035205210
 91.017719698905
 91.268404192603
 91.519088683677
 91.769773177378
 92.020457671085
 92.271142164795
 92.521826655882
 92.772511149599
 93.023195643315
 93.273880134411
 93.524564628137
 93.775249121866
 94.025933612971
 94.276618106706
 94.527302600441
 94.777987091555
 95.028671585300
 95.279356079047
 95.530040572797
 95.780725063924
 96.031409557678
 96.282094051437
 96.532778542573
 96.783463036339
 97.034147530108
 97.284832021254
 97.535516515025
 97.786201008804
 98.036885499958
 98.287569993742
 98.538254487526
 98.788938978690
 99.039623472484
 99.290307966280
 99.540992460080
 99.791676951256
100.042361445058
100.293045938867
100.543730430052
100.794414923867
101.045099417685
101.295783908879
101.546468402700
101.797152896527
102.047837387731
102.298521881564
102.549206375400
102.799890866611
103.050575360452
103.301259854297
103.551944348146
103.802628839370
104.053313333225
104.303997827079
104.554682318313
104.805366812177
105.056051306043
105.306735797285
105.557420291156
105.808104785031
106.058789276284
106.309473770165
106.560158264050
106.810842757935
107.061527249199
107.312211743093
107.562896236990
107.813580728263
108.064265222164
108.314949716069
108.565634207351
108.816318701263
109.067003195178
109.317687686468
109.568372180389
109.819056674311
110.069741165611
110.320425659541
110.571110153474
110.821794647407
111.072479138720
111.323163632662
111.573848126607
111.824532617926
112.075217111877
112.325901605830
112.576586097160
112.827270591120
113.077955085083
113.328639576421
113.579324070390
113.830008564360
114.080693055709
114.331377549687
114.582062043666
114.832746537650
115.083431029010
115.334115522998
115.584800016991
115.835484508359
116.086169002358
116.336853496359
116.587537987736
116.838222481744
117.088906975754
117.339591467140
117.590275961156
117.840960455174
118.091644949197
118.342329440594
118.593013934623
118.843698428654
119.094382920062
119.345067414098
119.595751908138
119.846436399553
120.097120893601
120.347805387650
120.598489879074
120.849174373129
121.099858867187
121.350543358620
121.601227852682
121.851912346749
122.102596840819
122.353281332264
122.603965826339
122.854650320418
123.105334811871
123.356019305956
123.606703800043
123.857388291506
124.108072785599
124.358757279695
124.609441771166
124.860126265267
125.110810759372
125.361495250853
125.612179744963
125.862864239077
126.113548733194
126.364233224685
126.614917718808
126.865602212933
127.116286704433
127.366971198565
127.617655692699
127.868340184208
128.119024678348
128.369709172490
128.620393664009
128.871078158157
129.121762652308
129.372447146463
129.623131637992
129.873816132153
130.124500626316
130.375185117855
130.625869612024
130.876554106194
131.127238597743
131.377923091921
131.628607586100
131.879292077657
132.129976571844
132.380661066032
132.631345557597
132.882030051793
133.132714545989
133.383399040190
133.634083531768
133.884768025973
134.135452520183
134.386137011769
134.636821505982
134.887506000201
135.138190491794
135.388874986018
135.639559480243
135.890243971847
136.140928466079
136.391612960313
136.642297451925
136.892981946167
137.143666440409
137.394350934656
137.645035426280
137.895719920531
138.146404414786
138.397088906418
138.647773400678
138.898457894942
139.149142386583
139.399826880851
139.650511375124
139.901195866773
140.151880361050
140.402564855331
140.653249349614
140.903933841275
141.154618335563
141.405302829856
141.655987321525
141.906671815821
142.157356310123
142.408040801800
142.658725296106
142.909409790415
143.160094282101
143.410778776415
143.661463270734
143.912147762428
144.162832256751
144.413516751077
144.664201245406
144.914885737111
145.165570231447
145.416254725783
145.666939217497
145.917623711841
146.168308206186
146.418992697909
146.669677192261
146.920361686615
147.171046178346
147.421730672705
147.672415167068
147.923099658808
148.173784153176
148.424468647548
148.675153141921
148.925837633672
149.176522128052
149.427206622433
149.677891114193
149.928575608581
150.179260102971
150.429944594739
150.680629089136
150.931313583535
151.181998075311
151.432682569716
151.683367064123
151.934051558534
152.184736050321
152.435420544736
152.686105039156
152.936789530950
153.187474025375
153.438158519803
153.688843011605
153.939527506038
154.190212000473
154.440896492285
154.691580986727
154.942265481170
155.192949972990
155.443634467440
155.694318961892
155.945003456347
156.195687948179
156.446372442638
156.697056937102
156.947741428942
157.198425923410
157.449110417882
157.699794909731
157.950479404207
158.201163898687
158.451848390544
158.702532885028
158.953217379517
159.203901871380
159.454586365874
159.705270860369
159.955955354869
160.206639846745
160.457324341249
160.708008835757
160.958693327641
161.209377822152
161.460062316669
161.710746808561
161.961431303081
162.212115797605
162.462800289504
162.713484784034
162.964169278567
163.214853773100
163.465538265012
163.716222759553
163.966907254094
164.217591746014
164.468276240563
164.718960735113
164.969645227041
165.220329721596
165.471014216156
165.721698708090
165.972383202656
166.223067697224
166.473752189166
166.724436683740
166.975121178316
167.225805672893
167.476490164848
167.727174659432
167.977859154017
168.228543645979
168.479228140571
168.729912635166
168.980597127136
169.231281621736
169.481966116339
169.732650608317
169.983335102926
170.234019597537
170.484704089523
170.735388584139
170.986073078759
171.236757573381
171.487442065375
171.738126560003
171.988811054633
172.239495546637
172.490180041273
172.740864535911
172.991549027924
173.242233522567
173.492918017213
173.743602509234
173.994287003885
174.244971498540
174.495655993196
174.746340485228
174.997024979888
175.247709474553
175.498393966594
175.749078461263
175.999762955936
176.250447447984
176.501131942661
176.751816437342
177.002500929399
177.253185424083
177.503869918772
177.754554410835
178.005238905529
178.255923400225
178.506607894924
178.757292386999
179.007976881703
179.258661376410
179.509345868493
179.760030363204
180.010714857920
 69.0
    0.0
