2459726.4604167   1.785655532678   8.923043429089       1.1853739410
2459726.4611111   1.785706816549   8.923328379618       1.1853786963
2459726.4618056   1.785758100520   8.923613329040       1.1853834515
2459726.4625000   1.785809384592   8.923898277361       1.1853882067
2459726.4631944   1.785860668763   8.924183224578       1.1853929619
2459726.4638889   1.785911953034   8.924468170688       1.1853977171
2459726.4645833   1.785963237406   8.924753115697       1.1854024723
2459726.4652778   1.786014521878   8.925038059602       1.1854072274
2459726.4659722   1.786065806450   8.925323002403       1.1854119826
2459726.4666667   1.786117091122   8.925607944097       1.1854167377
2459726.4673611   1.786168375894   8.925892884689       1.1854214928
2459726.4680556   1.786219660767   8.926177824177       1.1854262479
2459726.4687500   1.786270945739   8.926462762557       1.1854310030
2459726.4694444   1.786322230811   8.926747699836       1.1854357581
2459726.4701389   1.786373515984   8.927032636010       1.1854405131
2459726.4708333   1.786424801257   8.927317571077       1.1854452682
2459726.4715278   1.786476086630   8.927602505041       1.1854500232
2459726.4722222   1.786527372104   8.927887437902       1.1854547782
2459726.4729167   1.786578657677   8.928172369654       1.1854595332
2459726.4736111   1.786629943350   8.928457300304       1.1854642882
2459726.4743056   1.786681229124   8.928742229850       1.1854690432
2459726.4750000   1.786732514998   8.929027158287       1.1854737981
2459726.4756944   1.786783800972   8.929312085622       1.1854785531
2459726.4763889   1.786835087046   8.929597011852       1.1854833080
2459726.4770833   1.786886373221   8.929881936977       1.1854880629
2459726.4777778   1.786937659495   8.930166860994       1.1854928178
2459726.4784722   1.786988945870   8.930451783908       1.1854975727
2459726.4791667   1.787040232345   8.930736705717       1.1855023275
2459726.4798611   1.787091518920   8.931021626417       1.1855070824
2459726.4805556   1.787142805595   8.931306546015       1.1855118372
2459726.4812500   1.787194092371   8.931591464507       1.1855165920
2459726.4819444   1.787245379246   8.931876381891       1.1855213468
2459726.4826389   1.787296666237   8.932161298261       1.1855261016
2459726.4833333   1.787347953313   8.932446213436       1.1855308564
2459726.4840278   1.787399240489   8.932731127502       1.1855356112
2459726.4847222   1.787450527766   8.933016040466       1.1855403659
2459726.4854167   1.787501815142   8.933300952323       1.1855451206
2459726.4861111   1.787553102619   8.933585863071       1.1855498754
2459726.4868056   1.787604390196   8.933870772716       1.1855546301
2459726.4875000   1.787655677873   8.934155681254       1.1855593847
2459726.4881944   1.787706965651   8.934440588687       1.1855641394
2459726.4888889   1.787758253528   8.934725495010       1.1855688941
2459726.4895833   1.787809541506   8.935010400230       1.1855736487
2459726.4902778   1.787860829584   8.935295304343       1.1855784033
2459726.4909722   1.787912117762   8.935580207347       1.1855831580
2459726.4916667   1.787963406041   8.935865109247       1.1855879126
2459726.4923611   1.788014694420   8.936150010040       1.1855926671
2459726.4930556   1.788065982898   8.936434909724       1.1855974217
2459726.4937500   1.788117271478   8.936719808304       1.1856021763
2459726.4944444   1.788168560157   8.937004705777       1.1856069308
2459726.4951389   1.788219848937   8.937289602141       1.1856116853
2459726.4958333   1.788271137817   8.937574497400       1.1856164398
2459726.4965278   1.788322426797   8.937859391552       1.1856211943
2459726.4972222   1.788373715877   8.938144284597       1.1856259488
2459726.4979167   1.788425005058   8.938429176532       1.1856307033
2459726.4986111   1.788476294338   8.938714067363       1.1856354577
2459726.4993056   1.788527583720   8.938998957087       1.1856402122
2459726.5000000   1.788578873201   8.939283845700       1.1856449666
2459726.5006944   1.788630162782   8.939568733208       1.1856497210
2459726.5013889   1.788681452464   8.939853619610       1.1856544754
2459726.5020833   1.788732742246   8.940138504900       1.1856592298
2459726.5027778   1.788784032128   8.940423389086       1.1856639841
2459726.5034722   1.788835322111   8.940708272165       1.1856687385
2459726.5041667   1.788886612193   8.940993154132       1.1856734928
2459726.5048611   1.788937902377   8.941278034995       1.1856782471
2459726.5055556   1.788989192675   8.941562914840       1.1856830014
2459726.5062500   1.789040483058   8.941847793484       1.1856877557
2459726.5069444   1.789091773542   8.942132671023       1.1856925100
2459726.5076389   1.789143064126   8.942417547454       1.1856972642
2459726.5083333   1.789194354811   8.942702422776       1.1857020185
2459726.5090278   1.789245645595   8.942987296988       1.1857067727
2459726.5097222   1.789296936480   8.943272170094       1.1857115269
2459726.5104167   1.789348227466   8.943557042092       1.1857162811
2459726.5111111   1.789399518551   8.943841912979       1.1857210353
2459726.5118056   1.789450809737   8.944126782760       1.1857257895
2459726.5125000   1.789502101023   8.944411651432       1.1857305436
2459726.5131944   1.789553392409   8.944696518993       1.1857352978
2459726.5138889   1.789604683896   8.944981385449       1.1857400519
2459726.5145833   1.789655975483   8.945266250795       1.1857448060
2459726.5152778   1.789707267170   8.945551115030       1.1857495601
2459726.5159722   1.789758558957   8.945835978159       1.1857543142
2459726.5166667   1.789809850845   8.946120840179       1.1857590683
2459726.5173611   1.789861142833   8.946405701087       1.1857638223
2459726.5180556   1.789912434921   8.946690560889       1.1857685764
2459726.5187500   1.789963727110   8.946975419582       1.1857733304
2459726.5194444   1.790015019399   8.947260277166       1.1857780844
2459726.5201389   1.790066311788   8.947545133637       1.1857828384
2459726.5208333   1.790117604278   8.947829989003       1.1857875924
2459726.5215278   1.790168896868   8.948114843258       1.1857923463
2459726.5222222   1.790220189558   8.948399696402       1.1857971003
2459726.5229167   1.790271482349   8.948684548439       1.1858018542
2459726.5236111   1.790322775240   8.948969399366       1.1858066081
2459726.5243056   1.790374068231   8.949254249181       1.1858113620
2459726.5250000   1.790425361337   8.949539097979       1.1858161159
2459726.5256944   1.790476654529   8.949823945577       1.1858208698
2459726.5263889   1.790527947821   8.950108792063       1.1858256237
2459726.5270833   1.790579241214   8.950393637441       1.1858303775
2459726.5277778   1.790630534707   8.950678481710       1.1858351313
2459726.5284722   1.790681828300   8.950963324869       1.1858398852
2459726.5291667   1.790733121993   8.951248166914       1.1858446390
2459726.5298611   1.790784415787   8.951533007853       1.1858493928
2459726.5305556   1.790835709681   8.951817847681       1.1858541465
2459726.5312500   1.790887003675   8.952102686396       1.1858589003
2459726.5319444   1.790938297770   8.952387524004       1.1858636540
2459726.5326389   1.790989591966   8.952672360501       1.1858684078
2459726.5333333   1.791040886261   8.952957195885       1.1858731615
2459726.5340278   1.791092180657   8.953242030161       1.1858779152
2459726.5347222   1.791143475153   8.953526863327       1.1858826688
2459726.5354167   1.791194769750   8.953811695379       1.1858874225
2459726.5361111   1.791246064447   8.954096526323       1.1858921762
2459726.5368056   1.791297359244   8.954381356156       1.1858969298
2459726.5375000   1.791348654141   8.954666184876       1.1859016834
2459726.5381944   1.791399949140   8.954951012488       1.1859064370
2459726.5388889   1.791451244238   8.955235838988       1.1859111906
2459726.5395833   1.791502539437   8.955520664378       1.1859159442
2459726.5402778   1.791553834736   8.955805488654       1.1859206978
2459726.5409722   1.791605130136   8.956090311821       1.1859254513
2459726.5416667   1.791656425636   8.956375133877       1.1859302049
2459726.5423611   1.791707721251   8.956659954909       1.1859349584
2459726.5430556   1.791759016951   8.956944774743       1.1859397119
2459726.5437500   1.791810312752   8.957229593465       1.1859444654
2459726.5444444   1.791861608654   8.957514411072       1.1859492189
2459726.5451389   1.791912904655   8.957799227571       1.1859539723
2459726.5458333   1.791964200758   8.958084042959       1.1859587258
2459726.5465278   1.792015496960   8.958368857231       1.1859634792
2459726.5472222   1.792066793263   8.958653670395       1.1859682326
2459726.5479167   1.792118089667   8.958938482447       1.1859729860
2459726.5486111   1.792169386170   8.959223293385       1.1859777394
2459726.5493056   1.792220682774   8.959508103213       1.1859824928
2459726.5500000   1.792271979479   8.959792911929       1.1859872462
2459726.5506944   1.792323276284   8.960077719533       1.1859919995
2459726.5513889   1.792374573189   8.960362526022       1.1859967528
2459726.5520833   1.792425870195   8.960647331402       1.1860015061
2459726.5527778   1.792477167301   8.960932135670       1.1860062594
2459726.5534722   1.792528464508   8.961216938822       1.1860110127
2459726.5541667   1.792579761815   8.961501740865       1.1860157660
2459726.5548611   1.792631059222   8.961786541795       1.1860205193
2459726.5555556   1.792682356730   8.962071341610       1.1860252725
2459726.5562500   1.792733654338   8.962356140315       1.1860300257
2459726.5569444   1.792784952047   8.962640937908       1.1860347789
2459726.5576389   1.792836249871   8.962925734474       1.1860395321
2459726.5583333   1.792887547780   8.963210529841       1.1860442853
2459726.5590278   1.792938845790   8.963495324096       1.1860490385
2459726.5597222   1.792990143901   8.963780117237       1.1860537916
2459726.5604167   1.793041442111   8.964064909262       1.1860585448
2459726.5611111   1.793092740423   8.964349700177       1.1860632979
2459726.5618056   1.793144038835   8.964634489979       1.1860680510
2459726.5625000   1.793195337346   8.964919278665       1.1860728041
2459726.5631944   1.793246635959   8.965204066241       1.1860775572
2459726.5638889   1.793297934672   8.965488852703       1.1860823102
2459726.5645833   1.793349233485   8.965773638049       1.1860870633
2459726.5652778   1.793400532399   8.966058422285       1.1860918163
2459726.5659722   1.793451831414   8.966343205407       1.1860965693
2459726.5666667   1.793503130528   8.966627987413       1.1861013224
2459726.5673611   1.793554429744   8.966912768307       1.1861060753
2459726.5680556   1.793605729060   8.967197548089       1.1861108283
2459726.5687500   1.793657028476   8.967482326753       1.1861155813
2459726.5694444   1.793708327992   8.967767104307       1.1861203342
2459726.5701389   1.793759627610   8.968051880746       1.1861250872
2459726.5708333   1.793810927327   8.968336656072       1.1861298401
2459726.5715278   1.793862227145   8.968621430281       1.1861345930
2459726.5722222   1.793913527079   8.968906203468       1.1861393459
2459726.5729167   1.793964827098   8.969190975452       1.1861440987
2459726.5736111   1.794016127217   8.969475746318       1.1861488516
2459726.5743056   1.794067427437   8.969760516073       1.1861536044
2459726.5750000   1.794118727757   8.970045284714       1.1861583573
2459726.5756944   1.794170028178   8.970330052237       1.1861631101
2459726.5763889   1.794221328699   8.970614818649       1.1861678629
2459726.5770833   1.794272629321   8.970899583946       1.1861726157
2459726.5777778   1.794323930043   8.971184348126       1.1861773684
2459726.5784722   1.794375230866   8.971469111194       1.1861821212
2459726.5791667   1.794426531790   8.971753873147       1.1861868739
2459726.5798611   1.794477832813   8.972038633982       1.1861916266
2459726.5805556   1.794529133938   8.972323393706       1.1861963793
2459726.5812500   1.794580435163   8.972608152315       1.1862011320
2459726.5819444   1.794631736488   8.972892909808       1.1862058847
2459726.5826389   1.794683037914   8.973177666184       1.1862106374
2459726.5833333   1.794734339440   8.973462421447       1.1862153900
2459726.5840278   1.794785641067   8.973747175596       1.1862201427
2459726.5847222   1.794836942794   8.974031928626       1.1862248953
2459726.5854167   1.794888244637   8.974316680634       1.1862296479
2459726.5861111   1.794939546566   8.974601431436       1.1862344005
2459726.5868056   1.794990848594   8.974886181120       1.1862391531
2459726.5875000   1.795042150724   8.975170929691       1.1862439056
2459726.5881944   1.795093452954   8.975455677147       1.1862486582
2459726.5888889   1.795144755284   8.975740423485       1.1862534107
2459726.5895833   1.795196057715   8.976025168709       1.1862581632
2459726.5902778   1.795247360247   8.976309912818       1.1862629157
2459726.5909722   1.795298662879   8.976594655811       1.1862676682
2459726.5916667   1.795349965611   8.976879397685       1.1862724207
2459726.5923611   1.795401268444   8.977164138446       1.1862771732
2459726.5930556   1.795452571378   8.977448878091       1.1862819256
2459726.5937500   1.795503874412   8.977733616617       1.1862866780
2459726.5944444   1.795555177546   8.978018354030       1.1862914304
2459726.5951389   1.795606480782   8.978303090326       1.1862961828
2459726.5958333   1.795657784117   8.978587825504       1.1863009352
2459726.5965278   1.795709087554   8.978872559568       1.1863056876
2459726.5972222   1.795760391091   8.979157292515       1.1863104399
2459726.5979167   1.795811694743   8.979442024433       1.1863151923
2459726.5986111   1.795862998481   8.979726755148       1.1863199446
2459726.5993056   1.795914302320   8.980011484746       1.1863246969
2459726.6000000   1.795965606258   8.980296213224       1.1863294492
2459726.6006944   1.796016910298   8.980580940589       1.1863342015
2459726.6013889   1.796068214438   8.980865666837       1.1863389538
2459726.6020833   1.796119518679   8.981150391967       1.1863437060
2459726.6027778   1.796170823020   8.981435115978       1.1863484583
2459726.6034722   1.796222127462   8.981719838875       1.1863532105
2459726.6041667   1.796273432005   8.982004560655       1.1863579627
2459726.6048611   1.796324736648   8.982289281315       1.1863627149
2459726.6055556   1.796376041391   8.982574000861       1.1863674671
2459726.6062500   1.796427346236   8.982858719289       1.1863722192
2459726.6069444   1.796478651180   8.983143436597       1.1863769714
2459726.6076389   1.796529956226   8.983428152791       1.1863817235
2459726.6083333   1.796581261372   8.983712867867       1.1863864756
2459726.6090278   1.796632566618   8.983997581822       1.1863912277
2459726.6097222   1.796683871980   8.984282294754       1.1863959798
2459726.6104167   1.796735177428   8.984567006477       1.1864007319
2459726.6111111   1.796786482976   8.984851717080       1.1864054839
2459726.6118056   1.796837788625   8.985136426568       1.1864102360
2459726.6125000   1.796889094375   8.985421134938       1.1864149880
2459726.6131944   1.796940400225   8.985705842190       1.1864197400
2459726.6138889   1.796991706175   8.985990548322       1.1864244920
2459726.6145833   1.797043012226   8.986275253338       1.1864292440
2459726.6152778   1.797094318379   8.986559957236       1.1864339960
2459726.6159722   1.797145624631   8.986844660013       1.1864387480
2459726.6166667   1.797196930984   8.987129361675       1.1864434999
2459726.6173611   1.797248237438   8.987414062218       1.1864482518
2459726.6180556   1.797299543992   8.987698761641       1.1864530037
2459726.6187500   1.797350850647   8.987983459947       1.1864577556
2459726.6194444   1.797402157402   8.988268157136       1.1864625075
2459726.6201389   1.797453464258   8.988552853202       1.1864672594
2459726.6208333   1.797504771230   8.988837548244       1.1864720112
2459726.6215278   1.797556078288   8.989122242076       1.1864767631
2459726.6222222   1.797607385446   8.989406934790       1.1864815149
2459726.6229167   1.797658692704   8.989691626382       1.1864862667
2459726.6236111   1.797710000064   8.989976316858       1.1864910185
2459726.6243056   1.797761307524   8.990261006215       1.1864957703
2459726.6250000   1.797812615084   8.990545694450       1.1865005220
2459726.6256944   1.797863922745   8.990830381569       1.1865052738
2459726.6263889   1.797915230507   8.991115067569       1.1865100255
2459726.6270833   1.797966538369   8.991399752447       1.1865147772
2459726.6277778   1.798017846333   8.991684436208       1.1865195290
2459726.6284722   1.798069154397   8.991969118850       1.1865242806
2459726.6291667   1.798120462561   8.992253800370       1.1865290323
2459726.6298611   1.798171770826   8.992538480773       1.1865337840
2459726.6305556   1.798223079192   8.992823160057       1.1865385356
2459726.6312500   1.798274387673   8.993107838308       1.1865432873
2459726.6319444   1.798325696240   8.993392515353       1.1865480389
2459726.6326389   1.798377004908   8.993677191278       1.1865527905
2459726.6333333   1.798428313676   8.993961866083       1.1865575421
2459726.6340278   1.798479622545   8.994246539765       1.1865622936
2459726.6347222   1.798530931515   8.994531212330       1.1865670452
2459726.6354167   1.798582240585   8.994815883776       1.1865717967
2459726.6361111   1.798633549756   8.995100554098       1.1865765483
2459726.6368056   1.798684859028   8.995385223303       1.1865812998
2459726.6375000   1.798736168400   8.995669891389       1.1865860513
2459726.6381944   1.798787477873   8.995954558350       1.1865908028
2459726.6388889   1.798838787447   8.996239224195       1.1865955542
2459726.6395833   1.798890097121   8.996523888919       1.1866003057
2459726.6402778   1.798941406896   8.996808552520       1.1866050571
2459726.6409722   1.798992716772   8.997093215003       1.1866098085
2459726.6416667   1.799044026764   8.997377876456       1.1866145600
2459726.6423611   1.799095336840   8.997662536695       1.1866193113
2459726.6430556   1.799146647018   8.997947195817       1.1866240627
2459726.6437500   1.799197957297   8.998231853818       1.1866288141
2459726.6444444   1.799249267676   8.998516510697       1.1866335654
2459726.6451389   1.799300578156   8.998801166454       1.1866383168
2459726.6458333   1.799351888737   8.999085821092       1.1866430681
2459726.6465278   1.799403199418   8.999370474609       1.1866478194
2459726.6472222   1.799454510200   8.999655127002       1.1866525707
2459726.6479167   1.799505821083   8.999939778277       1.1866573220
2459726.6486111   1.799557132066   9.000224428430       1.1866620732
2459726.6493056   1.799608443150   9.000509077460       1.1866668245
2459726.6500000   1.799659754335   9.000793725371       1.1866715757
2459726.6506944   1.799711065621   9.001078372161       1.1866763269
2459726.6513889   1.799762377022   9.001363017916       1.1866810781
2459726.6520833   1.799813688509   9.001647662463       1.1866858293
2459726.6527778   1.799865000097   9.001932305888       1.1866905805
2459726.6534722   1.799916311785   9.002216948192       1.1866953317
2459726.6541667   1.799967623574   9.002501589371       1.1867000828
2459726.6548611   1.800018935464   9.002786229431       1.1867048339
2459726.6555556   1.800070247455   9.003070868369       1.1867095850
2459726.6562500   1.800121559546   9.003355506182       1.1867143361
2459726.6569444   1.800172871738   9.003640142876       1.1867190872
2459726.6576389   1.800224184031   9.003924778449       1.1867238383
2459726.6583333   1.800275496425   9.004209412896       1.1867285894
2459726.6590278   1.800326808919   9.004494046224       1.1867333404
2459726.6597222   1.800378121514   9.004778678430       1.1867380914
2459726.6604167   1.800429434210   9.005063309510       1.1867428424
2459726.6611111   1.800480747021   9.005347939562       1.1867475934
2459726.6618056   1.800532059919   9.005632568400       1.1867523444
2459726.6625000   1.800583372917   9.005917196114       1.1867570954
2459726.6631944   1.800634686016   9.006201822707       1.1867618463
2459726.6638889   1.800685999215   9.006486448178       1.1867665973
2459726.6645833   1.800737312516   9.006771072527       1.1867713482
2459726.6652778   1.800788625917   9.007055695749       1.1867760991
2459726.6659722   1.800839939419   9.007340317852       1.1867808500
2459726.6666667   1.800891253021   9.007624938832       1.1867856009
2459726.6673611   1.800942566724   9.007909558686       1.1867903517
2459726.6680556   1.800993880529   9.008194177420       1.1867951026
2459726.6687500   1.801045194434   9.008478795031       1.1867998534
2459726.6694444   1.801096508439   9.008763411516       1.1868046042
2459726.6701389   1.801147822561   9.009048026970       1.1868093550
2459726.6708333   1.801199136768   9.009332641212       1.1868141058
2459726.6715278   1.801250451076   9.009617254327       1.1868188566
2459726.6722222   1.801301765485   9.009901866321       1.1868236074
2459726.6729167   1.801353079995   9.010186477192       1.1868283581
2459726.6736111   1.801404394605   9.010471086937       1.1868331088
2459726.6743056   1.801455709316   9.010755695561       1.1868378595
2459726.6750000   1.801507024128   9.011040303061       1.1868426102
2459726.6756944   1.801558339041   9.011324909438       1.1868473609
2459726.6763889   1.801609654054   9.011609514688       1.1868521116
2459726.6770833   1.801660969169   9.011894118817       1.1868568623
2459726.6777778   1.801712284384   9.012178721822       1.1868616129
2459726.6784722   1.801763599700   9.012463323700       1.1868663635
2459726.6791667   1.801814915131   9.012747924547       1.1868711141
2459726.6798611   1.801866230649   9.013032524180       1.1868758647
2459726.6805556   1.801917546267   9.013317122686       1.1868806153
2459726.6812500   1.801968861986   9.013601720071       1.1868853659
2459726.6819444   1.802020177807   9.013886316331       1.1868901164
2459726.6826389   1.802071493727   9.014170911464       1.1868948670
2459726.6833333   1.802122809749   9.014455505476       1.1868996175
2459726.6840278   1.802174125871   9.014740098363       1.1869043680
2459726.6847222   1.802225442095   9.015024690125       1.1869091185
2459726.6854167   1.802276758419   9.015309280760       1.1869138690
2459726.6861111   1.802328074844   9.015593870273       1.1869186194
2459726.6868056   1.802379391370   9.015878458661       1.1869233699
2459726.6875000   1.802430708011   9.016163046012       1.1869281203
2459726.6881944   1.802482024738   9.016447632151       1.1869328707
2459726.6888889   1.802533341567   9.016732217164       1.1869376211
2459726.6895833   1.802584658495   9.017016801050       1.1869423715
2459726.6902778   1.802635975525   9.017301383814       1.1869471219
2459726.6909722   1.802687292656   9.017585965452       1.1869518723
2459726.6916667   1.802738609888   9.017870545963       1.1869566226
2459726.6923611   1.802789927220   9.018155125351       1.1869613729
2459726.6930556   1.802841244654   9.018439703613       1.1869661233
2459726.6937500   1.802892562187   9.018724280748       1.1869708736
2459726.6944444   1.802943879823   9.019008856760       1.1869756238
2459726.6951389   1.802995197559   9.019293431646       1.1869803741
2459726.6958333   1.803046515395   9.019578005407       1.1869851244
2459726.6965278   1.803097833348   9.019862578129       1.1869898746
2459726.6972222   1.803149151386   9.020147149638       1.1869946248
2459726.6979167   1.803200469526   9.020431720022       1.1869993751
2459726.6986111   1.803251787765   9.020716289276       1.1870041253
2459726.6993056   1.803303106107   9.021000857408       1.1870088754
2459726.7000000   1.803354424549   9.021285424414       1.1870136256
2459726.7006944   1.803405743091   9.021569990291       1.1870183758
2459726.7013889   1.803457061735   9.021854555044       1.1870231259
2459726.7020833   1.803508380479   9.022139118672       1.1870278760
2459726.7027778   1.803559699324   9.022423681170       1.1870326261
2459726.7034722   1.803611018271   9.022708242545       1.1870373762
2459726.7041667   1.803662337333   9.022992802884       1.1870421263
2459726.7048611   1.803713656481   9.023277362003       1.1870468764
2459726.7055556   1.803764975730   9.023561919998       1.1870516264
2459726.7062500   1.803816295080   9.023846476868       1.1870563765
2459726.7069444   1.803867614531   9.024131032610       1.1870611265
2459726.7076389   1.803918934082   9.024415587223       1.1870658765
2459726.7083333   1.803970253734   9.024700140712       1.1870706265
2459726.7090278   1.804021573488   9.024984693074       1.1870753764
2459726.7097222   1.804072893342   9.025269244306       1.1870801264
2459726.7104167   1.804124213297   9.025553794415       1.1870848764
2459726.7111111   1.804175533353   9.025838343396       1.1870896263
2459726.7118056   1.804226853510   9.026122891247       1.1870943762
2459726.7125000   1.804278173783   9.026407438064       1.1870991261
2459726.7131944   1.804329494142   9.026691983664       1.1871038760
2459726.7138889   1.804380814601   9.026976528134       1.1871086259
2459726.7145833   1.804432135162   9.027261071479       1.1871133757
2459726.7152778   1.804483455824   9.027545613697       1.1871181256
2459726.7159722   1.804534776586   9.027830154787       1.1871228754
2459726.7166667   1.804586097449   9.028114694747       1.1871276252
2459726.7173611   1.804637418414   9.028399233582       1.1871323750
2459726.7180556   1.804688739479   9.028683771290       1.1871371248
2459726.7187500   1.804740060645   9.028968307867       1.1871418746
2459726.7194444   1.804791381912   9.029252843319       1.1871466243
2459726.7201389   1.804842703295   9.029537377733       1.1871513740
2459726.7208333   1.804894024764   9.029821910927       1.1871561238
2459726.7215278   1.804945346334   9.030106442995       1.1871608735
2459726.7222222   1.804996668005   9.030390973935       1.1871656232
2459726.7229167   1.805047989776   9.030675503744       1.1871703729
2459726.7236111   1.805099311649   9.030960032428       1.1871751225
2459726.7243056   1.805150633623   9.031244559984       1.1871798722
2459726.7250000   1.805201955697   9.031529086409       1.1871846218
2459726.7256944   1.805253277873   9.031813611708       1.1871893714
2459726.7263889   1.805304600150   9.032098135878       1.1871941210
2459726.7270833   1.805355922527   9.032382658920       1.1871988706
2459726.7277778   1.805407245020   9.032667180921       1.1872036202
2459726.7284722   1.805458567600   9.032951701706       1.1872083698
2459726.7291667   1.805509890280   9.033236221362       1.1872131193
2459726.7298611   1.805561213061   9.033520739887       1.1872178688
2459726.7305556   1.805612535944   9.033805257285       1.1872226184
2459726.7312500   1.805663858927   9.034089773555       1.1872273679
2459726.7319444   1.805715182011   9.034374288693       1.1872321174
2459726.7326389   1.805766505196   9.034658802704       1.1872368668
2459726.7333333   1.805817828482   9.034943315587       1.1872416163
2459726.7340278   1.805869151869   9.035227827338       1.1872463657
2459726.7347222   1.805920475357   9.035512337962       1.1872511152
2459726.7354167   1.805971798962   9.035796847547       1.1872558646
2459726.7361111   1.806023122651   9.036081355910       1.1872606140
2459726.7368056   1.806074446442   9.036365863146       1.1872653634
2459726.7375000   1.806125770335   9.036650369253       1.1872701127
2459726.7381944   1.806177094328   9.036934874230       1.1872748621
2459726.7388889   1.806228418421   9.037219378075       1.1872796114
2459726.7395833   1.806279742617   9.037503880793       1.1872843607
2459726.7402778   1.806331066913   9.037788382381       1.1872891100
2459726.7409722   1.806382391309   9.038072882837       1.1872938593
2459726.7416667   1.806433715807   9.038357382165       1.1872986086
2459726.7423611   1.806485040407   9.038641880364       1.1873033579
2459726.7430556   1.806536365121   9.038926377520       1.1873081071
2459726.7437500   1.806587689922   9.039210873458       1.1873128564
2459726.7444444   1.806639014824   9.039495368267       1.1873176056
2459726.7451389   1.806690339827   9.039779861942       1.1873223548
2459726.7458333   1.806741664931   9.040064354490       1.1873271040
2459726.7465278   1.806792990136   9.040348845908       1.1873318532
2459726.7472222   1.806844315443   9.040633336195       1.1873366023
2459726.7479167   1.806895640849   9.040917825349       1.1873413515
2459726.7486111   1.806946966357   9.041202313376       1.1873461006
2459726.7493056   1.806998291967   9.041486800272       1.1873508497
2459726.7500000   1.807049617691   9.041771286124       1.1873555988
2459726.7506944   1.807100943503   9.042055770759       1.1873603479
2459726.7513889   1.807152269415   9.042340254262       1.1873650970
2459726.7520833   1.807203595428   9.042624736632       1.1873698461
2459726.7527778   1.807254921542   9.042909217874       1.1873745951
2459726.7534722   1.807306247758   9.043193697985       1.1873793441
2459726.7541667   1.807357574074   9.043478176963       1.1873840931
2459726.7548611   1.807408900491   9.043762654811       1.1873888421
2459726.7555556   1.807460227010   9.044047131529       1.1873935911
2459726.7562500   1.807511553629   9.044331607113       1.1873983401
2459726.7569444   1.807562880364   9.044616081658       1.1874030891
2459726.7576389   1.807614207186   9.044900554982       1.1874078380
2459726.7583333   1.807665534109   9.045185027175       1.1874125869
2459726.7590278   1.807716861132   9.045469498233       1.1874173358
2459726.7597222   1.807768188257   9.045753968162       1.1874220847
2459726.7604167   1.807819515483   9.046038436960       1.1874268336
2459726.7611111   1.807870842809   9.046322904624       1.1874315825
2459726.7618056   1.807922170237   9.046607371158       1.1874363313
2459726.7625000   1.807973497766   9.046891836561       1.1874410802
2459726.7631944   1.808024825396   9.047176300829       1.1874458290
2459726.7638889   1.808076153142   9.047460764058       1.1874505778
2459726.7645833   1.808127480974   9.047745226065       1.1874553266
2459726.7652778   1.808178808907   9.048029686936       1.1874600754
2459726.7659722   1.808230136942   9.048314146679       1.1874648241
2459726.7666667   1.808281465077   9.048598605290       1.1874695729
2459726.7673611   1.808332793313   9.048883062765       1.1874743216
2459726.7680556   1.808384121651   9.049167519111       1.1874790703
2459726.7687500   1.808435450090   9.049451974325       1.1874838190
2459726.7694444   1.808486778630   9.049736428406       1.1874885677
2459726.7701389   1.808538107270   9.050020881351       1.1874933164
2459726.7708333   1.808589436027   9.050305333257       1.1874980650
2459726.7715278   1.808640764870   9.050589783941       1.1875028137
2459726.7722222   1.808692093814   9.050874233489       1.1875075623
2459726.7729167   1.808743422859   9.051158681906       1.1875123109
2459726.7736111   1.808794752005   9.051443129192       1.1875170595
2459726.7743056   1.808846081252   9.051727575341       1.1875218081
2459726.7750000   1.808897410601   9.052012020360       1.1875265567
2459726.7756944   1.808948740051   9.052296464246       1.1875313052
2459726.7763889   1.809000069601   9.052580906996       1.1875360538
2459726.7770833   1.809051399268   9.052865348706       1.1875408023
2459726.7777778   1.809102729021   9.053149789193       1.1875455508
2459726.7784722   1.809154058875   9.053434228546       1.1875502993
2459726.7791667   1.809205388830   9.053718666764       1.1875550478
2459726.7798611   1.809256718886   9.054003103850       1.1875597963
2459726.7805556   1.809308049044   9.054287539803       1.1875645447
2459726.7812500   1.809359379302   9.054571974620       1.1875692932
2459726.7819444   1.809410709661   9.054856408306       1.1875740416
2459726.7826389   1.809462040122   9.055140840858       1.1875787900
2459726.7833333   1.809513370684   9.055425272274       1.1875835384
2459726.7840278   1.809564701362   9.055709702649       1.1875882868
2459726.7847222   1.809616032126   9.055994131800       1.1875930351
2459726.7854167   1.809667362991   9.056278559814       1.1875977835
2459726.7861111   1.809718693958   9.056562986697       1.1876025318
2459726.7868056   1.809770025025   9.056847412446       1.1876072801
2459726.7875000   1.809821356194   9.057131837057       1.1876120284
2459726.7881944   1.809872687463   9.057416260538       1.1876167767
2459726.7888889   1.809924018835   9.057700682884       1.1876215250
2459726.7895833   1.809975350307   9.057985104096       1.1876262733
2459726.7902778   1.810026681895   9.058269524261       1.1876310215
2459726.7909722   1.810078013569   9.058553943204       1.1876357697
2459726.7916667   1.810129345345   9.058838361013       1.1876405179
2459726.7923611   1.810180677221   9.059122777684       1.1876452661
2459726.7930556   1.810232009199   9.059407193223       1.1876500143
2459726.7937500   1.810283341278   9.059691607628       1.1876547625
