219.830402949033
220.081087434166
220.331771916678
220.582456401822
220.833140886969
221.083825369498
221.334509854659
221.585194339826
221.835878824998
222.086563307550
222.337247792730
222.587932277920
222.838616760489
223.089301245690
223.339985730896
223.590670213482
223.841354698697
224.092039183920
224.342723666523
224.593408151758
224.844092636998
225.094777119615
225.345461604866
225.596146090124
225.846830575387
226.097515058030
226.348199543301
226.598884028581
226.849568511240
227.100252996532
227.350937481829
227.601621964505
227.852306449810
228.102990935124
228.353675417817
228.604359903142
228.855044388473
229.105728871183
229.356413356522
229.607097841870
229.857782327224
230.108466809956
230.359151295321
230.609835780688
230.860520263438
231.111204748819
231.361889234207
231.612573716973
231.863258202368
232.113942687772
232.364627170556
232.615311655971
232.865996141392
233.116680626815
233.367365109621
233.618049595059
233.868734080502
234.119418563325
234.370103048779
234.620787534237
234.871472017076
235.122156502547
235.372840988024
235.623525470880
235.874209956369
236.124894441859
236.375578924732
236.626263410237
236.876947895748
237.127632381264
237.378316864158
237.629001349684
237.879685835217
238.130370318129
238.381054803673
238.631739289220
238.882423772149
239.133108257710
239.383792743276
239.634477226222
239.885161711800
240.135846197380
240.386530680342
240.637215165936
240.887899651536
241.138584137142
241.389268620125
241.639953105740
241.890637591362
242.141322074364
242.392006559997
242.642691045636
242.893375528652
243.144060014301
243.394744499957
243.645428982990
243.896113468656
244.146797954329
244.397482440005
244.648166923062
244.898851408751
245.149535894445
245.400220377517
245.650904863221
245.901589348932
246.152273832023
246.402958317745
246.653642803471
246.904327286578
247.155011772315
247.405696258059
247.656380741181
247.907065226937
248.157749712698
248.408434198463
248.659118681608
248.909803167386
249.160487653169
249.411172136329
249.661856622123
249.912541107922
250.163225591098
250.413910076909
250.664594562726
250.915279045921
251.165963531746
251.416648017579
251.667332500789
251.918016986633
252.168701472482
252.419385958336
252.670070441569
252.920754927434
253.171439413305
253.422123896555
253.672808382438
253.923492868324
254.174177351589
254.424861837488
254.675546323392
254.926230806675
255.176915292591
255.427599778510
255.678284264436
255.928968747740
256.179653233677
256.430337719620
256.681022202938
256.931706688892
257.182391174851
257.433075658189
257.683760144159
257.934444630133
258.185129113486
258.435813599473
258.686498085465
258.937182568836
259.187867054839
259.438551540844
259.689236026858
259.939920510251
260.190604996276
260.441289482306
260.691973965715
260.942658451753
261.193342937800
261.444027421225
261.694711907283
261.945396393346
262.196080876785
262.446765362859
262.697449848938
262.948134332396
263.198818818487
263.449503304579
263.700187790680
263.950872274160
264.201556760272
264.452241246390
264.702925729886
264.953610216011
265.204294702145
265.454979185658
265.705663671802
265.956348157952
266.207032641481
266.457717127639
266.708401613805
266.959086099977
267.209770583528
267.460455069710
267.711139555895
267.961824039462
268.212508525661
268.463193011865
268.713877495448
268.964561981660
269.215246467881
269.465930951480
269.716615437711
269.967299923948
270.217984407564
270.468668893808
270.719353380061
270.970037866319
271.220722349956
271.471406836226
271.722091322497
271.972775806150
272.223460292436
272.474144778726
272.724829262396
272.975513748697
273.226198235001
273.476882718687
273.727567205004
273.978251691327
274.228936175029
274.479620661363
274.730305147699
274.980989634043
275.231674117767
275.482358604122
275.733043090479
275.983727574219
276.234412060590
276.485096546967
276.735781030722
276.986465517110
277.237150003499
277.487834487271
277.738518973675
277.989203460084
278.239887946498
278.490572430291
278.741256916712
278.991941403143
279.242625886952
279.493310373393
279.743994859839
279.994679343664
280.245363830119
280.496048316582
280.746732800421
280.997417286894
281.248101773371
281.498786257228
281.749470743717
282.000155230210
282.250839716710
282.501524200589
282.752208687097
283.002893173613
283.253577657507
283.504262144032
283.754946630564
284.005631114474
284.256315601015
284.507000087563
284.757684571488
285.008369058046
285.259053544610
285.509738028551
285.760422515124
286.011107001704
286.261791488287
286.512475972251
286.763160458846
287.013844945445
287.264529429424
287.515213916034
287.765898402651
288.016582886646
288.267267373272
288.517951859905
288.768636343915
289.019320830557
289.270005317206
289.520689803858
289.771374287890
290.022058774554
290.272743261222
290.523427745270
290.774112231950
291.024796718635
291.275481202698
291.526165689394
291.776850176094
292.027534660173
292.278219146885
292.528903633601
292.779588117696
293.030272604423
293.280957091156
293.531641577893
293.782326062008
294.033010548756
294.283695035510
294.534379519641
294.785064006406
295.035748493174
295.286432977322
295.537117464102
295.787801950887
296.038486435050
296.289170921845
296.539855408646
296.790539892825
297.041224379636
297.291908866452
297.542593353274
297.793277837474
298.043962324305
298.294646811143
298.545331295359
298.796015782206
299.046700269059
299.297384753290
299.548069240154
299.798753727021
300.049438211269
300.300122698148
300.550807185032
300.801491671922
301.052176156190
301.302860643089
301.553545129995
301.804229614279
302.054914101193
302.305598588115
302.556283072414
302.806967559345
303.057652046281
303.308336530597
303.559021017542
303.809705504495
304.060389988826
304.311074475787
304.561758962755
304.812443449727
305.063127934079
305.313812421062
305.564496908050
305.815181392417
306.065865879415
306.316550366419
306.567234850802
306.817919337815
307.068603824835
307.319288309232
307.569972796262
307.820657283297
308.071341767710
308.322026254755
308.572710741806
308.823395228861
309.074079713295
309.324764200362
309.575448687432
309.826133171882
310.076817658964
310.327502146049
310.578186630514
310.828871117611
311.079555604713
311.330240089193
311.580924576305
311.831609063423
312.082293550546
312.332978035046
312.583662522180
312.834347009317
313.085031493834
313.335715980983
313.586400468135
313.837084952667
314.087769439831
314.338453926999
314.589138411546
314.839822898726
315.090507385910
315.341191870472
315.591876357667
315.842560844867
316.093245332072
316.343929816655
316.594614303869
316.845298791089
317.095983275688
317.346667762917
317.597352250153
317.848036734766
318.098721222012
318.349405709262
318.600090193891
318.850774681153
319.101459168418
319.352143653063
319.602828140339
319.853512627620
320.104197114906
320.354881599572
320.605566086867
320.856250574169
321.106935058850
321.357619546161
321.608304033478
321.858988518174
322.109673005500
322.360357492833
322.611041977544
322.861726464885
323.112410952233
323.363095439584
323.613779924316
323.864464411679
324.115148899045
324.365833383792
324.616517871169
324.867202358552
325.117886843314
325.368571330706
325.619255818104
325.869940302881
326.120624790288
326.371309277702
326.621993762494
326.872678249916
327.123362737345
327.374047224777
327.624731709590
327.875416197034
328.126100684481
328.376785169309
328.627469656768
328.878154144230
329.128838629073
329.379523116547
329.630207604025
329.880892088882
330.131576576370
330.382261063864
330.632945548737
330.883630036240
331.134314523749
331.384999011262
331.635683496155
331.886367983679
332.137052471207
332.387736956115
332.638421443654
332.889105931197
333.139790416120
333.390474903674
333.641159391232
333.891843876170
334.142528363739
334.393212851313
334.643897338892
334.894581823849
335.145266311438
335.395950799033
335.646635284005
335.897319771608
336.148004259218
336.398688744204
336.649373231823
336.900057719446
337.150742204448
337.401426692082
337.652111179721
337.902795664738
338.153480152387
338.404164640041
338.654849127700
338.905533612737
339.156218100405
339.406902588079
339.657587073131
339.908271560814
340.158956048503
 70.0
    0.0
