 Lunes                  31  de diciembre  de         2012
S D : 16.3
PMG : 12  3.2
S D : 15.0
Edad : 17.6
PMG :  2  2
PHE :  4 55.2
PHE : 12 55.3
PHE : 20 55.4
R¼ PMG  46
& 0  179 15.6 - 23  4.8  330 23.5     + 13 25.5      60 N  15  4  16  1  16 57  19 20   79   9 42   15
& 1  194 15.3 - 23  4.7  344 55.6 131 + 13 16.9  86  58    15 21  16 12  17  4  19 27   75   9 35   17
& 2  209 15.0 - 23  4.5  359 27.7 131 + 13  8.3  86  56    15 35  16 22  17 11  19 32   73   9 29   19
& 3  224 14.7 - 23  4.3   13 59.8 131 + 12 59.5  88  54    15 48  16 31  17 17  19 37   71   9 23   22
& 4  239 14.4 - 23  4.1   28 31.9 131 + 12 50.7  88  52    15 58  16 39  17 23  19 41   69   9 18   24
& 5  254 14.1 - 23  3.9   43  4.1 132 + 12 41.9  88  50    16  8  16 46  17 28  19 45   68   9 14   25
& 6  269 13.8 - 23  3.7   57 36.2 131 + 12 32.9  90  45    16 28  17  2  17 39  19 54   63   9  4   28
& 7  284 13.5 - 23  3.5   72  8.4 132 + 12 24.0  89  40    16 45  17 15  17 49  20  1   60   8 56   31
& 8  299 13.2 - 23  3.3   86 40.7 133 + 12 14.9  91  35    16 59  17 27  17 58  20  7   58   8 49   33
& 9  314 12.9 - 23  3.1  101 12.9 132 + 12  5.8  91  30    17 11  17 37  18  7  20 12   56   8 43   35
&10  329 12.6 - 23  2.9  115 45.1 132 + 11 56.7  91  20    17 32  17 56  18 23  20 21   52   8 32   39
&11  344 12.3 - 23  2.7  130 17.4 133 + 11 47.4  93  10 N  17 50  18 13  18 39  20 29   49   8 22   43
&12  359 12.0 - 23  2.6  144 49.7 133 + 11 38.2  92   0    18  7  18 29  18 56  20 37   45   8 13   46
&13   14 11.7 - 23  2.4  159 22.0 133 + 11 28.8  94  10 S  18 24  18 47  19 14  20 45   42   8  4   49
&14   29 11.4 - 23  2.2  173 54.3 133 + 11 19.4  94  20    18 43  19  7  19 36  20 53   38   7 55   51
&15   44 11.2 - 23  2.0  188 26.6 133 + 11 10.0  94  30    19  4  19 32  20  5  21  2   35   7 43   56
&16   59 10.9 - 23  1.8  202 59.0 134 + 11  0.5  95  35    19 17  19 47  20 23  21  7   33   7 37   58
&17   74 10.6 - 23  1.6  217 31.3 133 + 10 50.9  96  40    19 32  20  5  20 46  21 13   30   7 30   60
&18   89 10.3 - 23  1.4  232  3.7 134 + 10 41.3  96  45    19 50  20 27  21 16  21 20   27   7 21   63
&19  104 10.0 - 23  1.2  246 36.1 134 + 10 31.6  97  50    20 12  20 56  22  0  21 28   24   7 10   67
&20  119  9.7 - 23  1.0  261  8.5 134 + 10 21.9  97  52    20 22  21 10  22 26  21 32   22   7  6   68
&21  134  9.4 - 23  0.8  275 40.9 134 + 10 12.1  98  54    20 34  21 28  23  6  21 36   20   7  0   71
&22  149  9.1 - 23  0.6  290 13.3 134 + 10  2.3  98  56    20 48  21 49  ** **  21 41   18   6 54   73
&23  164  8.8 - 23  0.4  304 45.7 134 +  9 52.4  99  58    21  4  22 17  ** **  21 46   16   6 48   74
&24  179  8.5 - 23  0.1  319 18.2 135 +  9 42.5  99  60 S  21 24  23  0  ** **  21 51   14   6 40   77
PMG Aries : 17 17.9
Mag. :- 3.9
PMG : 10 32
Mag. :+ 1.2
PMG : 13 46
Mag. :- 2.7
PMG : 21 42
Mag. :+ 0.6
PMG :  7 51
& 0   99 49.5  202 14.9 - 22 12.1  153 19.4 - 20 23.9   33 36.5 + 20 55.0  241 59.9 - 12 25.6
& 1  114 52.0  217 14.0 - 22 12.5  168 19.8 - 20 23.4   48 39.2 + 20 55.0  257  2.2 - 12 25.7
& 2  129 54.4  232 13.1 - 22 12.9  183 20.3 - 20 22.9   63 41.9 + 20 55.0  272  4.4 - 12 25.7
& 3  144 56.9  247 12.2 - 22 13.3  198 20.7 - 20 22.4   78 44.7 + 20 54.9  287  6.7 - 12 25.8
& 4  159 59.4  262 11.3 - 22 13.6  213 21.1 - 20 22.0   93 47.4 + 20 54.9  302  9.0 - 12 25.8
& 5  175  1.8  277 10.4 - 22 14.0  228 21.6 - 20 21.5  108 50.1 + 20 54.9  317 11.2 - 12 25.9
& 6  190  4.3  292  9.5 - 22 14.3  243 22.0 - 20 21.0  123 52.8 + 20 54.9  332 13.5 - 12 26.0
& 7  205  6.8  307  8.6 - 22 14.7  258 22.4 - 20 20.6  138 55.5 + 20 54.8  347 15.8 - 12 26.0
& 8  220  9.2  322  7.7 - 22 15.1  273 22.8 - 20 20.1  153 58.3 + 20 54.8    2 18.1 - 12 26.1
& 9  235 11.7  337  6.8 - 22 15.4  288 23.3 - 20 19.6  169  1.0 + 20 54.8   17 20.3 - 12 26.1
&10  250 14.2  352  5.9 - 22 15.8  303 23.7 - 20 19.1  184  3.7 + 20 54.7   32 22.6 - 12 26.2
&11  265 16.6    7  5.0 - 22 16.1  318 24.1 - 20 18.7  199  6.4 + 20 54.7   47 24.9 - 12 26.2
&12  280 19.1   22  4.2 - 22 16.5  333 24.6 - 20 18.2  214  9.1 + 20 54.7   62 27.1 - 12 26.3
&13  295 21.6   37  3.3 - 22 16.9  348 25.0 - 20 17.7  229 11.9 + 20 54.6   77 29.4 - 12 26.3
&14  310 24.0   52  2.4 - 22 17.2    3 25.4 - 20 17.3  244 14.6 + 20 54.6   92 31.7 - 12 26.4
&15  325 26.5   67  1.5 - 22 17.6   18 25.9 - 20 16.8  259 17.3 + 20 54.6  107 34.0 - 12 26.4
&16  340 28.9   82  0.6 - 22 17.9   33 26.3 - 20 16.3  274 20.0 + 20 54.6  122 36.2 - 12 26.5
&17  355 31.4   96 59.7 - 22 18.3   48 26.7 - 20 15.8  289 22.7 + 20 54.5  137 38.5 - 12 26.5
&18   10 33.9  111 58.8 - 22 18.6   63 27.2 - 20 15.4  304 25.5 + 20 54.5  152 40.8 - 12 26.6
&19   25 36.3  126 57.9 - 22 19.0   78 27.6 - 20 14.9  319 28.2 + 20 54.5  167 43.0 - 12 26.7
&20   40 38.8  141 57.0 - 22 19.3   93 28.0 - 20 14.4  334 30.9 + 20 54.4  182 45.3 - 12 26.7
&21   55 41.3  156 56.1 - 22 19.7  108 28.5 - 20 13.9  349 33.6 + 20 54.4  197 47.6 - 12 26.8
&22   70 43.7  171 55.2 - 22 20.0  123 28.9 - 20 13.4    4 36.3 + 20 54.4  212 49.9 - 12 26.8
&23   85 46.2  186 54.3 - 22 20.3  138 29.3 - 20 13.0   19 39.0 + 20 54.3  227 52.1 - 12 26.9
&24  100 48.7  201 53.4 - 22 20.7  153 29.8 - 20 12.5   34 41.7 + 20 54.3  242 54.4 - 12 26.9
DIF                -  9      -  4      +  4      +  5      + 27      +  0      + 23      -  1
\def\figlun{FigLuna08.epsf scaled 120}
