                                 
   2451904.125000          18.2194622        - 22.263437       403013.051
   2451904.125694          18.2200633        - 22.263999       403014.400
   2451904.126389          18.2206643        - 22.264560       403015.749
   2451904.127083          18.2212653        - 22.265120       403017.098
   2451904.127778          18.2218664        - 22.265681       403018.446
   2451904.128472          18.2224674        - 22.266240       403019.794
   2451904.129167          18.2230684        - 22.266799       403021.142
   2451904.129861          18.2236695        - 22.267358       403022.490
   2451904.130556          18.2242705        - 22.267916       403023.837
   2451904.131250          18.2248715        - 22.268474       403025.184
   2451904.131944          18.2254726        - 22.269031       403026.531
   2451904.132639          18.2260736        - 22.269587       403027.878
   2451904.133333          18.2266747        - 22.270143       403029.224
   2451904.134028          18.2272757        - 22.270699       403030.571
   2451904.134722          18.2278767        - 22.271254       403031.917
   2451904.135417          18.2284778        - 22.271809       403033.262
   2451904.136111          18.2290788        - 22.272363       403034.608
   2451904.136806          18.2296799        - 22.272916       403035.953
   2451904.137500          18.2302809        - 22.273470       403037.298
   2451904.138194          18.2308820        - 22.274022       403038.643
   2451904.138889          18.2314830        - 22.274574       403039.988
   2451904.139583          18.2320841        - 22.275126       403041.332
   2451904.140278          18.2326851        - 22.275677       403042.676
   2451904.140972          18.2332862        - 22.276228       403044.020
   2451904.141667          18.2338872        - 22.276778       403045.363
   2451904.142361          18.2344883        - 22.277327       403046.707
   2451904.143056          18.2350893        - 22.277876       403048.050
   2451904.143750          18.2356904        - 22.278425       403049.393
   2451904.144444          18.2362914        - 22.278973       403050.735
   2451904.145139          18.2368925        - 22.279521       403052.078
   2451904.145833          18.2374935        - 22.280068       403053.420
   2451904.146528          18.2380946        - 22.280614       403054.762
   2451904.147222          18.2386956        - 22.281160       403056.104
   2451904.147917          18.2392967        - 22.281706       403057.445
   2451904.148611          18.2398978        - 22.282251       403058.786
   2451904.149306          18.2404988        - 22.282796       403060.127
   2451904.150000          18.2410999        - 22.283340       403061.468
   2451904.150694          18.2417009        - 22.283883       403062.809
   2451904.151389          18.2423020        - 22.284426       403064.149
   2451904.152083          18.2429031        - 22.284969       403065.489
   2451904.152778          18.2435041        - 22.285511       403066.829
   2451904.153472          18.2441052        - 22.286053       403068.168
   2451904.154167          18.2447063        - 22.286594       403069.508
   2451904.154861          18.2453073        - 22.287134       403070.847
   2451904.155556          18.2459084        - 22.287674       403072.186
   2451904.156250          18.2465094        - 22.288214       403073.524
   2451904.156944          18.2471105        - 22.288753       403074.863
   2451904.157639          18.2477116        - 22.289292       403076.201
   2451904.158333          18.2483126        - 22.289830       403077.539
   2451904.159028          18.2489137        - 22.290367       403078.876
   2451904.159722          18.2495148        - 22.290904       403080.214
   2451904.160417          18.2501159        - 22.291441       403081.551
   2451904.161111          18.2507169        - 22.291977       403082.888
   2451904.161806          18.2513180        - 22.292513       403084.224
   2451904.162500          18.2519191        - 22.293048       403085.561
   2451904.163194          18.2525201        - 22.293582       403086.897
   2451904.163889          18.2531212        - 22.294116       403088.233
   2451904.164583          18.2537223        - 22.294650       403089.569
   2451904.165278          18.2543233        - 22.295183       403090.904
   2451904.165972          18.2549244        - 22.295715       403092.240
   2451904.166667          18.2555255        - 22.296247       403093.575
   2451904.167361          18.2561266        - 22.296779       403094.909
   2451904.168056          18.2567277        - 22.297310       403096.244
   2451904.168750          18.2573287        - 22.297841       403097.578
   2451904.169444          18.2579298        - 22.298371       403098.912
   2451904.170139          18.2585309        - 22.298900       403100.246
   2451904.170833          18.2591320        - 22.299429       403101.580
   2451904.171528          18.2597330        - 22.299958       403102.913
   2451904.172222          18.2603341        - 22.300486       403104.246
   2451904.172917          18.2609352        - 22.301014       403105.579
   2451904.173611          18.2615363        - 22.301541       403106.912
   2451904.174306          18.2621374        - 22.302067       403108.244
   2451904.175000          18.2627385        - 22.302593       403109.576
   2451904.175694          18.2633395        - 22.303119       403110.908
   2451904.176389          18.2639406        - 22.303644       403112.240
   2451904.177083          18.2645417        - 22.304168       403113.571
   2451904.177778          18.2651428        - 22.304692       403114.902
   2451904.178472          18.2657439        - 22.305216       403116.233
   2451904.179167          18.2663450        - 22.305739       403117.564
   2451904.179861          18.2669460        - 22.306261       403118.894
   2451904.180556          18.2675471        - 22.306784       403120.225
   2451904.181250          18.2681482        - 22.307305       403121.555
   2451904.181944          18.2687493        - 22.307826       403122.884
   2451904.182639          18.2693504        - 22.308347       403124.214
   2451904.183333          18.2699515        - 22.308867       403125.543
   2451904.184028          18.2705526        - 22.309386       403126.872
   2451904.184722          18.2711537        - 22.309905       403128.201
   2451904.185417          18.2717548        - 22.310424       403129.530
   2451904.186111          18.2723558        - 22.310942       403130.858
   2451904.186806          18.2729569        - 22.311459       403132.186
   2451904.187500          18.2735580        - 22.311976       403133.514
   2451904.188194          18.2741591        - 22.312493       403134.841
   2451904.188889          18.2747602        - 22.313009       403136.169
   2451904.189583          18.2753613        - 22.313524       403137.496
   2451904.190278          18.2759624        - 22.314039       403138.823
   2451904.190972          18.2765635        - 22.314554       403140.149
   2451904.191667          18.2771646        - 22.315068       403141.476
   2451904.192361          18.2777657        - 22.315581       403142.802
   2451904.193056          18.2783668        - 22.316094       403144.128
   2451904.193750          18.2789679        - 22.316607       403145.453
   2451904.194444          18.2795690        - 22.317119       403146.779
   2451904.195139          18.2801701        - 22.317631       403148.104
   2451904.195833          18.2807712        - 22.318142       403149.429
   2451904.196528          18.2813723        - 22.318652       403150.754
   2451904.197222          18.2819734        - 22.319162       403152.078
   2451904.197917          18.2825745        - 22.319672       403153.402
   2451904.198611          18.2831756        - 22.320181       403154.726
   2451904.199306          18.2837767        - 22.320689       403156.050
   2451904.200000          18.2843778        - 22.321197       403157.374
   2451904.200694          18.2849789        - 22.321705       403158.697
   2451904.201389          18.2855800        - 22.322212       403160.020
   2451904.202083          18.2861811        - 22.322718       403161.343
   2451904.202778          18.2867822        - 22.323224       403162.665
   2451904.203472          18.2873833        - 22.323730       403163.988
   2451904.204167          18.2879844        - 22.324235       403165.310
   2451904.204861          18.2885855        - 22.324739       403166.631
   2451904.205556          18.2891866        - 22.325243       403167.953
   2451904.206250          18.2897877        - 22.325747       403169.274
   2451904.206944          18.2903888        - 22.326250       403170.595
   2451904.207639          18.2909899        - 22.326752       403171.916
   2451904.208333          18.2915910        - 22.327254       403173.237
   2451904.209028          18.2921921        - 22.327756       403174.557
   2451904.209722          18.2927932        - 22.328256       403175.878
   2451904.210417          18.2933943        - 22.328757       403177.197
   2451904.211111          18.2939954        - 22.329257       403178.517
   2451904.211806          18.2945965        - 22.329756       403179.836
   2451904.212500          18.2951976        - 22.330255       403181.156
   2451904.213194          18.2957987        - 22.330754       403182.475
   2451904.213889          18.2963999        - 22.331252       403183.793
   2451904.214583          18.2970010        - 22.331749       403185.112
   2451904.215278          18.2976021        - 22.332246       403186.430
   2451904.215972          18.2982032        - 22.332743       403187.748
   2451904.216667          18.2988043        - 22.333239       403189.066
   2451904.217361          18.2994054        - 22.333734       403190.383
   2451904.218056          18.3000065        - 22.334229       403191.700
   2451904.218750          18.3006076        - 22.334724       403193.017
   2451904.219444          18.3012087        - 22.335218       403194.334
   2451904.220139          18.3018098        - 22.335711       403195.651
   2451904.220833          18.3024110        - 22.336204       403196.967
   2451904.221528          18.3030121        - 22.336696       403198.283
   2451904.222222          18.3036132        - 22.337188       403199.599
   2451904.222917          18.3042143        - 22.337680       403200.914
   2451904.223611          18.3048154        - 22.338171       403202.230
   2451904.224306          18.3054165        - 22.338661       403203.545
   2451904.225000          18.3060176        - 22.339151       403204.860
   2451904.225694          18.3066188        - 22.339641       403206.174
   2451904.226389          18.3072199        - 22.340130       403207.489
   2451904.227083          18.3078210        - 22.340618       403208.803
   2451904.227778          18.3084221        - 22.341106       403210.117
   2451904.228472          18.3090232        - 22.341593       403211.430
   2451904.229167          18.3096243        - 22.342080       403212.744
   2451904.229861          18.3102254        - 22.342567       403214.057
   2451904.230556          18.3108266        - 22.343053       403215.370
   2451904.231250          18.3114277        - 22.343538       403216.682
   2451904.231944          18.3120288        - 22.344023       403217.995
   2451904.232639          18.3126299        - 22.344508       403219.307
   2451904.233333          18.3132310        - 22.344992       403220.619
   2451904.234028          18.3138321        - 22.345475       403221.931
   2451904.234722          18.3144333        - 22.345958       403223.242
   2451904.235417          18.3150344        - 22.346440       403224.553
   2451904.236111          18.3156355        - 22.346922       403225.864
   2451904.236806          18.3162366        - 22.347404       403227.175
   2451904.237500          18.3168377        - 22.347885       403228.486
   2451904.238194          18.3174389        - 22.348365       403229.796
   2451904.238889          18.3180400        - 22.348845       403231.106
   2451904.239583          18.3186411        - 22.349324       403232.416
   2451904.240278          18.3192422        - 22.349803       403233.725
   2451904.240972          18.3198433        - 22.350282       403235.034
   2451904.241667          18.3204444        - 22.350760       403236.343
   2451904.242361          18.3210456        - 22.351237       403237.652
   2451904.243056          18.3216467        - 22.351714       403238.961
   2451904.243750          18.3222478        - 22.352190       403240.269
   2451904.244444          18.3228489        - 22.352666       403241.577
   2451904.245139          18.3234501        - 22.353142       403242.885
   2451904.245833          18.3240512        - 22.353616       403244.193
   2451904.246528          18.3246523        - 22.354091       403245.500
   2451904.247222          18.3252534        - 22.354565       403246.807
   2451904.247917          18.3258545        - 22.355038       403248.114
   2451904.248611          18.3264557        - 22.355511       403249.421
   2451904.249306          18.3270568        - 22.355983       403250.727
   2451904.250000          18.3276579        - 22.356455       403252.033
   2451904.250694          18.3282590        - 22.356927       403253.339
   2451904.251389          18.3288602        - 22.357398       403254.645
   2451904.252083          18.3294613        - 22.357868       403255.950
   2451904.252778          18.3300624        - 22.358338       403257.255
   2451904.253472          18.3306635        - 22.358807       403258.560
   2451904.254167          18.3312646        - 22.359276       403259.865
   2451904.254861          18.3318658        - 22.359745       403261.169
   2451904.255556          18.3324669        - 22.360212       403262.473
   2451904.256250          18.3330680        - 22.360680       403263.777
   2451904.256944          18.3336691        - 22.361147       403265.081
   2451904.257639          18.3342703        - 22.361613       403266.385
   2451904.258333          18.3348714        - 22.362079       403267.688
   2451904.259028          18.3354725        - 22.362544       403268.991
   2451904.259722          18.3360736        - 22.363009       403270.294
   2451904.260417          18.3366748        - 22.363473       403271.596
   2451904.261111          18.3372759        - 22.363937       403272.898
   2451904.261806          18.3378770        - 22.364401       403274.200
   2451904.262500          18.3384781        - 22.364864       403275.502
   2451904.263194          18.3390793        - 22.365326       403276.804
   2451904.263889          18.3396804        - 22.365788       403278.105
   2451904.264583          18.3402815        - 22.366249       403279.406
   2451904.265278          18.3408826        - 22.366710       403280.707
   2451904.265972          18.3414838        - 22.367170       403282.007
   2451904.266667          18.3420849        - 22.367630       403283.308
   2451904.267361          18.3426860        - 22.368089       403284.608
   2451904.268056          18.3432871        - 22.368548       403285.908
   2451904.268750          18.3438883        - 22.369007       403287.207
   2451904.269444          18.3444894        - 22.369465       403288.507
   2451904.270139          18.3450905        - 22.369922       403289.806
   2451904.270833          18.3456916        - 22.370379       403291.104
   2451904.271528          18.3462928        - 22.370835       403292.403
   2451904.272222          18.3468939        - 22.371291       403293.701
   2451904.272917          18.3474950        - 22.371746       403295.000
   2451904.273611          18.3480961        - 22.372201       403296.298
   2451904.274306          18.3486973        - 22.372655       403297.595
   2451904.275000          18.3492984        - 22.373109       403298.893
   2451904.275694          18.3498995        - 22.373562       403300.190
   2451904.276389          18.3505007        - 22.374015       403301.487
   2451904.277083          18.3511018        - 22.374468       403302.783
   2451904.277778          18.3517029        - 22.374919       403304.080
   2451904.278472          18.3523040        - 22.375371       403305.376
   2451904.279167          18.3529052        - 22.375822       403306.672
   2451904.279861          18.3535063        - 22.376272       403307.968
   2451904.280556          18.3541074        - 22.376722       403309.263
   2451904.281250          18.3547085        - 22.377171       403310.558
   2451904.281944          18.3553097        - 22.377620       403311.853
   2451904.282639          18.3559108        - 22.378068       403313.148
   2451904.283333          18.3565119        - 22.378516       403314.442
   2451904.284028          18.3571130        - 22.378963       403315.737
   2451904.284722          18.3577142        - 22.379410       403317.031
   2451904.285417          18.3583153        - 22.379856       403318.324
   2451904.286111          18.3589164        - 22.380302       403319.618
   2451904.286806          18.3595175        - 22.380747       403320.911
   2451904.287500          18.3601187        - 22.381192       403322.204
   2451904.288194          18.3607198        - 22.381636       403323.497
   2451904.288889          18.3613209        - 22.382080       403324.790
   2451904.289583          18.3619221        - 22.382523       403326.082
   2451904.290278          18.3625232        - 22.382966       403327.374
   2451904.290972          18.3631243        - 22.383409       403328.666
   2451904.291667          18.3637254        - 22.383850       403329.957
   2451904.292361          18.3643265        - 22.384292       403331.249
   2451904.293056          18.3649277        - 22.384732       403332.540
   2451904.293750          18.3655288        - 22.385173       403333.831
   2451904.294444          18.3661299        - 22.385612       403335.121
   2451904.295139          18.3667311        - 22.386052       403336.411
   2451904.295833          18.3673322        - 22.386490       403337.702
   2451904.296528          18.3679333        - 22.386929       403338.991
   2451904.297222          18.3685344        - 22.387366       403340.281
   2451904.297917          18.3691356        - 22.387804       403341.570
   2451904.298611          18.3697367        - 22.388240       403342.860
   2451904.299306          18.3703378        - 22.388677       403344.148
   2451904.300000          18.3709389        - 22.389112       403345.437
   2451904.300694          18.3715401        - 22.389548       403346.725
   2451904.301389          18.3721412        - 22.389982       403348.014
   2451904.302083          18.3727423        - 22.390417       403349.302
   2451904.302778          18.3733434        - 22.390850       403350.589
   2451904.303472          18.3739446        - 22.391284       403351.877
   2451904.304167          18.3745457        - 22.391716       403353.164
   2451904.304861          18.3751468        - 22.392149       403354.451
   2451904.305556          18.3757479        - 22.392580       403355.737
   2451904.306250          18.3763490        - 22.393012       403357.024
   2451904.306944          18.3769502        - 22.393442       403358.310
   2451904.307639          18.3775513        - 22.393873       403359.596
   2451904.308333          18.3781524        - 22.394302       403360.882
   2451904.309028          18.3787535        - 22.394732       403362.167
   2451904.309722          18.3793547        - 22.395160       403363.452
   2451904.310417          18.3799558        - 22.395588       403364.737
   2451904.311111          18.3805569        - 22.396016       403366.022
   2451904.311806          18.3811580        - 22.396443       403367.307
   2451904.312500          18.3817592        - 22.396870       403368.591
   2451904.313194          18.3823603        - 22.397296       403369.875
   2451904.313889          18.3829614        - 22.397722       403371.159
   2451904.314583          18.3835625        - 22.398147       403372.442
   2451904.315278          18.3841637        - 22.398572       403373.725
   2451904.315972          18.3847648        - 22.398996       403375.008
   2451904.316667          18.3853659        - 22.399420       403376.291
   2451904.317361          18.3859670        - 22.399843       403377.574
   2451904.318056          18.3865681        - 22.400266       403378.856
   2451904.318750          18.3871693        - 22.400688       403380.138
   2451904.319444          18.3877704        - 22.401110       403381.420
   2451904.320139          18.3883715        - 22.401531       403382.701
   2451904.320833          18.3889726        - 22.401951       403383.983
   2451904.321528          18.3895737        - 22.402372       403385.264
   2451904.322222          18.3901749        - 22.402791       403386.544
   2451904.322917          18.3907760        - 22.403211       403387.825
   2451904.323611          18.3913771        - 22.403629       403389.105
   2451904.324306          18.3919782        - 22.404047       403390.385
   2451904.325000          18.3925793        - 22.404465       403391.665
   2451904.325694          18.3931804        - 22.404882       403392.945
   2451904.326389          18.3937816        - 22.405299       403394.224
   2451904.327083          18.3943827        - 22.405715       403395.503
   2451904.327778          18.3949838        - 22.406131       403396.782
   2451904.328472          18.3955849        - 22.406546       403398.061
   2451904.329167          18.3961860        - 22.406961       403399.339
   2451904.329861          18.3967872        - 22.407375       403400.617
   2451904.330556          18.3973883        - 22.407788       403401.895
   2451904.331250          18.3979894        - 22.408201       403403.173
   2451904.331944          18.3985905        - 22.408614       403404.450
   2451904.332639          18.3991916        - 22.409026       403405.727
   2451904.333333          18.3997927        - 22.409438       403407.004