 2460309.5   5.147693085642   5.153715158632  -0.354368199311  -0.353434179427  4.377486 12.6 2460310.04382587      99.00000000
 2460310.5   5.153885450601   5.159904093071  -0.353649142819  -0.352702429623  4.381062 12.5 2460311.04207638      99.00000000
 2460311.5   5.160081861278   5.166096852736  -0.352914697787  -0.351955292969  4.384468 12.5 2460312.04032749      99.00000000
 2460312.5   5.166281959393   5.172293145976  -0.352164937650  -0.351192813938  4.387702 12.5 2460313.03857914      99.00000000
 2460313.5   5.172485321507   5.178492631600  -0.351399942383  -0.350415050492  4.390764 12.5 2460314.03683126      99.00000000
 2460314.5   5.178691576058   5.184695029123  -0.350619793592  -0.349622071125  4.393654 12.5 2460315.03508380      99.00000000
 2460315.5   5.184900284647   5.190899992327  -0.349824580354  -0.348813963446  4.396371 12.5 2460316.03333668      99.00000000
 2460316.5   5.191111057778   5.197107213785  -0.349014394082  -0.347990831762  4.398914 12.5 2460317.03158986      99.00000000
 2460317.5   5.197323435143   5.203316288690  -0.348189335197  -0.347152806562  4.401283 12.5 2460318.02984326      99.00000000
 2460318.5   5.203537000425   5.209526808551  -0.347349507959  -0.346300039107  4.403477 12.5 2460319.02809681      99.00000000
 2460319.5   5.209751262120   5.215738222768  -0.346495027911  -0.345432703428  4.405495 12.5 2460320.02635043      99.00000000
 2460320.5   5.215965770401   5.221949950603  -0.345626016232  -0.344550976813  4.407338 12.4 2460321.02460404      99.00000000
 2460321.5   5.222180002596   5.228161290313  -0.344742607053  -0.343655027782  4.409004 12.4 2460322.02285757      99.00000000
 2460322.5   5.228393486178   5.234371596336  -0.343844940059  -0.342744991182  4.410493 12.4 2460323.02111093      99.00000000
 2460323.5   5.234605690778   5.240580236125  -0.342933166480  -0.341820970482  4.411806 12.4 2460324.01936403      99.00000000
 2460324.5   5.240816155137   5.246786757870  -0.342007439444  -0.340883042188  4.412942 12.4 2460325.01761682      99.00000000
 2460325.5   5.247024379288   5.252990776822  -0.341067919251  -0.339931286687  4.413902 12.4 2460326.01586920      99.00000000
 2460326.5   5.253229947255   5.259192052148  -0.340114763104  -0.338965799296  4.414685 12.4 2460327.01412112      99.00000000
 2460327.5   5.259432412811   5.265390314487  -0.339148131594  -0.337986701280  4.415293 12.3 2460328.01237252      99.00000000
 2460328.5   5.265631415404   5.271585330213  -0.338168179249  -0.336994105414  4.415725 12.3 2460329.01062334      99.00000000
 2460329.5   5.271826561002   5.277776689445  -0.337175062784  -0.335988047235  4.415982 12.3 2460330.00887349      99.00000000
 2460330.5   5.278017534964   5.283963417225  -0.336168932237  -0.334968573368  4.416064 12.3 2460331.00712275      99.00000000
 2460331.5   5.284203981779   5.290144771677  -0.335149940372  -0.333937644970  4.415971 12.3 2460332.00537136      99.00000000
 2460332.5   5.290385617633   5.296322957242  -0.334118233806  -0.332894751580  4.415705 12.3 2460333.00361936      99.00000000
 2460333.5   5.296562110500   5.302496319431  -0.333073963118  -0.331838769941  4.415264 12.3 2460334.00186651      99.00000000
 2460334.5   5.302733193008   5.308664038317  -0.332017273719  -0.330770275971  4.414649 12.3 2460335.00011277      99.00000000
 2460335.5   5.308898543102   5.314825739218  -0.330948316539  -0.329689579541  4.413861 12.4 2460335.99835808      99.00000000
 2460336.5   5.315057897415   5.320981153714  -0.329867238535  -0.328596854129  4.412900 12.4 2460336.99660241      99.00000000
 2460337.5   5.321210932799   5.327129976832  -0.328774193813  -0.327492239526  4.411765 12.4 2460337.99484571      99.00000000
 2460338.5   5.327357380564   5.333271983343  -0.327669333621  -0.326375859310  4.410457 12.4 2460338.99308793      99.00000000
 2460339.5   5.333496909061   5.339406907269  -0.326552817760  -0.325247843717  4.408975 12.4 2460339.99132902      99.00000000
 2460340.5   5.339629238733   5.345534550124  -0.325424803967  -0.324108324675  4.407321 12.4 2460340.98956894      99.00000000
 2460341.5   5.345754025355   5.351654656420  -0.324285459606  -0.322957451233  4.405493 12.4 2460341.98780764      99.00000000
 2460342.5   5.351870975196   5.357767020766  -0.323134950551  -0.321795380612  4.403492 12.5 2460342.98604507      99.00000000
 2460343.5   5.357979728023   5.363871362433  -0.321973453370  -0.320622292583  4.401318 12.5 2460343.98428118      99.00000000
 2460344.5   5.364079971492   5.369967429300  -0.320801143981  -0.319438379806  4.398971 12.5 2460344.98251592      99.00000000
 2460345.5   5.370171323190   5.376054866406  -0.319618210627  -0.318243862448  4.396451 12.5 2460345.98074922      99.00000000
 2460346.5   5.376253444063   5.382133313442  -0.318424842550  -0.317038975960  4.393757 12.5 2460346.97898105      99.00000000
 2460347.5   5.382325920215   5.388202273790  -0.317221243779  -0.315823979704  4.390891 12.5 2460347.97721132      99.00000000
 2460348.5   5.388388377538   5.394261229881  -0.316007621436  -0.314599132642  4.387852 12.5 2460348.97543997      99.00000000
 2460349.5   5.394440367018   5.400309555852  -0.314784199352  -0.313364688421  4.384640 12.5 2460349.97366694      99.00000000
 2460350.5   5.400481485360   5.406346695026  -0.313551204428  -0.312120863693  4.381257 12.5 2460350.97189215      99.00000000
 2460351.5   5.406511267735   5.412372118641  -0.312308878302  -0.310867845551  4.377701 12.5 2460351.97011552      99.00000000
 2460352.5   5.412529314719   5.418385487726  -0.311057460673  -0.309605791647  4.373974 12.6 2460352.96833700      99.00000000
 2460353.5   5.418535187213   5.424386524989  -0.309797199525  -0.308334872478  4.370078 12.6 2460353.96655652      99.00000000
 2460354.5   5.424528529994   5.430375069885  -0.308528333767  -0.307055282309  4.366011 12.6 2460354.96477403      99.00000000
 2460355.5   5.430508958877   5.436350894584  -0.307251105271  -0.305767261869  4.361777 12.6 2460355.96298947      99.00000000
 2460356.5   5.436476175425   5.442313779146  -0.305965743453  -0.304471074617  4.357375 12.6 2460356.96120280      99.00000000
 2460357.5   5.442429847108   5.448263389647  -0.304672480084  -0.303167004778  4.352806 12.6 2460357.95941397      99.00000000
 2460358.5   5.448369718321   5.454199409612  -0.303371535143  -0.301855326825  4.348073 12.6 2460358.95762295      99.00000000
 2460359.5   5.454295489644   5.460121446153  -0.302063132904  -0.300536310816  4.343174 12.6 2460359.95582967      99.00000000
 2460360.5   5.460206929786   5.466029165579  -0.300747487600  -0.299210202242  4.338112 12.6 2460360.95403412      99.00000000
 2460361.5   5.466103756235   5.471922191928  -0.299424819820  -0.297877236825  4.332887 12.6 2460361.95223624      99.00000000
 2460362.5   5.471985748642   5.477800232523  -0.298095341554  -0.296537625892  4.327501 12.6 2460362.95043599      99.00000000
 2460363.5   5.477852630380   5.483662967425  -0.296759272824  -0.295191575211  4.321952 12.6 2460363.94863333      99.00000000
 2460364.5   5.483704182616   5.489510167186  -0.295416826241  -0.293839272464  4.316244 12.6 2460364.94682823      99.00000000
 2460365.5   5.489540126152   5.495341574560  -0.294068224004  -0.292480908414  4.310375 12.6 2460365.94502064      99.00000000
 2460366.5   5.495360235880   5.501157014824  -0.292713682053  -0.291116665307  4.304348 12.6 2460366.94321052      99.00000000
 2460367.5   5.501164222817   5.506956270585  -0.291353427457  -0.289746738920  4.298162 12.6 2460367.94139783      99.00000000
 2460368.5   5.506951849026   5.512739187188  -0.289987682119  -0.288371325994  4.291818 12.7 2460368.93958254      99.00000000
 2460369.5   5.512722809883   5.518505544821  -0.288616680514  -0.286990645218  4.285317 12.7 2460369.93776459      99.00000000
 2460370.5   5.518476849369   5.524255163557  -0.287240652942  -0.285604922444  4.278659 12.7 2460370.93594394      99.00000000
 2460371.5   5.524213642223   5.529987775849  -0.285859843686  -0.284214410326  4.271846 12.7 2460371.93412055      99.00000000
 2460372.5   5.529932909126   5.535703132114  -0.284474493990  -0.282819371668  4.264876 12.7 2460372.93229438      99.00000000
 2460373.5   5.535634298176   5.541400872664  -0.283084860863  -0.281420098017  4.257752 12.7 2460373.93046535      99.00000000
 2460374.5   5.541317499641   5.547080633827  -0.281691199987  -0.280016890016  4.250474 12.7 2460374.92863344      99.00000000
 2460375.5   5.546982126986   5.552741925981  -0.280293785225  -0.278610071003  4.243043 12.7 2460375.92679857      99.00000000
 2460376.5   5.552627832504   5.558384258751  -0.278892891175  -0.277199958156  4.235458 12.7 2460376.92496069      99.00000000
 2460377.5   5.558254190644   5.564007054620  -0.277488812509  -0.275786866283  4.227721 12.7 2460377.92311972      99.00000000
 2460378.5   5.563860818655   5.569609820802  -0.276081844626  -0.274371073368  4.219834 12.7 2460378.92127560      99.00000000
 2460379.5   5.569447266599   5.575192093741  -0.274672300855  -0.272952834318  4.211796 12.7 2460379.91942826      99.00000000
 2460380.5   5.575013145300   5.580753589267  -0.273260489619  -0.271532374292  4.203609 12.7 2460380.91757763      99.00000000
 2460381.5   5.580558020460   5.586294061862  -0.271846729462  -0.270109936053  4.195275 12.7 2460381.91572365      99.00000000
 2460382.5   5.586081539675   5.591813353888  -0.270431325025  -0.268685785784  4.186795 12.7 2460382.91386628      99.00000000
 2460383.5   5.591583319525   5.597311209324  -0.269014583925  -0.267260240561  4.178170 12.7 2460383.91200545      99.00000000
 2460384.5   5.597063063005   5.602787360508  -0.267596795487  -0.265833635404  4.169402 12.7 2460384.91014112      99.00000000
 2460385.5   5.602520437432   5.608241420780  -0.266178251468  -0.264406322479  4.160493 12.7 2460385.90827324      99.00000000
 2460386.5   5.607955186640   5.613673032976  -0.264759227002  -0.262978632910  4.151443 12.7 2460386.90640178      99.00000000
 2460387.5   5.613367007033   5.619081780811  -0.263340002997  -0.261550888742  4.142256 12.7 2460387.90452667      99.00000000
 2460388.5   5.618755661079   5.624467326242  -0.261920846886  -0.260123380303  4.132931 12.7 2460388.90264790      99.00000000
 2460389.5   5.624120855307   5.629829300181  -0.260502034965  -0.258696389813  4.123471 12.7 2460389.90076539      99.00000000
 2460390.5   5.629462356268   5.635167423391  -0.259083832153  -0.257270173755  4.113876 12.7 2460390.89887913      99.00000000
 2460391.5   5.634779869892   5.640481387043  -0.257666514181  -0.255844988352  4.104148 12.7 2460391.89698906      99.00000000
 2460392.5   5.640073158709   5.645770968843  -0.256250346639  -0.254421071595  4.094289 12.7 2460392.89509514      99.00000000
 2460393.5   5.645341921264   5.651035909745  -0.254835607421  -0.252998669204  4.084299 12.7 2460393.89319733      99.00000000
 2460394.5   5.650585909641   5.656276026438  -0.253422565418  -0.251578016873  4.074180 12.7 2460394.89129558      99.00000000
 2460395.5   5.655804808334   5.661491082819  -0.252011503465  -0.250159367443  4.063932 12.7 2460395.88938984      99.00000000
 2460396.5   5.660998351912   5.666680897643  -0.250602696809  -0.248742973235  4.053558 12.7 2460396.88748009      99.00000000
 2460397.5   5.666166203406   5.671845211593  -0.249196436555  -0.247329113138  4.043058 12.7 2460397.88556625      99.00000000
 2460398.5   5.671308072375   5.676983793715  -0.247793007824  -0.245918073010  4.032433 12.7 2460398.88364829      99.00000000
 2460399.5   5.676423593006   5.682096309351  -0.246392713623  -0.244510170668  4.021684 12.7 2460399.88172615      99.00000000
 2460400.5   5.681512442716   5.687182430892  -0.244995852640  -0.243105732755  4.010813 12.7 2460400.87979978      99.00000000
 2460401.5   5.686574219920   5.692241711413  -0.243602743544  -0.241705116601  3.999821 12.7 2460401.87786911      99.00000000
 2460402.5   5.691608563157   5.697273704284  -0.242213702439  -0.240308682742  3.988708 12.7 2460402.87593409      99.00000000
 2460403.5   5.696615028710   5.702277849004  -0.240829067562  -0.238916812189  3.977477 12.7 2460403.87399465      99.00000000
 2460404.5   5.701593211105   5.707253610724  -0.239449176119  -0.237529872547  3.966127 12.7 2460404.87205071      99.00000000
 2460405.5   5.706542622397   5.712200391544  -0.238074388664  -0.236148230466  3.954662 12.7 2460405.87010220      99.00000000
 2460406.5   5.711462816965   5.717117695553  -0.236705064056  -0.234772217080  3.943081 12.7 2460406.86814904      99.00000000
 2460407.5   5.716353275873   5.722005046709  -0.235341581857  -0.233402150943  3.931386 12.7 2460407.86619115      99.00000000
 2460408.5   5.721213538418   5.726862122764  -0.233984313930  -0.232038325363  3.919580 12.7 2460408.86422846      99.00000000
 2460409.5   5.726043090712   5.731688600720  -0.232633644552  -0.230681057078  3.907664 12.7 2460409.86226088      99.00000000
 2460410.5   5.730841498395   5.736484215824  -0.231289940429  -0.229330682886  3.895641 12.7 2460410.86028836      99.00000000
 2460411.5   5.735608289967   5.741248581884  -0.229953572325  -0.227987590825  3.883511 12.7 2460411.85831083      99.00000000
 2460412.5   5.740343081244   5.745981296814  -0.228624887892  -0.226652180965  3.871277 12.7 2460412.85632822      99.00000000
 2460413.5   5.745045448545   5.750681841888  -0.227304237766  -0.225324868627  3.858942 12.7 2460413.85434047      99.00000000
 2460414.5   5.749715046582   5.755349744733  -0.225991951443  -0.224006039665  3.846508 12.7 2460414.85234753      99.00000000
 2460415.5   5.754351477898   5.759984487770  -0.224688365741  -0.222696068256  3.833975 12.7 2460415.85034934      99.00000000
 2460416.5   5.758954411627   5.764585649029  -0.223393800728  -0.221395290766  3.821347 12.7 2460416.84834583      99.00000000
 2460417.5   5.763523454538   5.769152780661  -0.222108588044  -0.220104037249  3.808626 12.7 2460417.84633695      99.00000000
 2460418.5   5.768058273126   5.773685529753  -0.220833045500  -0.218822610420  3.795812 12.7 2460418.84432264      99.00000000
 2460419.5   5.772558466305   5.778183506813  -0.219567504909  -0.217551317785  3.782909 12.7 2460419.84230284      99.00000000
 2460420.5   5.777023689626   5.782646405098  -0.218312285647  -0.216290448482  3.769917 12.7 2460420.84027750      99.00000000
 2460421.5   5.781453527961   5.787073868534  -0.217067722585  -0.215040304414  3.756838 12.7 2460421.83824654      99.00000000
 2460422.5   5.785847620374   5.791465610735  -0.215834139235  -0.213801176460  3.743675 12.6 2460422.83620991      99.00000000
 2460423.5   5.790205531623   5.795821278953  -0.214611876305  -0.212573376872  3.730429 12.6 2460423.83416754      99.00000000
 2460424.5   5.794526877014   5.800140568569  -0.213401264782  -0.211357216312  3.717102 12.6 2460424.83211938      99.00000000
 2460425.5   5.798811192491   5.804423080933  -0.212202655283  -0.210153037253  3.703695 12.6 2460425.83006534      99.00000000
 2460426.5   5.803058059745   5.808668435745  -0.211016391024  -0.208961189591  3.690210 12.6 2460426.82800537      99.00000000
 2460427.5   5.807266975465   5.812876130178  -0.209842837744  -0.207782061383  3.676649 12.6 2460427.82593938      99.00000000
 2460428.5   5.811437477549   5.817045660097  -0.208682356210  -0.206616049021  3.663013 12.6 2460428.82386730      99.00000000
 2460429.5   5.815569014334   5.821176392095  -0.207535332319  -0.205463582233  3.649304 12.6 2460429.82178904      99.00000000
 2460430.5   5.819661072707   5.825267702771  -0.206402148752  -0.204325087762  3.635524 12.6 2460430.81970452      99.00000000
 2460431.5   5.823713047966   5.829318868212  -0.205283214910  -0.203201009906  3.621675 12.6 2460431.81761364      99.00000000
 2460432.5   5.827724374645   5.833329221009  -0.204178937312  -0.202091770941  3.607757 12.6 2460432.81551632      99.00000000
 2460433.5   5.831694398059   5.837298051159  -0.203089748807  -0.200997792618  3.593775 12.6 2460433.81341243      99.00000000
 2460434.5   5.835622509439   5.841224765693  -0.202016076915  -0.199919461858  3.579728 12.6 2460434.81130189      99.00000000
 2460435.5   5.839508020913   5.845108772289  -0.200958371358  -0.198857164809  3.565620 12.6 2460435.80918458      99.00000000
 2460436.5   5.843350306119   5.848949601056  -0.199917069563  -0.197811268998  3.551453 12.6 2460436.80706042      99.00000000
 2460437.5   5.847148677782   5.852746734732  -0.198892622587  -0.196782172561  3.537229 12.6 2460437.80492928      99.00000000
 2460438.5   5.850902529947   5.856499691074  -0.197885459304  -0.195770287833  3.522951 12.6 2460438.80279108      99.00000000
 2460439.5   5.854611211282   5.860207853434  -0.196896013786  -0.194776074208  3.508622 12.5 2460439.80064573      99.00000000
 2460440.5   5.858274161276   5.863870602516  -0.195924691937  -0.193799992977  3.494244 12.5 2460440.79849312      99.00000000
 2460441.5   5.861890773941   5.867487211895  -0.194971903279  -0.192842518050  3.479821 12.5 2460441.79633318      99.00000000
 2460442.5   5.865460527532   5.871057023372  -0.194038030834  -0.191904086315  3.465353 12.5 2460442.79416581      99.00000000
 2460443.5   5.868982842799   5.874579342515  -0.193123465850  -0.190985121974  3.450846 12.5 2460443.79199093      99.00000000
 2460444.5   5.872457212779   5.878053587201  -0.192228578093  -0.190086005288  3.436300 12.5 2460444.78980845      99.00000000
 2460445.5   5.875883061517   5.881479149405  -0.191353750673  -0.189207111514  3.421719 12.5 2460445.78761828      99.00000000
 2460446.5   5.879259877614   5.884855522928  -0.190499348826  -0.188348785153  3.407105 12.5 2460446.78542034      99.00000000
 2460447.5   5.882587074504   5.888182155542  -0.189665754072  -0.187511379247  3.392461 12.5 2460447.78321454      99.00000000
 2460448.5   5.885864127137   5.891458577987  -0.188853331577  -0.186695226437  3.377789 12.5 2460448.78100079      99.00000000
 2460449.5   5.889090432205   5.894684257865  -0.188062464265  -0.185900676227  3.363091 12.5 2460449.77877900      99.00000000
 2460450.5   5.892265446194   5.897858731253  -0.187293519557  -0.185128064506  3.348371 12.5 2460450.77654908      99.00000000
 2460451.5   5.895388543866   5.900981453554  -0.186546884213  -0.184377751931  3.333630 12.5 2460451.77431093      99.00000000
 2460452.5   5.898459156447   5.904051927231  -0.185822931084  -0.183650094612  3.318871 12.4 2460452.77206447      99.00000000
 2460453.5   5.901476627573   5.907069544987  -0.185122055123  -0.182945484489  3.304096 12.4 2460453.76980959      99.00000000
 2460454.5   5.904440351565   5.910033714658  -0.184444640237  -0.182264319195  3.289307 12.4 2460454.76754620      99.00000000
 2460455.5   5.907349627500   5.912943703769  -0.183791096212  -0.181607039466  3.274508 12.4 2460455.76527419      99.00000000
 2460456.5   5.910203799124   5.915798778351  -0.183161824976  -0.180974091398  3.259700 12.4 2460456.76299344      99.00000000
 2460457.5   5.913002109052   5.918598068363  -0.182557257446  -0.180365955015  3.244886 12.4 2460457.76070385      99.00000000
 2460458.5   5.915743842604   5.921340734353  -0.181977818068  -0.179783097229  3.230068 12.4 2460458.75840530      99.00000000
 2460459.5   5.918428184004   5.924025853776  -0.181423960575  -0.179225996161  3.215250 12.4 2460459.75609765      99.00000000
 2460460.5   5.921054365383   5.926652599115  -0.180896130095  -0.178695094859  3.200432 12.4 2460460.75378078      99.00000000
 2460461.5   5.923621525367   5.929220116548  -0.180394797511  -0.178190833657  3.185620 12.4 2460461.75145456      99.00000000
 2460462.5   5.926128863104   5.931727683655  -0.179920419098  -0.177713615152  3.170814 12.3 2460462.74911885      99.00000000
 2460463.5   5.928575498560   5.934174553782  -0.179473469727  -0.177263850245  3.156019 12.3 2460463.74677353      99.00000000
 2460464.5   5.930960630473   5.936560079426  -0.179054400524  -0.176841933082  3.141237 12.3 2460464.74441846      99.00000000
 2460465.5   5.933283396305   5.938883527684  -0.178663671842  -0.176448291253  3.126472 12.3 2460465.74205350      99.00000000
 2460466.5   5.935543030893   5.941144199018  -0.178301710518  -0.176083353367  3.111728 12.3 2460466.73967856      99.00000000
 2460467.5   5.937738721468   5.943341263563  -0.177968944895  -0.175747583188  3.097008 12.3 2460467.73729349      99.00000000
 2460468.5   5.939869762170   5.945473925662  -0.177665764177  -0.175441426568  3.082315 12.3 2460468.73489819      99.00000000
 2460469.5   5.941935400499   5.947541303479  -0.177392557471  -0.175165332625  3.067653 12.3 2460469.73249254      99.00000000
 2460470.5   5.943934986956   5.949542618301  -0.177149675846  -0.174919699754  3.053026 12.3 2460470.73007645      99.00000000
 2460471.5   5.945867815362   5.951477065530  -0.176937474390  -0.174704909136  3.038437 12.2 2460471.72764979      99.00000000
 2460472.5   5.947733272395   5.953343978209  -0.176756274748  -0.174521286344  3.023890 12.2 2460472.72521247      99.00000000
 2460473.5   5.949530676893   5.955142666076  -0.176606407658  -0.174369148316  3.009388 12.2 2460473.72276438      99.00000000
 2460474.5   5.951259433288   5.956872560502  -0.176488173926  -0.174248770252  2.994935 12.2 2460474.72030544      99.00000000
 2460475.5   5.952918871843   5.958533044345  -0.176401886354  -0.174160433183  2.980534 12.2 2460475.71783553      99.00000000
 2460476.5   5.954508406165   5.960123600004  -0.176347828962  -0.174104387282  2.966188 12.2 2460476.71535456      99.00000000
 2460477.5   5.956027373201   5.961643642000  -0.176326298788  -0.174080896924  2.951901 12.2 2460477.71286242      99.00000000
 2460478.5   5.957475193119   5.963092670020  -0.176337564180  -0.174090201635  2.937677 12.2 2460478.71035904      99.00000000
 2460479.5   5.958851207058   5.964470099143  -0.176381907417  -0.174132561994  2.923518 12.1 2460479.70784430      99.00000000
 2460480.5   5.960154837629   5.965775410202  -0.176459582964  -0.174208221602  2.909429 12.1 2460480.70531811      99.00000000
 2460481.5   5.961385422984   5.967007971314  -0.176570861641  -0.174317455572  2.895411 12.1 2460481.70278038      99.00000000
 2460482.5   5.962542377350   5.968167185205  -0.176715989157  -0.174460532053  2.881470 12.1 2460482.70023101      99.00000000
 2460483.5   5.963625021845   5.969252311753  -0.176895231632  -0.174637757626  2.867607 12.1 2460483.69766989      99.00000000
 2460484.5   5.964632747107   5.970262633853  -0.177108833422  -0.174849429130  2.853827 12.1 2460484.69509693      99.00000000
 2460485.5   5.965564844296   5.971197308523  -0.177357062247  -0.175095866925  2.840133 12.1 2460485.69251202      99.00000000
 2460486.5   5.966420674330   5.972055570585  -0.177640164051  -0.175377354323  2.826528 12.0 2460486.68991506      99.00000000
 2460487.5   5.967199503168   5.972836606462  -0.177958405629  -0.175694167397  2.813016 12.0 2460487.68730592      99.00000000
 2460488.5   5.967900680096   5.973539759329  -0.178312025242  -0.176046520651  2.799600 12.0 2460488.68468451      99.00000000
 2460489.5   5.968523476901   5.974164372525  -0.178701272873  -0.176434613279  2.786285 12.0 2460489.68205070      99.00000000
 2460490.5   5.969067272274   5.974709953507  -0.179126358062  -0.176858591365  2.773074 12.0 2460490.67940442      99.00000000
 2460491.5   5.969531390265   5.975175975634  -0.179587490083  -0.177318606086  2.759972 12.0 2460491.67674553      99.00000000
 2460492.5   5.969915286150   5.975562023088  -0.180084825382  -0.177814776626  2.746982 11.9 2460492.67407398      99.00000000
 2460493.5   5.970218380191   5.975867591726  -0.180618509735  -0.178347241573  2.734109 11.9 2460493.67138966      99.00000000
 2460494.5   5.970440242091   5.976092256598  -0.181188626810  -0.178916107956  2.721358 11.9 2460494.66869252      99.00000000
 2460495.5   5.970580417866   5.976235501985  -0.181795243443  -0.179521489050  2.708733 11.9 2460495.66598248      99.00000000
 2460496.5   5.970638611390   5.976296923499  -0.182438360158  -0.180163441687  2.696238 11.9 2460496.66325951      99.00000000
 2460497.5   5.970614503555   5.976276078079  -0.183117959974  -0.180842000886  2.683878 11.9 2460497.66052355      99.00000000
 2460498.5   5.970507931351   5.976172693350  -0.183833960690  -0.181557120850  2.671657 11.9 2460498.65777458      99.00000000
 2460499.5   5.970318701161   5.975986502392  -0.184586266291  -0.182308721136  2.659580 11.8 2460499.65501257      99.00000000
 2460500.5   5.970046768540   5.975717431867  -0.185374719405  -0.183096639546  2.647651 11.8 2460500.65223751      99.00000000
 2460501.5   5.969692049226   5.975365410311  -0.186199153473  -0.183920689046  2.635874 11.8 2460501.64944940      99.00000000
 2460502.5   5.969254602884   5.974930542265  -0.187059343749  -0.184780614742  2.624254 11.8 2460502.64664823      99.00000000
 2460503.5   5.968734443883   5.974412907862  -0.187955059167  -0.185676151594  2.612794 11.8 2460503.64383402      99.00000000
 2460504.5   5.968131729700   5.973812740895  -0.188886011550  -0.186606977894  2.601499 11.8 2460504.64100679      99.00000000
 2460505.5   5.967446570848   5.973130230667  -0.189851907473  -0.187572770535  2.590373 11.7 2460505.63816656      99.00000000
 2460506.5   5.966679222495   5.972365706466  -0.190852396407  -0.188573155682  2.579419 11.7 2460506.63531338      99.00000000
 2460507.5   5.965829891551   5.971519437459  -0.191887123559  -0.189607764524  2.568642 11.7 2460507.63244727      99.00000000
 2460508.5   5.964898929439   5.970591816156  -0.192955678003  -0.190676184514  2.558046 11.7 2460508.62956829      99.00000000
 2460509.5   5.963886634452   5.969583149495  -0.194057647384  -0.191778017650  2.547634 11.7 2460509.62667651      99.00000000
 2460510.5   5.962793444531   5.968493839859  -0.195192566580  -0.192912831163  2.537410 11.7 2460510.62377198      99.00000000
 2460511.5   5.961619735036   5.967324176764  -0.196359974117  -0.194080212446  2.527378 11.6 2460511.62085476      99.00000000
 2460512.5   5.960366013795   5.966074539218  -0.197559360173  -0.195279708708  2.517541 11.6 2460512.61792495      99.00000000
 2460513.5   5.959032719112   5.964745221358  -0.198790222226  -0.196510867479  2.507904 11.6 2460513.61498260      99.00000000
 2460514.5   5.957620424045   5.963336680752  -0.200052008957  -0.197773162154  2.498470 11.6 2460514.61202782      99.00000000
 2460515.5   5.956129641770   5.961849387833  -0.201344171664  -0.199066031165  2.489242 11.6 2460515.60906066      99.00000000
 2460516.5   5.954561043295   5.960284063974  -0.202666102178  -0.200388817185  2.480224 11.5 2460516.60608125      99.00000000
 2460517.5   5.952915268748   5.958641477021  -0.204017180994  -0.201740831665  2.471422 11.5 2460517.60308968      99.00000000
 2460518.5   5.951193151140   5.956922620246  -0.205396713118  -0.203121313915  2.462838 11.5 2460518.60008608      99.00000000
 2460519.5   5.949395522852   5.955128467639  -0.206803978329  -0.204529501365  2.454476 11.5 2460519.59707060      99.00000000
 2460520.5   5.947523435526   5.953260156185  -0.208238169891  -0.205964577545  2.446341 11.5 2460520.59404340      99.00000000
 2460521.5   5.945577955756   5.951318767032  -0.209698449801  -0.207425725932  2.438437 11.5 2460521.59100465      99.00000000
 2460522.5   5.943560379579   5.949305545829  -0.211183891004  -0.208912062832  2.430767 11.4 2460522.58795456      99.00000000
 2460523.5   5.941472019008   5.947221709011  -0.212693536660  -0.210422684339  2.423337 11.4 2460523.58489334      99.00000000
 2460524.5   5.939314413912   5.945068681087  -0.214226344391  -0.211956598127  2.416149 11.4 2460524.58182123      99.00000000
 2460525.5   5.937089112107   5.942847900167  -0.215781248127  -0.213512775737  2.409207 11.4 2460525.57873847      99.00000000
 2460526.5   5.934797880763   5.940561049437  -0.217357103276  -0.215090091780  2.402515 11.4 2460526.57564535      99.00000000
 2460527.5   5.932442481910   5.938209844929  -0.218952750143  -0.216687386173  2.396077 11.3 2460527.57254214      99.00000000
 2460528.5   5.930024885126   5.935796251034  -0.220566959110  -0.218303411671  2.389895 11.3 2460528.56942915      99.00000000
 2460529.5   5.927547040417   5.933322248792  -0.222198494601  -0.219936903100  2.383972 11.3 2460529.56630668      99.00000000
 2460530.5   5.925011093980   5.930790041862  -0.223846059381  -0.221586527480  2.378312 11.3 2460530.56317508      99.00000000
 2460531.5   5.922419159932   5.928201817146  -0.225508358337  -0.223250953567  2.372918 11.3 2460531.56003468      99.00000000
 2460532.5   5.919773539792   5.925559953589  -0.227184041612  -0.224928799164  2.367791 11.2 2460532.55688583      99.00000000
 2460533.5   5.917076492957   5.922866784121  -0.228871768252  -0.226618698101  2.362934 11.2 2460533.55372890      99.00000000
 2460534.5   5.914330458856   5.920124810360  -0.230570148725  -0.228319244862  2.358349 11.2 2460534.55056427      99.00000000
 2460535.5   5.911537824665   5.917336463597  -0.232277809155  -0.230029061042  2.354039 11.2 2460535.54739232      99.00000000
 2460536.5   5.908701148177   5.914504319754  -0.233993334131  -0.231746739927  2.350005 11.2 2460536.54421345      99.00000000
 2460537.5   5.905822921049   5.911630853837  -0.235715332277  -0.233470913937  2.346249 11.1 2460537.54102805      99.00000000
 2460538.5   5.902905791112   5.908718653653  -0.237442379850  -0.235200198044  2.342772 11.1 2460538.53783655      99.00000000
 2460539.5   5.899952321395   5.905770176502  -0.239173087341  -0.236933252600  2.339576 11.1 2460539.53463934      99.00000000
 2460540.5   5.896965214257   5.902787984601  -0.240906042564  -0.238668715787  2.336663 11.1 2460540.53143685      99.00000000
 2460541.5   5.893947071875   5.899774537935  -0.242639875429  -0.240405251746  2.334032 11.0 2460541.52822948      99.00000000
 2460542.5   5.890900630591   5.896732477581  -0.244373196512  -0.242141470928  2.331686 11.0 2460542.52501766      99.00000000
 2460543.5   5.887828532196   5.893664442505  -0.246104655804  -0.243875980628  2.329625 11.0 2460543.52180180      99.00000000
 2460544.5   5.884733573938   5.890573331166  -0.247832874691  -0.245607326929  2.327850 11.0 2460544.51858234      99.00000000
 2460545.5   5.881618487959   5.887462045182  -0.249556500564  -0.247334076340  2.326362 11.0 2460545.51535972      99.00000000
 2460546.5   5.878486194553   5.884333676220  -0.251274138605  -0.249054776628  2.325163 10.9 2460546.51213438      99.00000000
 2460547.5   5.875339572338   5.881191216691  -0.252984410636  -0.250768032278  2.324253 10.9 2460547.50890678      99.00000000
 2460548.5   5.872181699514   5.878037773979  -0.254685893585  -0.252472441085  2.323633 10.9 2460548.50567742      99.00000000
 2460549.5   5.869015608146   5.874876332232  -0.256377185097  -0.254166646241  2.323303 10.9 2460549.50244676 2460550.49921531
 2460550.5   5.865844515574   5.871710010199  -0.258056847042  -0.255849262810  2.323264 10.9 2460551.49598359      99.00000000
 2460551.5   5.862671570563   5.868541838110  -0.259723473820  -0.257518932594  2.323517 11.0 2460552.49275207      99.00000000
 2460552.5   5.859500083080   5.865375012831  -0.261375636837  -0.259174259782  2.324060 11.0 2460553.48952130      99.00000000
 2460553.5   5.856333268701   5.862212660302  -0.263011952490  -0.260813875331  2.324895 11.0 2460554.48629177      99.00000000
 2460554.5   5.853174480088   5.859058077186  -0.264631026093  -0.262436380367  2.326020 11.0 2460555.48306401      99.00000000
 2460555.5   5.850026951193   5.855914479227  -0.266231518901  -0.264040415811  2.327434 11.0 2460556.47983851      99.00000000
 2460556.5   5.846894030621   5.852785232685  -0.267812091436  -0.265624609692  2.329138 11.1 2460557.47661582      99.00000000
 2460557.5   5.843778925918   5.849673592484  -0.269371469473  -0.267187648698  2.331129 11.1 2460558.47339642      99.00000000
 2460558.5   5.840684938933   5.846582927871  -0.270908386724  -0.268728226160  2.333406 11.1 2460559.47018083      99.00000000
 2460559.5   5.837615210798   5.843516456707  -0.272421649564  -0.270245112080  2.335968 11.1 2460560.46696953      99.00000000
 2460560.5   5.834572959550   5.840477472214  -0.273910078983  -0.271737098741  2.338812 11.1 2460561.46376302      99.00000000
 2460561.5   5.831561226122   5.837469079973  -0.275372574007  -0.273203067006  2.341938 11.2 2460562.46056177      99.00000000
 2460562.5   5.828583113728   5.834494429557  -0.276808053185  -0.274641929029  2.345342 11.2 2460563.45736627      99.00000000
 2460563.5   5.825641534222   5.831556454831  -0.278215517082  -0.276052691698  2.349022 11.2 2460564.45417695      99.00000000
 2460564.5   5.822739447918   5.828658107950  -0.279593989920  -0.277434398007  2.352976 11.2 2460565.45099428      99.00000000
 2460565.5   5.819879609260   5.825802100148  -0.280942581650  -0.278786188519  2.357200 11.2 2460566.44781866      99.00000000
 2460566.5   5.817064806143   5.822991137815  -0.282260430102  -0.280107240448  2.361693 11.3 2460567.44465054      99.00000000
 2460567.5   5.814297605342   5.820227671485  -0.283546762406  -0.281396823027  2.366451 11.3 2460568.44149027      99.00000000
 2460568.5   5.811580593428   5.817514152675  -0.284800836591  -0.282654227578  2.371471 11.3 2460569.43833827      99.00000000
 2460569.5   5.808916126991   5.814852818060  -0.286022000093  -0.283878811115  2.376751 11.3 2460570.43519487      99.00000000
 2460570.5   5.806306582557   5.812245986216  -0.287209627558  -0.285069920353  2.382286 11.3 2460571.43206044      99.00000000
 2460571.5   5.803754120101   5.809695860749  -0.288363172999  -0.286226942528  2.388074 11.3 2460572.42893530      99.00000000
 2460572.5   5.801260946837   5.807204794799  -0.289482102158  -0.287349255509  2.394111 11.4 2460573.42581980      99.00000000
 2460573.5   5.798829090684   5.804775013025  -0.290565940538  -0.288436308901  2.400396 11.4 2460574.42271424      99.00000000
 2460574.5   5.796460663768   5.802408794600  -0.291614207116  -0.289487586793  2.406924 11.4 2460575.41961896      99.00000000
 2460575.5   5.794157625567   5.800108174969  -0.292626467345  -0.290502669640  2.413692 11.4 2460576.41653427      99.00000000
 2460576.5   5.791922028628   5.797875178828  -0.293602275440  -0.291481162371  2.420699 11.4 2460577.41346049      99.00000000
 2460577.5   5.789755765258   5.795711596703  -0.294541234277  -0.292422730757  2.427939 11.4 2460578.41039790      99.00000000
 2460578.5   5.787660801279   5.793619262638  -0.295442942887  -0.293327028406  2.435411 11.5 2460579.40734681      99.00000000
 2460579.5   5.785638919071   5.791599834110  -0.296307057249  -0.294193746986  2.443110 11.5 2460580.40430747      99.00000000
 2460580.5   5.783691951643   5.789655047708  -0.297133237486  -0.295022560448  2.451033 11.5 2460581.40128018      99.00000000
 2460581.5   5.781821530183   5.787786475903  -0.297921206226  -0.295813185860  2.459176 11.5 2460582.39826516      99.00000000
 2460582.5   5.780029321509   5.785995765170  -0.298670694378  -0.296565333104  2.467535 11.5 2460583.39526268      99.00000000
 2460583.5   5.778316780094   5.784284384952  -0.299381497350  -0.297278766105  2.476106 11.5 2460584.39227293      99.00000000
 2460584.5   5.776685387136   5.782653860859  -0.300053420302  -0.297953252559  2.484885 11.6 2460585.38929616      99.00000000
 2460585.5   5.775136405310   5.781105522014  -0.300686333113  -0.298588623960  2.493868 11.6 2460586.38633252      99.00000000
 2460586.5   5.773671117978   5.779640730752  -0.301280115757  -0.299184725259  2.503050 11.6 2460587.38338223      99.00000000
 2460587.5   5.772290586030   5.778260629269  -0.301834712369  -0.299741473321  2.512426 11.6 2460588.38044543      99.00000000
 2460588.5   5.770995886948   5.776966367851  -0.302350076828  -0.300258805404  2.521993 11.6 2460589.37752228      99.00000000
 2460589.5   5.769787873951   5.775758854621  -0.302826225903  -0.300736734471  2.531746 11.6 2460590.37461289      99.00000000
 2460590.5   5.768667414931   5.774638986694  -0.303263185013  -0.301175295092  2.541680 11.7 2460591.37171741      99.00000000
 2460591.5   5.767635153881   5.773607406726  -0.303661040524  -0.301574595089  2.551790 11.7 2460592.36883590      99.00000000
 2460592.5   5.766691749247   5.772664738614  -0.304019885870  -0.301934759141  2.562072 11.7 2460593.36596847      99.00000000
 2460593.5   5.765837637150   5.771811351369  -0.304339873254  -0.302255977238  2.572521 11.7 2460594.36311517      99.00000000
 2460594.5   5.765073268640   5.771047600527  -0.304621160285  -0.302538445817  2.583132 11.7 2460595.36027606      99.00000000
 2460595.5   5.764398874963   5.770373604456  -0.304863960980  -0.302782411529  2.593901 11.7 2460596.35745115      99.00000000
 2460596.5   5.763814705038   5.769789502318  -0.305068492240  -0.302988107464  2.604823 11.8 2460597.35464048      99.00000000
 2460597.5   5.763320795921   5.769295256423  -0.305235022806  -0.303155791780  2.615893 11.8 2460598.35184402      99.00000000
 2460598.5   5.762917215293   5.768890931276  -0.305363817492  -0.303285685182  2.627107 11.8 2460599.34906179      99.00000000
 2460599.5   5.762603842629   5.768576499121  -0.305455181892  -0.303378021005  2.638460 11.8 2460600.34629375      99.00000000
 2460600.5   5.762380619970   5.768352077737  -0.305509403197  -0.303433007040  2.649949 11.8 2460601.34353991      99.00000000
 2460601.5   5.762247341239   5.768217660712  -0.305526792146  -0.303450899240  2.661570 11.8 2460602.34080021      99.00000000
 2460602.5   5.762203900368   5.768173284651  -0.305507625365  -0.303431968029  2.673318 11.8 2460603.33807467      99.00000000
 2460603.5   5.762250071939   5.768218755384  -0.305452191831  -0.303376546368  2.685190 11.9 2460604.33536323      99.00000000
 2460604.5   5.762385741088   5.768353879308  -0.305360743026  -0.303284958264  2.697181 11.9 2460605.33266589      99.00000000
 2460605.5   5.762610669194   5.768578275817  -0.305233546050  -0.303157543491  2.709288 11.9 2460606.32998260      99.00000000
 2460606.5   5.762924711061   5.768891650349  -0.305070838644  -0.302994591952  2.721507 11.9 2460607.32731334      99.00000000
 2460607.5   5.763327578680   5.769293597078  -0.304872883111  -0.302796390927  2.733834 11.9 2460608.32465804      99.00000000
 2460608.5   5.763819058961   5.769783832247  -0.304639920499  -0.302563181700  2.746265 11.9 2460609.32201668      99.00000000
 2460609.5   5.764398784200   5.770361964570  -0.304372221869  -0.302295217863  2.758796 11.9 2460610.31938919      99.00000000
 2460610.5   5.765066453324   5.771027708561  -0.304070040581  -0.301992724296  2.771422 11.9 2460611.31677551      99.00000000
 2460611.5   5.765821608136   5.771780651637  -0.303733661538  -0.301655952360  2.784139 12.0 2460612.31417557      99.00000000
 2460612.5   5.766663855368   5.772620467282  -0.303363352810  -0.301285135628  2.796944 12.0 2460613.31158930      99.00000000
 2460613.5   5.767592645837   5.773546686121  -0.302959414141  -0.300880542371  2.809831 12.0 2460614.30901660      99.00000000
 2460614.5   5.768607495045   5.774558907642  -0.302522128859  -0.300442430599  2.822797 12.0 2460615.30645741      99.00000000
 2460615.5   5.769707763857   5.775656571524  -0.302051812230  -0.299971099849  2.835838 12.0 2460616.30391161      99.00000000
 2460616.5   5.770892877074   5.776839165848  -0.301548763826  -0.299466845858  2.848949 12.0 2460617.30137912      99.00000000
 2460617.5   5.772162105733   5.778105999946  -0.301013315682  -0.298930010398  2.862125 12.0 2460618.29885981      99.00000000
 2460618.5   5.773514784176   5.779456413992  -0.300445784845  -0.298360933228  2.875363 12.0 2460619.29635357      99.00000000
 2460619.5   5.774950094655   5.780889560505  -0.299846521040  -0.297759997682  2.888659 12.1 2460620.29386028      99.00000000
 2460620.5   5.776467283511   5.782404622196  -0.299215859102  -0.297127578537  2.902008 12.1 2460621.29137981      99.00000000
 2460621.5   5.778065448465   5.784000606880  -0.298554166011  -0.296464083381  2.915406 12.1 2460622.28891200      99.00000000
 2460622.5   5.779743754117   5.785676575765  -0.297861793083  -0.295769897531  2.928849 12.1 2460623.28645674      99.00000000
 2460623.5   5.781501222153   5.787431452101  -0.297139122264  -0.295045423041  2.942333 12.1 2460624.28401384      99.00000000
 2460624.5   5.783336946811   5.789264259458  -0.296386517759  -0.294291022931  2.955855 12.1 2460625.28158318      99.00000000
 2460625.5   5.785249889358   5.791173941398  -0.295604370974  -0.293507061599  2.969410 12.1 2460626.27916457      99.00000000
 2460626.5   5.787239095747   5.793159598949  -0.294793050578  -0.292693855484  2.982996 12.1 2460627.27675787      99.00000000
 2460627.5   5.789303497878   5.795220294837  -0.293952945056  -0.291851725971  2.996607 12.1 2460628.27436291      99.00000000
 2460628.5   5.791442134926   5.797355247542  -0.293084410647  -0.290980967434  3.010242 12.2 2460629.27197955      99.00000000
 2460629.5   5.793653959713   5.799563580130  -0.292187812424  -0.290081913288  3.023897 12.2 2460630.26960761      99.00000000
 2460630.5   5.795938057375   5.801844472737  -0.291263473048  -0.289154900852  3.037570 12.2 2460631.26724699      99.00000000
 2460631.5   5.798293446374   5.804196926192  -0.290311717056  -0.288200312572  3.051256 12.2 2460632.26489752      99.00000000
 2460632.5   5.800719283681   5.806619980473  -0.289332825060  -0.287218507796  3.064954 12.2 2460633.26255907      99.00000000
 2460633.5   5.803214654499   5.809112557452  -0.288327083573  -0.286209844984  3.078660 12.2 2460634.26023150      99.00000000
 2460634.5   5.805778766224   5.811673713177  -0.287294743322  -0.285174620777  3.092371 12.2 2460635.25791470      99.00000000
 2460635.5   5.808410735839   5.814302462464  -0.286236070447  -0.284113116664  3.106085 12.2 2460636.25560850      99.00000000
 2460636.5   5.811109783656   5.816997982469  -0.285151304037  -0.283025561868  3.119798 12.2 2460637.25331281      99.00000000
 2460637.5   5.813875026680   5.819759398344  -0.284040705184  -0.281912191933  3.133507 12.2 2460638.25102745      99.00000000
 2460638.5   5.816705675864   5.822585965908  -0.282904512256  -0.280773212255  3.147209 12.3 2460639.24875233      99.00000000
 2460639.5   5.819600835200   5.825476857090  -0.281742988068  -0.279608851511  3.160902 12.3 2460640.24648729      99.00000000
 2460640.5   5.822559700159   5.828431347434  -0.280556374036  -0.278419319462  3.174581 12.3 2460641.24423221      99.00000000
 2460641.5   5.825581359569   5.831448609760  -0.279344936804  -0.277204856523  3.188243 12.3 2460642.24198694      99.00000000
 2460642.5   5.828664992722   5.834527903463  -0.278108922377  -0.275965690026  3.201886 12.3 2460643.23975137      99.00000000
 2460643.5   5.831809672216   5.837668369301  -0.276848603013  -0.274702083712  3.215507 12.3 2460644.23752533      99.00000000
 2460644.5   5.835014558749   5.840869214832  -0.275564231716  -0.273414294220  3.229101 12.3 2460645.23530870      99.00000000
 2460645.5   5.838278704670   5.844129508909  -0.274256089461  -0.272102619845  3.242667 12.3 2460646.23310133      99.00000000
 2460646.5   5.841601246951   5.847448367727  -0.272924439790  -0.270767354392  3.256200 12.3 2460647.23090309      99.00000000
 2460647.5   5.844981212453   5.850824759005  -0.271569575862  -0.269408831179  3.269699 12.3 2460648.22871382      99.00000000
 2460648.5   5.848417710453   5.854257701148  -0.270191774502  -0.268027370737  3.283159 12.3 2460649.22653338      99.00000000
 2460649.5   5.851909741014   5.857746087150  -0.268791342446  -0.266623318990  3.296577 12.3 2460650.22436160      99.00000000
 2460650.5   5.855456388209   5.861288899622  -0.267368569316  -0.265196991311  3.309952 12.3 2460651.22219835      99.00000000
 2460651.5   5.859056632202   5.864885047223  -0.265923772788  -0.263748710794  3.323280 12.3 2460652.22004346      99.00000000
 2460652.5   5.862709543400   5.868533579850  -0.264457250410  -0.262278756293  3.336559 12.4 2460653.21789677      99.00000000
 2460653.5   5.866414098177   5.872233517268  -0.262969323726  -0.260787408199  3.349785 12.4 2460654.21575813      99.00000000
 2460654.5   5.870169373929   5.875984043045  -0.261460288959  -0.259274906384  3.362956 12.4 2460655.21362740      99.00000000
 2460655.5   5.873974368386   5.879784305065  -0.259930460144  -0.257741506976  3.376071 12.4 2460656.21150442      99.00000000
 2460656.5   5.877828195239   5.883633573747  -0.258380118895  -0.256187449179  3.389127 12.4 2460657.20938905      99.00000000
 2460657.5   5.881729905506   5.887531015529  -0.256809557362  -0.254613014364  3.402122 12.4 2460658.20728116      99.00000000
 2460658.5   5.885678680466   5.891475844356  -0.255219028727  -0.253018483678  3.415053 12.4 2460659.20518063      99.00000000
 2460659.5   5.889673649922   5.895467126214  -0.253608792477  -0.251404176792  3.427920 12.4 2460660.20308732      99.00000000
 2460660.5   5.893714076853   5.899503986946  -0.251979068236  -0.249770386356  3.440720 12.4 2460661.20100112      99.00000000
 2460661.5   5.897799168722   5.903585473059  -0.250330085005  -0.248117404679  3.453452 12.4 2460662.19892190      99.00000000
 2460662.5   5.901928253994   5.907710778515  -0.248662038058  -0.246445464600  3.466113 12.4 2460663.19684957      99.00000000
 2460663.5   5.906100590768   5.911879083919  -0.246975139914  -0.244754786651  3.478702 12.4 2460664.19478399      99.00000000
 2460664.5   5.910315541943   5.916089736718  -0.245269576994  -0.243045541193  3.491216 12.4 2460665.19272509      99.00000000
 2460665.5   5.914572387553   5.920342051514  -0.243545559350  -0.241317908006  3.503654 12.4 2460666.19067273      99.00000000
 2460666.5   5.918870502612   5.924635469638  -0.241803275301  -0.239572039763  3.516013 12.4 2460667.18862683      99.00000000
 2460667.5   5.923209174236   5.928969360003  -0.240042939531  -0.237808116606  3.528291 12.4 2460668.18658726      99.00000000
 2460668.5   5.927587781162   5.933343186563  -0.238264746309  -0.236026302891  3.540487 12.4 2460669.18455394      99.00000000
 2460669.5   5.932005613512   5.937756320041  -0.236468917045  -0.234226797014  3.552598 12.4 2460670.18252675      99.00000000
 2460670.5   5.936462051742   5.942208210357  -0.234655653187  -0.232409785715  3.564621 12.4 2460671.18050560      99.00000000
 2460671.5   5.940956387091   5.946698200687  -0.232825184150  -0.230575493844  3.576556 12.4 2460672.17849037      99.00000000
 2460672.5   5.945487998603   5.951225696771  -0.230977720514  -0.228724139264  3.588399 12.4 2460673.17648098      99.00000000
 2460673.5   5.950056173480   5.955789979390  -0.229113502635  -0.226855983030  3.600149 12.4 2460674.17447730      99.00000000
 2460674.5   5.954660282177   5.960390373563  -0.227232754083  -0.224971282394  3.611803 12.4 2460675.17247924      99.00000000
 2460675.5   5.959299599392   5.965026070434  -0.225335730480  -0.223070336343  3.623359 12.5 2460676.17048669      99.00000000
 2460676.5   5.963973478826   5.969696313332  -0.223422672329  -0.221153430840  3.634816 12.5 2460677.16849954      99.00000000
