2460308.95464633
2460309.95086221
2460310.94756833
2460311.94474012
2460312.94234772
2460313.94035857
2460314.93873934
2460315.93745731
2460316.93648125
2460317.93578194
2460318.93533243
2460319.93510814
2460320.93508682
2460321.93524843
2460322.93557499
2460323.93605044
2460324.93666043
2460325.93739216
2460326.93823421
2460327.93917638
2460328.94020956
2460329.94132557
2460330.94251708
2460331.94377749
2460332.94510085
2460333.94648178
2460334.94791541
2460335.94939732
2460336.95092349
2460337.95249024
2460338.95409424
2460339.95573242
2460340.95740201
2460341.95910043
2460342.96082537
2460343.96257468
2460344.96434643
2460345.96613885
2460346.96795032
2460347.96977939
2460348.97162475
2460349.97348523
2460350.97535977
2460351.97724749
2460352.97914759
2460353.98105945
2460354.98298253
2460355.98491644
2460356.98686089
2460357.98881566
2460358.99078064
2460359.99275578
2460360.99474108
2460361.99673659
2460362.99874237
2460364.00075846
2460365.00278489
2460366.00482160
2460367.00686844
2460368.00892511
2460369.01099106
2460370.01306549
2460371.01514722
2460372.01723469
2460373.01932576
2460374.02141766
2460375.02350685
2460376.02558890
2460377.02765834
2460378.02970855
2460379.03173162
2460380.03371826
2460381.03565771
2460382.03753773
2460383.03934458
2460384.04106316
2460385.04267709
2460386.04416899
2460387.04552068
2460388.04671355
2460389.04772888
2460390.04854819
2460391.04915358
2460392.04952804
2460393.04965578
2460394.04952239
2460395.04911517
2460396.04842325
2460397.04743786
2460398.04615248
2460399.04456313
2460400.04266853
2460401.04047044
2460402.03797384
2460403.03518723
2460404.03212277
2460405.02879644
2460406.02522805
2460407.02144113
2460408.01746268
2460409.01332275
2460410.00905387
2460411.00469037
2460412.00026754
2460412.99582083
2460413.99138487
2460414.98699275
2460415.98267522
2460416.97846011
2460417.97437191
2460418.97043152
2460419.96665614
2460420.96305933
2460421.95965124
2460422.95643884
2460423.95342625
2460424.95061516
2460425.94800515
2460426.94559411
2460427.94337857
2460428.94135400
2460429.93951513
2460430.93785616
2460431.93637101
2460432.93505344
2460433.93389724
2460434.93289634
2460435.93204488
2460436.93133733
2460437.93076850
2460438.93033361
2460439.93002833
2460440.92984879
2460441.92979159
2460442.92985382
2460443.93003305
2460444.93032731
2460445.93073511
2460446.93125542
2460447.93188764
2460448.93263164
2460449.93348767
2460450.93445643
2460451.93553899
2460452.93673678
2460453.93805160
2460454.93948555
2460455.94104099
2460456.94272051
2460457.94452686
2460458.94646285
2460459.94853130
2460460.95073489
2460461.95307607
2460462.95555682
2460463.95817858
2460464.96094194
2460465.96384652
2460466.96689063
2460467.97007114
2460468.97338320
2460469.97682007
2460470.98037299
2460471.98403114
2460472.98778164
2460473.99160972
2460474.99549894
2460475.99943164
2460477.00338924
2460478.00735261
2460479.01130295
2460480.01522193
2460481.01909221
2460482.02289773
2460483.02662399
2460484.03025819
2460485.03378927
2460486.03720789
2460487.04050639
2460488.04367862
2460489.04671984
2460490.04962650
2460491.05239613
2460492.05502714
2460493.05751866
2460494.05987040
2460495.06208254
2460496.06415559
2460497.06609030
2460498.06788757
2460499.06954836
2460500.07107365
2460501.07246435
2460502.07372130
2460503.07484516
2460504.07583640
2460505.07669528
2460506.07742179
2460507.07801565
2460508.07847625
2460509.07880268
2460510.07899363
2460511.07904747
2460512.07896216
2460513.07873527
2460514.07836398
2460515.07784502
2460516.07717476
2460517.07634911
2460518.07536358
2460519.07421332
2460520.07289308
2460521.07139735
2460522.06972035
2460523.06785618
2460524.06579895
2460525.06354290
2460526.06108265
2460527.05841344
2460528.05553138
2460529.05243387
2460530.04911992
2460531.04559063
2460532.04184964
2460533.03790358
2460534.03376259
2460535.02944067
2460536.02495608
2460537.02033153
2460538.01559418
2460539.01077559
2460540.00591122
2460541.00103989
2460541.99620292
2460542.99144312
2460543.98680364
2460544.98232683
2460545.97805307
2460546.97401973
2460547.97026037
2460548.96680400
2460549.96367468
2460550.96089125
2460551.95846728
2460552.95641108
2460553.95472590
2460554.95341018
2460555.95245784
2460556.95185858
2460557.95159826
2460558.95165933
2460559.95202120
2460560.95266082
2460561.95355314
2460562.95467175
2460563.95598952
2460564.95747919
2460565.95911400
2460566.96086826
2460567.96271781
2460568.96464041
2460569.96661598
2460570.96862675
2460571.97065728
2460572.97269447
2460573.97472735
2460574.97674701
2460575.97874630
2460576.98071973
2460577.98266316
2460578.98457370
2460579.98644942
2460580.98828929
2460581.99009296
2460582.99186065
2460583.99359305
2460584.99529118
2460585.99695630
2460586.99858997
2460588.00019387
2460589.00176979
2460590.00331957
2460591.00484510
2460592.00634828
2460593.00783098
2460594.00929505
2460595.01074231
2460596.01217449
2460597.01359328
2460598.01500028
2460599.01639702
2460600.01778493
2460601.01916533
2460602.02053944
2460603.02190834
2460604.02327298
2460605.02463415
2460606.02599245
2460607.02734833
2460608.02870201
2460609.03005354
2460610.03140268
2460611.03274898
2460612.03409168
2460613.03542974
2460614.03676175
2460615.03808593
2460616.03940010
2460617.04070159
2460618.04198722
2460619.04325323
2460620.04449521
2460621.04570803
2460622.04688576
2460623.04802153
2460624.04910749
2460625.05013463
2460626.05109266
2460627.05196986
2460628.05275294
2460629.05342678
2460630.05397431
2460631.05437628
2460632.05461102
2460633.05465431
2460634.05447917
2460635.05405580
2460636.05335162
2460637.05233148
2460638.05095805
2460639.04919273
2460640.04699682
2460641.04433346
2460642.04117012
2460643.03748190
2460644.03325548
2460645.02849342
2460646.02321844
2460647.01747675
2460648.01133972
2460649.00490283
2460649.99828148
2460650.99160383
2460651.98500146
2460652.97859957
2460653.97250819
2460654.96681594
2460655.96158696
2460656.95686083
2460657.95265490
2460658.94896804
2460659.94578497
2460660.94308051
2460661.94082324
2460662.93897849
2460663.93751062
2460664.93638460
2460665.93556705
2460666.93502688
2460667.93473557
2460668.93466730
2460669.93479890
2460670.93510967
2460671.93558126
2460672.93619737
2460673.93694364
2460674.93780734
2460675.93877726
2460676.93984345
2460677.94099714
2460678.94223053
