136.531078000449
136.781762455014
137.032446906944
137.283131361502
137.533815816056
137.784500267980
138.035184722528
138.285869177069
138.536553631610
138.787238083520
139.037922538053
139.288606992584
139.539291444485
139.789975899005
140.040660353526
140.291344805416
140.542029259930
140.792713714440
141.043398166320
141.294082620821
141.544767075322
141.795451527192
142.046135981686
142.296820436176
142.547504890661
142.798189342517
143.048873796998
143.299558251475
143.550242703322
143.800927157789
144.051611612256
144.302296064093
144.552980518554
144.803664973011
145.054349424837
145.305033879286
145.555718333733
145.806402785550
146.057087239991
146.307771694428
146.558456148859
146.809140600663
147.059825055090
147.310509509514
147.561193961308
147.811878415725
148.062562870137
148.313247321921
148.563931776329
148.814616230734
149.065300682507
149.315985136905
149.566669591297
149.817354045689
150.068038497450
150.318722951835
150.569407406213
150.820091857965
151.070776312340
151.321460766711
151.572145218452
151.822829672817
152.073514127177
152.324198578909
152.574883033264
152.825567487617
153.076251939338
153.326936393684
153.577620848024
153.828305302363
154.078989754071
154.329674208404
154.580358662734
154.831043114433
155.081727568754
155.332412023074
155.583096474763
155.833780929076
156.084465383386
156.335149835064
156.585834289368
156.836518743667
157.087203195338
157.337887649632
157.588572103920
157.839256558208
158.089941009865
158.340625464146
158.591309918424
158.841994370072
159.092678824341
159.343363278610
159.594047730248
159.844732184510
160.095416638768
160.346101090397
160.596785544647
160.847469998896
161.098154453142
161.348838904758
161.599523358998
161.850207813232
162.100892264838
162.351576719068
162.602261173295
162.852945624893
163.103630079111
163.354314533328
163.604998984915
163.855683439127
164.106367893335
164.357052344912
164.607736799112
164.858421253310
165.109105707506
165.359790159071
165.610474613261
165.861159067444
166.111843519000
166.362527973179
166.613212427356
166.863896878903
167.114581333073
167.365265787237
167.615950238775
167.866634692936
168.117319147093
168.368003598621
168.618688052770
168.869372506918
169.120056961064
169.370741412579
169.621425866719
169.872110320851
170.122794772358
170.373479226488
170.624163680614
170.874848132110
171.125532586231
171.376217040346
171.626901491834
171.877585945945
172.128270400053
172.378954854158
172.629639305633
172.880323759729
173.131008213825
173.381692665291
173.632377119381
173.883061573467
174.133746024921
174.384430479002
174.635114933079
174.885799384526
175.136483838597
175.387168292663
175.637852744101
175.888537198163
176.139221652222
176.389906106278
176.640590557704
176.891275011751
177.141959465798
177.392643917214
177.643328371255
177.894012825293
178.144697276701
178.395381730730
178.646066184759
178.896750636157
179.147435090179
179.398119544199
179.648803995588
179.899488449599
180.150172903610
180.400857357616
180.651541808994
180.902226262993
181.152910716991
181.403595168359
181.654279622352
181.904964076341
182.155648527701
182.406332981681
182.657017435662
182.907701887012
183.158386340986
183.409070794957
183.659755248923
183.910439700261
184.161124154223
184.411808608183
184.662493059512
184.913177513466
185.163861967414
185.414546418734
185.665230872678
185.915915326620
186.166599777932
186.417284231867
186.667968685796
186.918653137099
187.169337591026
187.420022044950
187.670706498868
187.921390950158
188.172075404073
188.422759857985
188.673444309267
188.924128763173
189.174813217074
189.425497668346
189.676182122244
189.926866576138
190.177551027402
190.428235481291
190.678919935173
190.929604386429
191.180288840308
191.430973294185
191.681657748059
191.932342199302
192.183026653167
192.433711107032
192.684395558267
192.935080012127
193.185764465980
193.436448917206
193.687133371056
193.937817824904
194.188502276121
194.439186729963
194.689871183799
194.940555637635
195.191240088841
195.441924542671
195.692608996499
195.943293447695
196.193977901514
196.444662355333
196.695346806522
196.946031260334
197.196715714144
197.447400165324
197.698084619127
197.948769072928
198.199453524099
198.450137977894
198.700822431687
198.951506885475
199.202191336635
199.452875790418
199.703560244199
199.954244695351
200.204929149125
200.455613602897
200.706298054040
200.956982507806
201.207666961570
201.458351412704
201.709035866462
201.959720320217
202.210404771343
202.461089225092
202.711773678839
202.962458132582
203.213142583696
203.463827037435
203.714511491169
203.965195942276
204.215880396005
204.466564849732
204.717249300829
204.967933754550
205.218618208269
205.469302659358
205.719987113070
205.970671566781
206.221356020487
206.472040471565
206.722724925267
206.973409378965
207.224093830035
207.474778283728
207.725462737418
207.976147188479
208.226831642164
208.477516095846
208.728200546899
208.978885000576
209.229569454249
209.480253905294
209.730938358962
209.981622812628
210.232307266291
210.482991717324
210.733676170980
210.984360624635
211.235045075659
211.485729529309
211.736413982955
211.987098433971
212.237782887612
212.488467341250
212.739151792258
212.989836245891
213.240520699521
213.491205150521
213.741889604146
213.992574057766
214.243258511386
214.493942962376
214.744627415988
214.995311869599
215.245996320581
215.496680774185
215.747365227788
215.998049678762
216.248734132358
216.499418585953
216.750103036917
217.000787490506
217.251471944093
217.502156397675
217.752840848630
218.003525302207
218.254209755783
218.504894206730
218.755578660299
219.006263113867
219.256947564806
219.507632018366
219.758316471926
220.009000922857
220.259685376410
220.510369829962
220.761054280884
221.011738734429
221.262423187973
221.513107641513
221.763792092424
222.014476545960
222.265160999492
222.515845450396
222.766529903924
223.017214357447
223.267898808343
223.518583261862
223.769267715379
224.019952166267
224.270636619777
224.521321073287
224.772005524166
225.022689977669
225.273374431171
225.524058884668
225.774743335538
226.025427789031
226.276112242521
226.526796693382
226.777481146868
227.028165600350
227.278850051204
227.529534504681
227.780218958155
228.030903409000
228.281587862470
228.532272315937
228.782956769402
229.033641220237
229.284325673696
229.535010127153
229.785694577979
230.036379031431
230.287063484879
230.537747935699
230.788432389143
231.039116842583
231.289801293394
231.540485746831
231.791170200264
232.041854651068
232.292539104496
232.543223557922
232.793908011345
233.044592462139
233.295276915557
233.545961368973
233.796645819758
234.047330273168
234.298014726576
234.548699177355
234.799383630756
235.050068084157
235.300752534927
235.551436988322
235.802121441715
236.052805892478
236.303490345865
236.554174799250
236.804859252633
237.055543703386
237.306228156762
237.556912610137
237.807597060883
238.058281514252
238.308965967620
238.559650418358
238.810334871719
239.061019325080
239.311703775811
239.562388229164
239.813072682517
240.063757135866
240.314441586587
240.565126039932
240.815810493273
241.066494943986
241.317179397324
241.567863850658
241.818548301364
242.069232754693
242.319917208020
242.570601658719
242.821286112040
243.071970565361
243.322655016052
243.573339469366
243.824023922679
244.074708375988
244.325392826669
244.576077279975
244.826761733276
245.077446183950
245.328130637248
245.578815090543
245.829499541209
246.080183994500
246.330868447787
246.581552898446
246.832237351730
247.082921805009
247.333606255661
247.584290708938
247.834975162210
248.085659615481
248.336344066122
248.587028519389
248.837712972651
249.088397423286
249.339081876546
249.589766329801
249.840450780429
250.091135233681
250.341819686929
250.592504137549
250.843188590794
251.093873044035
251.344557497275
251.595241947885
251.845926401120
252.096610854353
252.347295304956
252.597979758183
252.848664211409
253.099348662005
253.350033115225
253.600717568444
253.851402019032
254.102086472245
254.352770925456
254.603455376037
254.854139829244
255.104824282447
255.355508735649
255.606193186222
255.856877639418
256.107562092613
256.358246543178
256.608930996368
256.859615449556
 70.0
